E_lab	E*/MeV	194Po	195Po	196Po	197Po	198Po	199Po	200Po	201Po	202Po	203Po	204Po
145.765	30.0	0.000E+00	0.000E+00	0.000E+00	0.000E+00	0.000E+00	0.000E+00	0.000E+00	0.000E+00	0.113E-07	0.464E-07	0.149E-08
147.007	31.0	0.000E+00	0.000E+00	0.000E+00	0.000E+00	0.000E+00	0.000E+00	0.000E+00	0.000E+00	0.116E-06	0.256E-06	0.553E-08
148.249	32.0	0.000E+00	0.000E+00	0.000E+00	0.000E+00	0.000E+00	0.000E+00	0.000E+00	0.000E+00	0.101E-05	0.129E-05	0.195E-07
149.492	33.0	0.000E+00	0.000E+00	0.000E+00	0.000E+00	0.000E+00	0.000E+00	0.000E+00	0.000E+00	0.766E-05	0.590E-05	0.652E-07
150.734	34.0	0.000E+00	0.000E+00	0.000E+00	0.000E+00	0.000E+00	0.000E+00	0.000E+00	0.521E-09	0.514E-04	0.247E-04	0.210E-06
151.977	35.0	0.000E+00	0.000E+00	0.000E+00	0.000E+00	0.000E+00	0.000E+00	0.000E+00	0.366E-07	0.293E-03	0.906E-04	0.635E-06
153.219	36.0	0.000E+00	0.000E+00	0.000E+00	0.000E+00	0.000E+00	0.000E+00	0.000E+00	0.939E-06	0.128E-02	0.268E-03	0.170E-05
154.462	37.0	0.000E+00	0.000E+00	0.000E+00	0.000E+00	0.000E+00	0.000E+00	0.000E+00	0.115E-04	0.406E-02	0.608E-03	0.389E-05
155.704	38.0	0.000E+00	0.000E+00	0.000E+00	0.000E+00	0.000E+00	0.000E+00	0.000E+00	0.844E-04	0.100E-01	0.110E-02	0.747E-05
156.946	39.0	0.000E+00	0.000E+00	0.000E+00	0.000E+00	0.000E+00	0.000E+00	0.000E+00	0.428E-03	0.207E-01	0.169E-02	0.122E-04
158.189	40.0	0.000E+00	0.000E+00	0.000E+00	0.000E+00	0.000E+00	0.000E+00	0.000E+00	0.167E-02	0.383E-01	0.230E-02	0.175E-04
159.431	41.0	0.000E+00	0.000E+00	0.000E+00	0.000E+00	0.000E+00	0.000E+00	0.000E+00	0.537E-02	0.650E-01	0.287E-02	0.222E-04
160.674	42.0	0.000E+00	0.000E+00	0.000E+00	0.000E+00	0.000E+00	0.000E+00	0.000E+00	0.146E-01	0.102E+00	0.333E-02	0.255E-04
161.916	43.0	0.000E+00	0.000E+00	0.000E+00	0.000E+00	0.000E+00	0.000E+00	0.343E-06	0.341E-01	0.149E+00	0.363E-02	0.268E-04
163.159	44.0	0.000E+00	0.000E+00	0.000E+00	0.000E+00	0.000E+00	0.000E+00	0.466E-05	0.706E-01	0.202E+00	0.374E-02	0.260E-04
164.401	45.0	0.000E+00	0.000E+00	0.000E+00	0.000E+00	0.000E+00	0.000E+00	0.406E-04	0.132E+00	0.258E+00	0.367E-02	0.237E-04
165.643	46.0	0.000E+00	0.000E+00	0.000E+00	0.000E+00	0.000E+00	0.000E+00	0.255E-03	0.227E+00	0.313E+00	0.344E-02	0.204E-04
166.886	47.0	0.000E+00	0.000E+00	0.000E+00	0.000E+00	0.000E+00	0.000E+00	0.124E-02	0.362E+00	0.362E+00	0.310E-02	0.168E-04
168.128	48.0	0.000E+00	0.000E+00	0.000E+00	0.000E+00	0.000E+00	0.000E+00	0.482E-02	0.544E+00	0.400E+00	0.269E-02	0.133E-04
169.371	49.0	0.000E+00	0.000E+00	0.000E+00	0.000E+00	0.000E+00	0.000E+00	0.155E-01	0.774E+00	0.425E+00	0.226E-02	0.101E-04
170.613	50.0	0.000E+00	0.000E+00	0.000E+00	0.000E+00	0.000E+00	0.000E+00	0.420E-01	0.105E+01	0.436E+00	0.184E-02	0.744E-05
171.856	51.0	0.000E+00	0.000E+00	0.000E+00	0.000E+00	0.000E+00	0.000E+00	0.987E-01	0.135E+01	0.431E+00	0.145E-02	0.529E-05
173.098	52.0	0.000E+00	0.000E+00	0.000E+00	0.000E+00	0.000E+00	0.000E+00	0.205E+00	0.166E+01	0.413E+00	0.112E-02	0.366E-05
174.340	53.0	0.000E+00	0.000E+00	0.000E+00	0.000E+00	0.000E+00	0.000E+00	0.381E+00	0.196E+01	0.384E+00	0.841E-03	0.243E-05
175.583	54.0	0.000E+00	0.000E+00	0.000E+00	0.000E+00	0.000E+00	0.508E-05	0.648E+00	0.220E+01	0.347E+00	0.619E-03	0.157E-05
176.825	55.0	0.000E+00	0.000E+00	0.000E+00	0.000E+00	0.000E+00	0.391E-04	0.102E+01	0.238E+01	0.304E+00	0.446E-03	0.944E-06
178.068	56.0	0.000E+00	0.000E+00	0.000E+00	0.000E+00	0.000E+00	0.224E-03	0.148E+01	0.247E+01	0.260E+00	0.315E-03	0.524E-06
179.310	57.0	0.000E+00	0.000E+00	0.000E+00	0.000E+00	0.000E+00	0.999E-03	0.204E+01	0.246E+01	0.217E+00	0.219E-03	0.186E-06
180.552	58.0	0.000E+00	0.000E+00	0.000E+00	0.000E+00	0.000E+00	0.362E-02	0.266E+01	0.237E+01	0.176E+00	0.149E-03	0.000E+00
181.795	59.0	0.000E+00	0.000E+00	0.000E+00	0.000E+00	0.000E+00	0.109E-01	0.330E+01	0.220E+01	0.140E+00	0.999E-04	0.000E+00
183.037	60.0	0.000E+00	0.000E+00	0.000E+00	0.000E+00	0.000E+00	0.282E-01	0.393E+01	0.198E+01	0.108E+00	0.658E-04	0.000E+00
184.280	61.0	0.000E+00	0.000E+00	0.000E+00	0.000E+00	0.000E+00	0.637E-01	0.452E+01	0.173E+01	0.824E-01	0.426E-04	0.000E+00
185.522	62.0	0.000E+00	0.000E+00	0.000E+00	0.000E+00	0.000E+00	0.128E+00	0.502E+01	0.147E+01	0.614E-01	0.271E-04	0.000E+00
186.765	63.0	0.000E+00	0.000E+00	0.000E+00	0.000E+00	0.194E-05	0.233E+00	0.540E+01	0.122E+01	0.449E-01	0.169E-04	0.000E+00
188.007	64.0	0.000E+00	0.000E+00	0.000E+00	0.000E+00	0.125E-04	0.389E+00	0.565E+01	0.985E+00	0.322E-01	0.103E-04	0.000E+00
189.249	65.0	0.000E+00	0.000E+00	0.000E+00	0.000E+00	0.628E-04	0.601E+00	0.576E+01	0.781E+00	0.227E-01	0.620E-05	0.000E+00
190.492	66.0	0.000E+00	0.000E+00	0.000E+00	0.000E+00	0.259E-03	0.870E+00	0.572E+01	0.607E+00	0.158E-01	0.358E-05	0.000E+00
191.734	67.0	0.000E+00	0.000E+00	0.000E+00	0.000E+00	0.904E-03	0.119E+01	0.555E+01	0.463E+00	0.108E-01	0.196E-05	0.000E+00
192.977	68.0	0.000E+00	0.000E+00	0.000E+00	0.000E+00	0.272E-02	0.155E+01	0.526E+01	0.348E+00	0.734E-02	0.940E-06	0.000E+00
194.219	69.0	0.000E+00	0.000E+00	0.000E+00	0.000E+00	0.716E-02	0.193E+01	0.488E+01	0.258E+00	0.491E-02	0.311E-06	0.000E+00
195.462	70.0	0.000E+00	0.000E+00	0.000E+00	0.000E+00	0.168E-01	0.231E+01	0.443E+01	0.188E+00	0.325E-02	0.000E+00	0.000E+00
196.704	71.0	0.000E+00	0.000E+00	0.000E+00	0.000E+00	0.355E-01	0.268E+01	0.395E+01	0.136E+00	0.213E-02	0.000E+00	0.000E+00
197.946	72.0	0.000E+00	0.000E+00	0.000E+00	0.000E+00	0.686E-01	0.301E+01	0.346E+01	0.970E-01	0.139E-02	0.000E+00	0.000E+00
199.189	73.0	0.000E+00	0.000E+00	0.000E+00	0.000E+00	0.122E+00	0.328E+01	0.297E+01	0.686E-01	0.897E-03	0.000E+00	0.000E+00
200.431	74.0	0.000E+00	0.000E+00	0.000E+00	0.570E-06	0.202E+00	0.349E+01	0.252E+01	0.481E-01	0.575E-03	0.000E+00	0.000E+00
201.674	75.0	0.000E+00	0.000E+00	0.000E+00	0.313E-05	0.312E+00	0.362E+01	0.210E+01	0.334E-01	0.367E-03	0.000E+00	0.000E+00
202.916	76.0	0.000E+00	0.000E+00	0.000E+00	0.140E-04	0.457E+00	0.366E+01	0.173E+01	0.231E-01	0.232E-03	0.000E+00	0.000E+00
204.159	77.0	0.000E+00	0.000E+00	0.000E+00	0.530E-04	0.636E+00	0.363E+01	0.140E+01	0.158E-01	0.147E-03	0.000E+00	0.000E+00
205.401	78.0	0.000E+00	0.000E+00	0.000E+00	0.174E-03	0.845E+00	0.353E+01	0.112E+01	0.108E-01	0.918E-04	0.000E+00	0.000E+00
206.643	79.0	0.000E+00	0.000E+00	0.000E+00	0.503E-03	0.108E+01	0.335E+01	0.891E+00	0.733E-02	0.572E-04	0.000E+00	0.000E+00
207.886	80.0	0.000E+00	0.000E+00	0.000E+00	0.130E-02	0.133E+01	0.313E+01	0.698E+00	0.494E-02	0.355E-04	0.000E+00	0.000E+00
209.128	81.0	0.000E+00	0.000E+00	0.000E+00	0.304E-02	0.158E+01	0.287E+01	0.542E+00	0.332E-02	0.218E-04	0.000E+00	0.000E+00
210.371	82.0	0.000E+00	0.000E+00	0.000E+00	0.649E-02	0.183E+01	0.259E+01	0.417E+00	0.222E-02	0.132E-04	0.000E+00	0.000E+00
211.613	83.0	0.000E+00	0.000E+00	0.000E+00	0.127E-01	0.207E+01	0.229E+01	0.318E+00	0.148E-02	0.778E-05	0.000E+00	0.000E+00
212.856	84.0	0.000E+00	0.000E+00	0.000E+00	0.232E-01	0.228E+01	0.200E+01	0.241E+00	0.979E-03	0.434E-05	0.000E+00	0.000E+00
214.098	85.0	0.000E+00	0.000E+00	0.753E-06	0.396E-01	0.246E+01	0.173E+01	0.181E+00	0.646E-03	0.221E-05	0.000E+00	0.000E+00
215.340	86.0	0.000E+00	0.000E+00	0.317E-05	0.636E-01	0.260E+01	0.147E+01	0.135E+00	0.425E-03	0.944E-06	0.000E+00	0.000E+00
216.583	87.0	0.000E+00	0.000E+00	0.115E-04	0.968E-01	0.269E+01	0.123E+01	0.999E-01	0.278E-03	0.161E-06	0.000E+00	0.000E+00
217.825	88.0	0.000E+00	0.000E+00	0.368E-04	0.140E+00	0.274E+01	0.102E+01	0.735E-01	0.181E-03	0.000E+00	0.000E+00	0.000E+00
219.068	89.0	0.000E+00	0.000E+00	0.106E-03	0.194E+00	0.274E+01	0.837E+00	0.538E-01	0.118E-03	0.000E+00	0.000E+00	0.000E+00
220.310	90.0	0.000E+00	0.000E+00	0.274E-03	0.259E+00	0.269E+01	0.680E+00	0.392E-01	0.759E-04	0.000E+00	0.000E+00	0.000E+00
221.552	91.0	0.000E+00	0.000E+00	0.650E-03	0.333E+00	0.261E+01	0.547E+00	0.284E-01	0.487E-04	0.000E+00	0.000E+00	0.000E+00
222.795	92.0	0.000E+00	0.000E+00	0.142E-02	0.414E+00	0.249E+01	0.436E+00	0.205E-01	0.310E-04	0.000E+00	0.000E+00	0.000E+00
224.037	93.0	0.000E+00	0.000E+00	0.287E-02	0.500E+00	0.234E+01	0.344E+00	0.147E-01	0.195E-04	0.000E+00	0.000E+00	0.000E+00
225.280	94.0	0.000E+00	0.000E+00	0.543E-02	0.588E+00	0.217E+01	0.270E+00	0.105E-01	0.117E-04	0.000E+00	0.000E+00	0.000E+00
226.522	95.0	0.000E+00	0.000E+00	0.964E-02	0.674E+00	0.198E+01	0.210E+00	0.746E-02	0.678E-05	0.000E+00	0.000E+00	0.000E+00
227.765	96.0	0.000E+00	0.000E+00	0.162E-01	0.755E+00	0.179E+01	0.162E+00	0.529E-02	0.376E-05	0.000E+00	0.000E+00	0.000E+00
229.007	97.0	0.000E+00	0.187E-06	0.257E-01	0.828E+00	0.160E+01	0.125E+00	0.373E-02	0.216E-05	0.000E+00	0.000E+00	0.000E+00
230.249	98.0	0.000E+00	0.685E-06	0.390E-01	0.889E+00	0.141E+01	0.951E-01	0.262E-02	0.931E-06	0.000E+00	0.000E+00	0.000E+00
231.492	99.0	0.000E+00	0.220E-05	0.566E-01	0.938E+00	0.123E+01	0.721E-01	0.184E-02	0.240E-06	0.000E+00	0.000E+00	0.000E+00
232.734	100.0	0.000E+00	0.636E-05	0.791E-01	0.971E+00	0.106E+01	0.544E-01	0.128E-02	0.000E+00	0.000E+00	0.000E+00	0.000E+00
233.977	101.0	0.000E+00	0.167E-04	0.106E+00	0.988E+00	0.907E+00	0.408E-01	0.892E-03	0.000E+00	0.000E+00	0.000E+00	0.000E+00
235.219	102.0	0.000E+00	0.402E-04	0.139E+00	0.990E+00	0.768E+00	0.305E-01	0.618E-03	0.000E+00	0.000E+00	0.000E+00	0.000E+00
236.462	103.0	0.000E+00	0.894E-04	0.175E+00	0.977E+00	0.645E+00	0.227E-01	0.426E-03	0.000E+00	0.000E+00	0.000E+00	0.000E+00
237.704	104.0	0.000E+00	0.185E-03	0.215E+00	0.949E+00	0.537E+00	0.168E-01	0.283E-03	0.000E+00	0.000E+00	0.000E+00	0.000E+00
238.946	105.0	0.000E+00	0.360E-03	0.257E+00	0.910E+00	0.444E+00	0.124E-01	0.174E-03	0.000E+00	0.000E+00	0.000E+00	0.000E+00
240.189	106.0	0.000E+00	0.660E-03	0.301E+00	0.861E+00	0.364E+00	0.907E-02	0.103E-03	0.000E+00	0.000E+00	0.000E+00	0.000E+00
241.431	107.0	0.000E+00	0.114E-02	0.343E+00	0.805E+00	0.296E+00	0.663E-02	0.596E-04	0.000E+00	0.000E+00	0.000E+00	0.000E+00
242.674	108.0	0.000E+00	0.189E-02	0.384E+00	0.743E+00	0.240E+00	0.483E-02	0.345E-04	0.000E+00	0.000E+00	0.000E+00	0.000E+00
243.916	109.0	0.149E-06	0.298E-02	0.421E+00	0.678E+00	0.193E+00	0.350E-02	0.202E-04	0.000E+00	0.000E+00	0.000E+00	0.000E+00
245.159	110.0	0.460E-06	0.451E-02	0.454E+00	0.612E+00	0.154E+00	0.253E-02	0.120E-04	0.000E+00	0.000E+00	0.000E+00	0.000E+00
246.401	111.0	0.129E-05	0.657E-02	0.480E+00	0.547E+00	0.122E+00	0.181E-02	0.713E-05	0.000E+00	0.000E+00	0.000E+00	0.000E+00
247.643	112.0	0.330E-05	0.925E-02	0.500E+00	0.484E+00	0.967E-01	0.130E-02	0.425E-05	0.000E+00	0.000E+00	0.000E+00	0.000E+00
248.886	113.0	0.783E-05	0.126E-01	0.512E+00	0.425E+00	0.760E-01	0.922E-03	0.251E-05	0.000E+00	0.000E+00	0.000E+00	0.000E+00
250.128	114.0	0.173E-04	0.167E-01	0.518E+00	0.369E+00	0.594E-01	0.650E-03	0.148E-05	0.000E+00	0.000E+00	0.000E+00	0.576E-06
251.371	115.0	0.359E-04	0.215E-01	0.515E+00	0.318E+00	0.463E-01	0.453E-03	0.897E-06	0.000E+00	0.000E+00	0.000E+00	0.621E-06
252.613	116.0	0.703E-04	0.270E-01	0.507E+00	0.272E+00	0.359E-01	0.268E-03	0.470E-06	0.000E+00	0.000E+00	0.000E+00	0.672E-06
253.856	117.0	0.130E-03	0.331E-01	0.492E+00	0.231E+00	0.277E-01	0.182E-03	0.247E-06	0.000E+00	0.000E+00	0.000E+00	0.721E-06
255.098	118.0	0.229E-03	0.398E-01	0.472E+00	0.195E+00	0.213E-01	0.105E-03	0.000E+00	0.000E+00	0.000E+00	0.000E+00	0.773E-06
256.340	119.0	0.386E-03	0.467E-01	0.447E+00	0.163E+00	0.163E-01	0.572E-04	0.000E+00	0.000E+00	0.000E+00	0.000E+00	0.828E-06
257.583	120.0	0.623E-03	0.539E-01	0.420E+00	0.136E+00	0.124E-01	0.305E-04	0.000E+00	0.000E+00	0.000E+00	0.000E+00	0.888E-06
258.825	121.0	0.931E-03	0.602E-01	0.392E+00	0.114E+00	0.958E-02	0.163E-04	0.000E+00	0.000E+00	0.000E+00	0.000E+00	0.950E-06
260.068	122.0	0.140E-02	0.671E-01	0.361E+00	0.939E-01	0.722E-02	0.864E-05	0.000E+00	0.000E+00	0.000E+00	0.000E+00	0.102E-05
261.310	123.0	0.208E-02	0.741E-01	0.327E+00	0.755E-01	0.530E-02	0.454E-05	0.000E+00	0.000E+00	0.000E+00	0.000E+00	0.109E-05
262.552	124.0	0.292E-02	0.798E-01	0.295E+00	0.614E-01	0.395E-02	0.238E-05	0.000E+00	0.000E+00	0.000E+00	0.000E+00	0.116E-05
263.795	125.0	0.397E-02	0.846E-01	0.264E+00	0.497E-01	0.292E-02	0.124E-05	0.000E+00	0.000E+00	0.000E+00	0.000E+00	0.124E-05
265.037	126.0	0.524E-02	0.885E-01	0.235E+00	0.400E-01	0.213E-02	0.642E-06	0.000E+00	0.000E+00	0.000E+00	0.000E+00	0.132E-05
266.280	127.0	0.675E-02	0.913E-01	0.207E+00	0.321E-01	0.124E-02	0.187E-06	0.000E+00	0.000E+00	0.000E+00	0.000E+00	0.140E-05
267.522	128.0	0.849E-02	0.930E-01	0.181E+00	0.256E-01	0.721E-03	0.000E+00	0.000E+00	0.000E+00	0.000E+00	0.000E+00	0.149E-05
268.765	129.0	0.104E-01	0.935E-01	0.158E+00	0.203E-01	0.421E-03	0.000E+00	0.000E+00	0.000E+00	0.000E+00	0.000E+00	0.159E-05
270.007	130.0	0.126E-01	0.930E-01	0.136E+00	0.160E-01	0.250E-03	0.000E+00	0.000E+00	0.000E+00	0.000E+00	0.426E-06	0.169E-05
271.249	131.0	0.148E-01	0.914E-01	0.117E+00	0.126E-01	0.148E-03	0.000E+00	0.000E+00	0.000E+00	0.000E+00	0.459E-06	0.179E-05
272.492	132.0	0.171E-01	0.889E-01	0.998E-01	0.981E-02	0.954E-04	0.000E+00	0.000E+00	0.000E+00	0.000E+00	0.492E-06	0.190E-05
273.734	133.0	0.194E-01	0.856E-01	0.847E-01	0.760E-02	0.550E-04	0.000E+00	0.000E+00	0.000E+00	0.000E+00	0.527E-06	0.202E-05
274.977	134.0	0.217E-01	0.817E-01	0.715E-01	0.576E-02	0.271E-04	0.000E+00	0.000E+00	0.000E+00	0.000E+00	0.564E-06	0.213E-05
276.219	135.0	0.238E-01	0.772E-01	0.600E-01	0.435E-02	0.150E-04	0.000E+00	0.000E+00	0.000E+00	0.000E+00	0.603E-06	0.226E-05
277.462	136.0	0.257E-01	0.723E-01	0.501E-01	0.323E-02	0.758E-05	0.000E+00	0.000E+00	0.000E+00	0.000E+00	0.645E-06	0.239E-05
278.704	137.0	0.274E-01	0.671E-01	0.416E-01	0.244E-02	0.485E-05	0.000E+00	0.000E+00	0.000E+00	0.000E+00	0.689E-06	0.252E-05
279.946	138.0	0.288E-01	0.618E-01	0.344E-01	0.175E-02	0.273E-05	0.000E+00	0.000E+00	0.000E+00	0.000E+00	0.736E-06	0.266E-05
281.189	139.0	0.299E-01	0.565E-01	0.283E-01	0.121E-02	0.163E-05	0.000E+00	0.000E+00	0.000E+00	0.000E+00	0.786E-06	0.281E-05
282.431	140.0	0.306E-01	0.513E-01	0.232E-01	0.613E-03	0.994E-06	0.000E+00	0.000E+00	0.000E+00	0.000E+00	0.839E-06	0.296E-05
