E_lab	E*/MeV	198At	199At	200At	201At	202At	203At	204At	205At
148.249	32.0	0.000E+00	0.000E+00	0.000E+00	0.000E+00	0.308E-06	0.865E-06	0.166E-08	0.102E-11
149.492	33.0	0.000E+00	0.000E+00	0.000E+00	0.000E+00	0.261E-05	0.392E-05	0.484E-08	0.220E-11
150.734	34.0	0.000E+00	0.000E+00	0.000E+00	0.000E+00	0.186E-04	0.165E-04	0.135E-07	0.000E+00
151.977	35.0	0.000E+00	0.000E+00	0.000E+00	0.405E-09	0.118E-03	0.649E-04	0.361E-07	0.000E+00
153.219	36.0	0.000E+00	0.000E+00	0.000E+00	0.602E-07	0.672E-03	0.238E-03	0.931E-07	0.000E+00
154.462	37.0	0.000E+00	0.000E+00	0.000E+00	0.343E-05	0.343E-02	0.807E-03	0.232E-06	0.000E+00
155.704	38.0	0.000E+00	0.000E+00	0.000E+00	0.889E-04	0.145E-01	0.237E-02	0.543E-06	0.000E+00
156.946	39.0	0.000E+00	0.000E+00	0.000E+00	0.108E-02	0.461E-01	0.564E-02	0.115E-05	0.000E+00
158.189	40.0	0.000E+00	0.000E+00	0.000E+00	0.704E-02	0.111E+00	0.107E-01	0.204E-05	0.000E+00
159.431	41.0	0.000E+00	0.000E+00	0.000E+00	0.291E-01	0.216E+00	0.168E-01	0.310E-05	0.000E+00
160.674	42.0	0.000E+00	0.000E+00	0.000E+00	0.888E-01	0.359E+00	0.228E-01	0.403E-05	0.000E+00
161.916	43.0	0.000E+00	0.000E+00	0.000E+00	0.218E+00	0.530E+00	0.275E-01	0.457E-05	0.000E+00
163.159	44.0	0.000E+00	0.000E+00	0.000E+00	0.456E+00	0.708E+00	0.301E-01	0.456E-05	0.000E+00
164.401	45.0	0.000E+00	0.000E+00	0.000E+00	0.836E+00	0.866E+00	0.306E-01	0.410E-05	0.000E+00
165.643	46.0	0.000E+00	0.000E+00	0.246E-05	0.138E+01	0.982E+00	0.290E-01	0.322E-05	0.000E+00
166.886	47.0	0.000E+00	0.000E+00	0.572E-04	0.208E+01	0.104E+01	0.259E-01	0.225E-05	0.000E+00
168.128	48.0	0.000E+00	0.000E+00	0.691E-03	0.295E+01	0.104E+01	0.220E-01	0.111E-05	0.000E+00
169.371	49.0	0.000E+00	0.000E+00	0.506E-02	0.395E+01	0.992E+00	0.178E-01	0.000E+00	0.000E+00
170.613	50.0	0.000E+00	0.000E+00	0.246E-01	0.505E+01	0.904E+00	0.139E-01	0.000E+00	0.000E+00
171.856	51.0	0.000E+00	0.000E+00	0.855E-01	0.619E+01	0.793E+00	0.105E-01	0.000E+00	0.000E+00
173.098	52.0	0.000E+00	0.000E+00	0.229E+00	0.727E+01	0.672E+00	0.776E-02	0.000E+00	0.000E+00
174.340	53.0	0.000E+00	0.000E+00	0.502E+00	0.819E+01	0.553E+00	0.558E-02	0.000E+00	0.000E+00
175.583	54.0	0.000E+00	0.000E+00	0.941E+00	0.885E+01	0.443E+00	0.393E-02	0.000E+00	0.000E+00
176.825	55.0	0.000E+00	0.586E-05	0.156E+01	0.917E+01	0.345E+00	0.272E-02	0.000E+00	0.000E+00
178.068	56.0	0.000E+00	0.734E-04	0.234E+01	0.911E+01	0.263E+00	0.185E-02	0.000E+00	0.000E+00
179.310	57.0	0.000E+00	0.587E-03	0.324E+01	0.869E+01	0.196E+00	0.123E-02	0.000E+00	0.000E+00
180.552	58.0	0.000E+00	0.323E-02	0.417E+01	0.797E+01	0.143E+00	0.812E-03	0.000E+00	0.000E+00
181.795	59.0	0.000E+00	0.130E-01	0.505E+01	0.703E+01	0.102E+00	0.525E-03	0.000E+00	0.000E+00
183.037	60.0	0.000E+00	0.402E-01	0.581E+01	0.599E+01	0.714E-01	0.333E-03	0.000E+00	0.000E+00
184.280	61.0	0.000E+00	0.100E+00	0.638E+01	0.493E+01	0.490E-01	0.207E-03	0.000E+00	0.000E+00
185.522	62.0	0.000E+00	0.209E+00	0.671E+01	0.394E+01	0.330E-01	0.126E-03	0.000E+00	0.000E+00
186.765	63.0	0.000E+00	0.379E+00	0.679E+01	0.306E+01	0.218E-01	0.753E-04	0.000E+00	0.000E+00
188.007	64.0	0.000E+00	0.612E+00	0.664E+01	0.232E+01	0.142E-01	0.432E-04	0.000E+00	0.000E+00
189.249	65.0	0.000E+00	0.903E+00	0.629E+01	0.172E+01	0.913E-02	0.233E-04	0.000E+00	0.000E+00
190.492	66.0	0.834E-06	0.123E+01	0.578E+01	0.126E+01	0.580E-02	0.114E-04	0.000E+00	0.000E+00
191.734	67.0	0.766E-05	0.158E+01	0.516E+01	0.901E+00	0.364E-02	0.402E-05	0.000E+00	0.000E+00
192.977	68.0	0.487E-04	0.193E+01	0.450E+01	0.638E+00	0.226E-02	0.000E+00	0.000E+00	0.000E+00
194.219	69.0	0.228E-03	0.225E+01	0.384E+01	0.447E+00	0.140E-02	0.000E+00	0.000E+00	0.000E+00
195.462	70.0	0.832E-03	0.253E+01	0.321E+01	0.310E+00	0.855E-03	0.000E+00	0.000E+00	0.000E+00
196.704	71.0	0.244E-02	0.275E+01	0.263E+01	0.213E+00	0.520E-03	0.000E+00	0.000E+00	0.000E+00
197.946	72.0	0.600E-02	0.290E+01	0.212E+01	0.146E+00	0.315E-03	0.000E+00	0.000E+00	0.000E+00
199.189	73.0	0.127E-01	0.297E+01	0.169E+01	0.989E-01	0.189E-03	0.000E+00	0.000E+00	0.000E+00
200.431	74.0	0.238E-01	0.297E+01	0.132E+01	0.668E-01	0.113E-03	0.000E+00	0.000E+00	0.000E+00
201.674	75.0	0.404E-01	0.290E+01	0.102E+01	0.449E-01	0.667E-04	0.000E+00	0.000E+00	0.000E+00
202.916	76.0	0.629E-01	0.277E+01	0.779E+00	0.300E-01	0.390E-04	0.000E+00	0.000E+00	0.000E+00
204.159	77.0	0.913E-01	0.258E+01	0.588E+00	0.200E-01	0.223E-04	0.000E+00	0.000E+00	0.000E+00
205.401	78.0	0.125E+00	0.236E+01	0.440E+00	0.133E-01	0.117E-04	0.000E+00	0.000E+00	0.000E+00
206.643	79.0	0.163E+00	0.212E+01	0.326E+00	0.881E-02	0.599E-05	0.000E+00	0.000E+00	0.000E+00
207.886	80.0	0.203E+00	0.187E+01	0.240E+00	0.581E-02	0.224E-05	0.000E+00	0.000E+00	0.000E+00
209.128	81.0	0.243E+00	0.162E+01	0.175E+00	0.382E-02	0.000E+00	0.000E+00	0.000E+00	0.000E+00
210.371	82.0	0.282E+00	0.138E+01	0.127E+00	0.250E-02	0.000E+00	0.000E+00	0.000E+00	0.000E+00
211.613	83.0	0.317E+00	0.116E+01	0.914E-01	0.164E-02	0.000E+00	0.000E+00	0.000E+00	0.000E+00
212.856	84.0	0.347E+00	0.962E+00	0.654E-01	0.106E-02	0.000E+00	0.000E+00	0.000E+00	0.000E+00
214.098	85.0	0.370E+00	0.788E+00	0.466E-01	0.691E-03	0.000E+00	0.000E+00	0.000E+00	0.000E+00
215.340	86.0	0.385E+00	0.638E+00	0.330E-01	0.446E-03	0.000E+00	0.000E+00	0.000E+00	0.000E+00
216.583	87.0	0.392E+00	0.511E+00	0.233E-01	0.288E-03	0.000E+00	0.000E+00	0.000E+00	0.000E+00
217.825	88.0	0.390E+00	0.405E+00	0.164E-01	0.185E-03	0.000E+00	0.000E+00	0.000E+00	0.000E+00
219.068	89.0	0.381E+00	0.318E+00	0.115E-01	0.118E-03	0.000E+00	0.000E+00	0.000E+00	0.000E+00
220.310	90.0	0.364E+00	0.248E+00	0.798E-02	0.746E-04	0.000E+00	0.000E+00	0.000E+00	0.000E+00
