E_lab	E*/MeV	197At	198At	199At	200At	201At	202At	203At	204At	205At
145.765	30.0	0.000E+00	0.000E+00	0.000E+00	0.000E+00	0.000E+00	0.644E-07	0.129E-05	0.718E-08	0.686E-11
147.007	31.0	0.000E+00	0.000E+00	0.000E+00	0.000E+00	0.000E+00	0.106E-05	0.672E-05	0.220E-07	0.176E-10
148.249	32.0	0.000E+00	0.000E+00	0.000E+00	0.000E+00	0.000E+00	0.112E-04	0.320E-04	0.643E-07	0.414E-10
149.492	33.0	0.000E+00	0.000E+00	0.000E+00	0.000E+00	0.000E+00	0.912E-04	0.140E-03	0.180E-06	0.863E-10
150.734	34.0	0.000E+00	0.000E+00	0.000E+00	0.000E+00	0.000E+00	0.616E-03	0.560E-03	0.490E-06	0.000E+00
151.977	35.0	0.000E+00	0.000E+00	0.000E+00	0.000E+00	0.106E-07	0.343E-02	0.200E-02	0.126E-05	0.000E+00
153.219	36.0	0.000E+00	0.000E+00	0.000E+00	0.000E+00	0.109E-05	0.144E-01	0.580E-02	0.293E-05	0.000E+00
154.462	37.0	0.000E+00	0.000E+00	0.000E+00	0.000E+00	0.353E-04	0.436E-01	0.130E-01	0.589E-05	0.000E+00
155.704	38.0	0.000E+00	0.000E+00	0.000E+00	0.000E+00	0.500E-03	0.102E+00	0.231E-01	0.991E-05	0.000E+00
156.946	39.0	0.000E+00	0.000E+00	0.000E+00	0.000E+00	0.382E-02	0.198E+00	0.345E-01	0.140E-04	0.000E+00
158.189	40.0	0.000E+00	0.000E+00	0.000E+00	0.000E+00	0.184E-01	0.337E+00	0.451E-01	0.171E-04	0.000E+00
159.431	41.0	0.000E+00	0.000E+00	0.000E+00	0.000E+00	0.626E-01	0.520E+00	0.531E-01	0.182E-04	0.000E+00
160.674	42.0	0.000E+00	0.000E+00	0.000E+00	0.000E+00	0.165E+00	0.731E+00	0.576E-01	0.174E-04	0.000E+00
161.916	43.0	0.000E+00	0.000E+00	0.000E+00	0.000E+00	0.360E+00	0.944E+00	0.583E-01	0.152E-04	0.000E+00
163.159	44.0	0.000E+00	0.000E+00	0.000E+00	0.000E+00	0.680E+00	0.113E+01	0.556E-01	0.122E-04	0.000E+00
164.401	45.0	0.000E+00	0.000E+00	0.000E+00	0.000E+00	0.115E+01	0.126E+01	0.502E-01	0.923E-05	0.000E+00
165.643	46.0	0.000E+00	0.000E+00	0.000E+00	0.303E-05	0.178E+01	0.134E+01	0.433E-01	0.655E-05	0.000E+00
166.886	47.0	0.000E+00	0.000E+00	0.000E+00	0.682E-04	0.257E+01	0.134E+01	0.358E-01	0.425E-05	0.000E+00
168.128	48.0	0.000E+00	0.000E+00	0.000E+00	0.802E-03	0.351E+01	0.128E+01	0.286E-01	0.233E-05	0.000E+00
169.371	49.0	0.000E+00	0.000E+00	0.000E+00	0.573E-02	0.457E+01	0.118E+01	0.221E-01	0.443E-06	0.000E+00
170.613	50.0	0.000E+00	0.000E+00	0.000E+00	0.273E-01	0.571E+01	0.105E+01	0.166E-01	0.000E+00	0.000E+00
171.856	51.0	0.000E+00	0.000E+00	0.000E+00	0.932E-01	0.685E+01	0.898E+00	0.122E-01	0.000E+00	0.000E+00
173.098	52.0	0.000E+00	0.000E+00	0.000E+00	0.245E+00	0.789E+01	0.746E+00	0.876E-02	0.000E+00	0.000E+00
174.340	53.0	0.000E+00	0.000E+00	0.000E+00	0.526E+00	0.872E+01	0.602E+00	0.617E-02	0.000E+00	0.000E+00
175.583	54.0	0.000E+00	0.000E+00	0.000E+00	0.968E+00	0.924E+01	0.474E+00	0.426E-02	0.000E+00	0.000E+00
176.825	55.0	0.000E+00	0.000E+00	0.584E-05	0.158E+01	0.940E+01	0.363E+00	0.290E-02	0.000E+00	0.000E+00
178.068	56.0	0.000E+00	0.000E+00	0.720E-04	0.232E+01	0.918E+01	0.272E+00	0.193E-02	0.000E+00	0.000E+00
179.310	57.0	0.000E+00	0.000E+00	0.568E-03	0.316E+01	0.862E+01	0.200E+00	0.127E-02	0.000E+00	0.000E+00
180.552	58.0	0.000E+00	0.000E+00	0.310E-02	0.403E+01	0.780E+01	0.143E+00	0.822E-03	0.000E+00	0.000E+00
181.795	59.0	0.000E+00	0.000E+00	0.124E-01	0.485E+01	0.682E+01	0.101E+00	0.523E-03	0.000E+00	0.000E+00
183.037	60.0	0.000E+00	0.000E+00	0.383E-01	0.555E+01	0.576E+01	0.698E-01	0.328E-03	0.000E+00	0.000E+00
184.280	61.0	0.000E+00	0.000E+00	0.955E-01	0.609E+01	0.473E+01	0.475E-01	0.202E-03	0.000E+00	0.000E+00
185.522	62.0	0.000E+00	0.000E+00	0.200E+00	0.643E+01	0.377E+01	0.318E-01	0.122E-03	0.000E+00	0.000E+00
186.765	63.0	0.000E+00	0.000E+00	0.365E+00	0.654E+01	0.294E+01	0.210E-01	0.723E-04	0.000E+00	0.000E+00
188.007	64.0	0.000E+00	0.000E+00	0.595E+00	0.643E+01	0.224E+01	0.137E-01	0.414E-04	0.000E+00	0.000E+00
189.249	65.0	0.000E+00	0.000E+00	0.882E+00	0.612E+01	0.167E+01	0.879E-02	0.223E-04	0.000E+00	0.000E+00
190.492	66.0	0.000E+00	0.823E-06	0.121E+01	0.565E+01	0.122E+01	0.559E-02	0.106E-04	0.000E+00	0.000E+00
191.734	67.0	0.000E+00	0.759E-05	0.156E+01	0.508E+01	0.882E+00	0.353E-02	0.316E-05	0.000E+00	0.000E+00
192.977	68.0	0.000E+00	0.484E-04	0.191E+01	0.445E+01	0.628E+00	0.220E-02	0.000E+00	0.000E+00	0.000E+00
194.219	69.0	0.000E+00	0.228E-03	0.224E+01	0.381E+01	0.441E+00	0.137E-02	0.000E+00	0.000E+00	0.000E+00
195.462	70.0	0.000E+00	0.831E-03	0.252E+01	0.319E+01	0.307E+00	0.840E-03	0.000E+00	0.000E+00	0.000E+00
196.704	71.0	0.000E+00	0.244E-02	0.274E+01	0.262E+01	0.212E+00	0.513E-03	0.000E+00	0.000E+00	0.000E+00
197.946	72.0	0.000E+00	0.600E-02	0.289E+01	0.212E+01	0.145E+00	0.312E-03	0.000E+00	0.000E+00	0.000E+00
199.189	73.0	0.000E+00	0.127E-01	0.297E+01	0.168E+01	0.987E-01	0.188E-03	0.000E+00	0.000E+00	0.000E+00
200.431	74.0	0.000E+00	0.238E-01	0.297E+01	0.132E+01	0.667E-01	0.112E-03	0.000E+00	0.000E+00	0.000E+00
201.674	75.0	0.000E+00	0.404E-01	0.290E+01	0.102E+01	0.449E-01	0.665E-04	0.000E+00	0.000E+00	0.000E+00
202.916	76.0	0.000E+00	0.629E-01	0.276E+01	0.778E+00	0.300E-01	0.389E-04	0.000E+00	0.000E+00	0.000E+00
204.159	77.0	0.868E-06	0.913E-01	0.258E+01	0.588E+00	0.200E-01	0.223E-04	0.000E+00	0.000E+00	0.000E+00
205.401	78.0	0.497E-05	0.125E+00	0.236E+01	0.440E+00	0.133E-01	0.117E-04	0.000E+00	0.000E+00	0.000E+00
206.643	79.0	0.222E-04	0.163E+00	0.212E+01	0.326E+00	0.881E-02	0.599E-05	0.000E+00	0.000E+00	0.000E+00
207.886	80.0	0.797E-04	0.203E+00	0.187E+01	0.240E+00	0.581E-02	0.224E-05	0.000E+00	0.000E+00	0.000E+00
209.128	81.0	0.239E-03	0.243E+00	0.162E+01	0.175E+00	0.382E-02	0.000E+00	0.000E+00	0.000E+00	0.000E+00
210.371	82.0	0.612E-03	0.282E+00	0.138E+01	0.127E+00	0.250E-02	0.000E+00	0.000E+00	0.000E+00	0.000E+00
211.613	83.0	0.137E-02	0.317E+00	0.116E+01	0.914E-01	0.164E-02	0.000E+00	0.000E+00	0.000E+00	0.000E+00
212.856	84.0	0.276E-02	0.347E+00	0.962E+00	0.654E-01	0.106E-02	0.000E+00	0.000E+00	0.000E+00	0.000E+00
214.098	85.0	0.503E-02	0.370E+00	0.788E+00	0.466E-01	0.691E-03	0.000E+00	0.000E+00	0.000E+00	0.000E+00
215.340	86.0	0.846E-02	0.385E+00	0.638E+00	0.330E-01	0.446E-03	0.000E+00	0.000E+00	0.000E+00	0.000E+00
216.583	87.0	0.133E-01	0.392E+00	0.511E+00	0.233E-01	0.288E-03	0.000E+00	0.000E+00	0.000E+00	0.000E+00
217.825	88.0	0.196E-01	0.390E+00	0.405E+00	0.164E-01	0.185E-03	0.000E+00	0.000E+00	0.000E+00	0.000E+00
219.068	89.0	0.274E-01	0.381E+00	0.318E+00	0.115E-01	0.118E-03	0.000E+00	0.000E+00	0.000E+00	0.000E+00
220.310	90.0	0.365E-01	0.364E+00	0.248E+00	0.798E-02	0.746E-04	0.000E+00	0.000E+00	0.000E+00	0.000E+00
221.552	91.0	0.467E-01	0.342E+00	0.192E+00	0.554E-02	0.469E-04	0.000E+00	0.000E+00	0.000E+00	0.000E+00
222.795	92.0	0.574E-01	0.316E+00	0.147E+00	0.384E-02	0.264E-04	0.000E+00	0.000E+00	0.000E+00	0.000E+00
224.037	93.0	0.682E-01	0.288E+00	0.112E+00	0.265E-02	0.135E-04	0.000E+00	0.000E+00	0.000E+00	0.000E+00
225.280	94.0	0.785E-01	0.258E+00	0.848E-01	0.182E-02	0.671E-05	0.000E+00	0.000E+00	0.000E+00	0.000E+00
226.522	95.0	0.878E-01	0.228E+00	0.638E-01	0.125E-02	0.328E-05	0.000E+00	0.000E+00	0.000E+00	0.000E+00
227.765	96.0	0.954E-01	0.198E+00	0.478E-01	0.851E-03	0.164E-05	0.000E+00	0.000E+00	0.000E+00	0.000E+00
229.007	97.0	0.101E+00	0.171E+00	0.356E-01	0.579E-03	0.748E-06	0.000E+00	0.000E+00	0.000E+00	0.000E+00
230.249	98.0	0.105E+00	0.145E+00	0.264E-01	0.393E-03	0.000E+00	0.000E+00	0.000E+00	0.000E+00	0.000E+00
231.492	99.0	0.106E+00	0.122E+00	0.195E-01	0.265E-03	0.000E+00	0.000E+00	0.000E+00	0.000E+00	0.000E+00
232.734	100.0	0.105E+00	0.102E+00	0.143E-01	0.179E-03	0.000E+00	0.000E+00	0.000E+00	0.000E+00	0.000E+00
233.977	101.0	0.103E+00	0.844E-01	0.105E-01	0.120E-03	0.000E+00	0.000E+00	0.000E+00	0.000E+00	0.000E+00
235.219	102.0	0.983E-01	0.691E-01	0.763E-02	0.798E-04	0.000E+00	0.000E+00	0.000E+00	0.000E+00	0.000E+00
236.462	103.0	0.927E-01	0.562E-01	0.554E-02	0.435E-04	0.000E+00	0.000E+00	0.000E+00	0.000E+00	0.000E+00
237.704	104.0	0.860E-01	0.453E-01	0.401E-02	0.235E-04	0.000E+00	0.000E+00	0.000E+00	0.000E+00	0.000E+00
238.946	105.0	0.787E-01	0.363E-01	0.289E-02	0.127E-04	0.000E+00	0.000E+00	0.000E+00	0.000E+00	0.000E+00
240.189	106.0	0.710E-01	0.288E-01	0.208E-02	0.683E-05	0.000E+00	0.000E+00	0.000E+00	0.000E+00	0.000E+00
241.431	107.0	0.633E-01	0.228E-01	0.149E-02	0.379E-05	0.000E+00	0.000E+00	0.000E+00	0.000E+00	0.000E+00
242.674	108.0	0.559E-01	0.179E-01	0.106E-02	0.211E-05	0.000E+00	0.000E+00	0.000E+00	0.000E+00	0.000E+00
243.916	109.0	0.487E-01	0.140E-01	0.756E-03	0.116E-05	0.000E+00	0.000E+00	0.000E+00	0.000E+00	0.000E+00
245.159	110.0	0.421E-01	0.109E-01	0.536E-03	0.642E-06	0.000E+00	0.000E+00	0.000E+00	0.000E+00	0.000E+00
246.401	111.0	0.360E-01	0.842E-02	0.378E-03	0.345E-06	0.000E+00	0.000E+00	0.000E+00	0.000E+00	0.000E+00
247.643	112.0	0.305E-01	0.648E-02	0.265E-03	0.105E-06	0.000E+00	0.000E+00	0.000E+00	0.000E+00	0.000E+00
248.886	113.0	0.257E-01	0.497E-02	0.150E-03	0.000E+00	0.000E+00	0.000E+00	0.000E+00	0.000E+00	0.000E+00
250.128	114.0	0.215E-01	0.379E-02	0.821E-04	0.000E+00	0.000E+00	0.000E+00	0.000E+00	0.000E+00	0.000E+00
251.371	115.0	0.178E-01	0.288E-02	0.465E-04	0.000E+00	0.000E+00	0.000E+00	0.000E+00	0.000E+00	0.000E+00
252.613	116.0	0.146E-01	0.218E-02	0.274E-04	0.000E+00	0.000E+00	0.000E+00	0.000E+00	0.000E+00	0.000E+00
253.856	117.0	0.120E-01	0.165E-02	0.161E-04	0.000E+00	0.000E+00	0.000E+00	0.000E+00	0.000E+00	0.000E+00
255.098	118.0	0.974E-02	0.124E-02	0.933E-05	0.000E+00	0.000E+00	0.000E+00	0.000E+00	0.000E+00	0.000E+00
256.340	119.0	0.787E-02	0.927E-03	0.534E-05	0.000E+00	0.000E+00	0.000E+00	0.000E+00	0.000E+00	0.000E+00
257.583	120.0	0.633E-02	0.691E-03	0.306E-05	0.000E+00	0.000E+00	0.000E+00	0.000E+00	0.000E+00	0.000E+00
258.825	121.0	0.507E-02	0.512E-03	0.183E-05	0.000E+00	0.000E+00	0.000E+00	0.000E+00	0.000E+00	0.000E+00
260.068	122.0	0.403E-02	0.377E-03	0.119E-05	0.000E+00	0.000E+00	0.000E+00	0.000E+00	0.000E+00	0.000E+00
261.310	123.0	0.320E-02	0.278E-03	0.620E-06	0.000E+00	0.000E+00	0.000E+00	0.000E+00	0.000E+00	0.000E+00
262.552	124.0	0.252E-02	0.202E-03	0.410E-06	0.000E+00	0.000E+00	0.000E+00	0.000E+00	0.000E+00	0.000E+00
263.795	125.0	0.198E-02	0.145E-03	0.000E+00	0.000E+00	0.000E+00	0.000E+00	0.000E+00	0.000E+00	0.000E+00
265.037	126.0	0.155E-02	0.101E-03	0.000E+00	0.000E+00	0.000E+00	0.000E+00	0.000E+00	0.000E+00	0.000E+00
266.280	127.0	0.121E-02	0.691E-04	0.000E+00	0.000E+00	0.000E+00	0.000E+00	0.000E+00	0.000E+00	0.000E+00
267.522	128.0	0.939E-03	0.451E-04	0.000E+00	0.000E+00	0.000E+00	0.000E+00	0.000E+00	0.000E+00	0.000E+00
268.765	129.0	0.727E-03	0.229E-04	0.000E+00	0.000E+00	0.000E+00	0.000E+00	0.000E+00	0.000E+00	0.000E+00
270.007	130.0	0.559E-03	0.102E-04	0.000E+00	0.000E+00	0.000E+00	0.000E+00	0.000E+00	0.000E+00	0.000E+00
271.249	131.0	0.428E-03	0.487E-05	0.000E+00	0.000E+00	0.000E+00	0.000E+00	0.000E+00	0.000E+00	0.000E+00
272.492	132.0	0.325E-03	0.238E-05	0.000E+00	0.000E+00	0.000E+00	0.000E+00	0.000E+00	0.000E+00	0.000E+00
273.734	133.0	0.244E-03	0.117E-05	0.000E+00	0.000E+00	0.000E+00	0.000E+00	0.000E+00	0.000E+00	0.000E+00
274.977	134.0	0.180E-03	0.568E-06	0.000E+00	0.000E+00	0.000E+00	0.000E+00	0.000E+00	0.000E+00	0.000E+00
276.219	135.0	0.130E-03	0.269E-06	0.000E+00	0.000E+00	0.000E+00	0.000E+00	0.000E+00	0.000E+00	0.000E+00
277.462	136.0	0.917E-04	0.128E-06	0.000E+00	0.000E+00	0.000E+00	0.000E+00	0.000E+00	0.000E+00	0.000E+00
278.704	137.0	0.622E-04	0.637E-07	0.000E+00	0.000E+00	0.000E+00	0.000E+00	0.000E+00	0.000E+00	0.000E+00
279.946	138.0	0.407E-04	0.328E-07	0.000E+00	0.000E+00	0.000E+00	0.000E+00	0.000E+00	0.000E+00	0.000E+00
281.189	139.0	0.256E-04	0.000E+00	0.000E+00	0.000E+00	0.000E+00	0.000E+00	0.000E+00	0.000E+00	0.000E+00
282.431	140.0	0.158E-04	0.000E+00	0.000E+00	0.000E+00	0.000E+00	0.000E+00	0.000E+00	0.000E+00	0.000E+00
