  E*/MeV   186At     187At     188At     189At     190At     191At     192At  
    20.0 0.000E+00 0.000E+00 0.000E+00 0.000E+00 0.000E+00 0.146E-03 0.291E-05
    21.0 0.000E+00 0.000E+00 0.000E+00 0.000E+00 0.351E-08 0.933E-04 0.136E-05
    22.0 0.000E+00 0.000E+00 0.000E+00 0.000E+00 0.110E-06 0.575E-04 0.616E-06
    23.0 0.000E+00 0.000E+00 0.000E+00 0.000E+00 0.121E-05 0.358E-04 0.188E-06
    24.0 0.000E+00 0.000E+00 0.000E+00 0.000E+00 0.628E-05 0.214E-04 0.000E+00
    25.0 0.000E+00 0.000E+00 0.000E+00 0.000E+00 0.197E-04 0.131E-04 0.000E+00
    26.0 0.000E+00 0.000E+00 0.000E+00 0.000E+00 0.470E-04 0.854E-05 0.000E+00
    27.0 0.000E+00 0.000E+00 0.000E+00 0.000E+00 0.830E-04 0.594E-05 0.000E+00
    28.0 0.000E+00 0.000E+00 0.000E+00 0.000E+00 0.106E-03 0.346E-05 0.000E+00
    29.0 0.000E+00 0.000E+00 0.000E+00 0.000E+00 0.108E-03 0.184E-05 0.000E+00
    30.0 0.000E+00 0.000E+00 0.000E+00 0.000E+00 0.943E-04 0.855E-06 0.000E+00
    31.0 0.000E+00 0.000E+00 0.000E+00 0.311E-10 0.745E-04 0.372E-06 0.000E+00
    32.0 0.000E+00 0.000E+00 0.000E+00 0.860E-09 0.546E-04 0.173E-06 0.000E+00
    33.0 0.000E+00 0.000E+00 0.000E+00 0.915E-08 0.379E-04 0.806E-07 0.000E+00
    34.0 0.000E+00 0.000E+00 0.000E+00 0.531E-07 0.252E-04 0.395E-07 0.000E+00
    35.0 0.000E+00 0.000E+00 0.000E+00 0.196E-06 0.162E-04 0.000E+00 0.000E+00
    36.0 0.000E+00 0.000E+00 0.000E+00 0.503E-06 0.102E-04 0.000E+00 0.000E+00
    37.0 0.000E+00 0.000E+00 0.000E+00 0.941E-06 0.624E-05 0.000E+00 0.000E+00
    38.0 0.000E+00 0.000E+00 0.000E+00 0.135E-05 0.376E-05 0.000E+00 0.000E+00
    39.0 0.000E+00 0.000E+00 0.000E+00 0.159E-05 0.224E-05 0.000E+00 0.000E+00
    40.0 0.000E+00 0.000E+00 0.000E+00 0.162E-05 0.133E-05 0.000E+00 0.000E+00
    41.0 0.000E+00 0.000E+00 0.000E+00 0.149E-05 0.780E-06 0.000E+00 0.000E+00
    42.0 0.000E+00 0.000E+00 0.000E+00 0.126E-05 0.456E-06 0.000E+00 0.000E+00
    43.0 0.000E+00 0.000E+00 0.149E-12 0.101E-05 0.265E-06 0.000E+00 0.000E+00
    44.0 0.000E+00 0.000E+00 0.429E-11 0.767E-06 0.153E-06 0.000E+00 0.000E+00
    45.0 0.000E+00 0.000E+00 0.505E-10 0.563E-06 0.881E-07 0.000E+00 0.000E+00
    46.0 0.000E+00 0.000E+00 0.331E-09 0.402E-06 0.502E-07 0.000E+00 0.000E+00
    47.0 0.000E+00 0.000E+00 0.142E-08 0.279E-06 0.274E-07 0.000E+00 0.000E+00
    48.0 0.000E+00 0.000E+00 0.445E-08 0.191E-06 0.739E-08 0.000E+00 0.000E+00
    49.0 0.000E+00 0.000E+00 0.109E-07 0.128E-06 0.145E-08 0.000E+00 0.000E+00
    50.0 0.000E+00 0.000E+00 0.218E-07 0.848E-07 0.867E-09 0.000E+00 0.000E+00
    51.0 0.000E+00 0.000E+00 0.361E-07 0.556E-07 0.000E+00 0.000E+00 0.000E+00
    52.0 0.000E+00 0.000E+00 0.512E-07 0.361E-07 0.000E+00 0.000E+00 0.000E+00
    53.0 0.000E+00 0.000E+00 0.639E-07 0.233E-07 0.000E+00 0.000E+00 0.000E+00
    54.0 0.000E+00 0.000E+00 0.723E-07 0.149E-07 0.000E+00 0.000E+00 0.000E+00
    55.0 0.000E+00 0.609E-13 0.753E-07 0.950E-08 0.000E+00 0.000E+00 0.000E+00
    56.0 0.000E+00 0.536E-12 0.736E-07 0.602E-08 0.000E+00 0.000E+00 0.000E+00
    57.0 0.000E+00 0.310E-11 0.681E-07 0.374E-08 0.000E+00 0.000E+00 0.000E+00
    58.0 0.000E+00 0.128E-10 0.603E-07 0.221E-08 0.000E+00 0.000E+00 0.000E+00
    60.0 0.000E+00 0.965E-10 0.426E-07 0.530E-09 0.000E+00 0.000E+00 0.000E+00
    60.0 0.000E+00 0.965E-10 0.426E-07 0.530E-09 0.000E+00 0.000E+00 0.000E+00
    61.0 0.000E+00 0.193E-09 0.343E-07 0.156E-09 0.000E+00 0.000E+00 0.000E+00
    62.0 0.000E+00 0.326E-09 0.270E-07 0.000E+00 0.000E+00 0.000E+00 0.000E+00
    63.0 0.000E+00 0.484E-09 0.208E-07 0.000E+00 0.000E+00 0.000E+00 0.000E+00
    64.0 0.000E+00 0.646E-09 0.158E-07 0.000E+00 0.000E+00 0.000E+00 0.000E+00
    65.0 0.000E+00 0.790E-09 0.118E-07 0.000E+00 0.000E+00 0.000E+00 0.000E+00
    66.0 0.000E+00 0.897E-09 0.875E-08 0.000E+00 0.000E+00 0.000E+00 0.000E+00
    67.0 0.000E+00 0.960E-09 0.639E-08 0.000E+00 0.000E+00 0.000E+00 0.000E+00
    

  E*/MeV   186At     187At     188At     189At     190At     191At     192At  
    24.0 0.000E+00 0.000E+00 0.000E+00 0.000E+00 0.489E-11 0.975E-13 0.000E+00
    25.0 0.000E+00 0.000E+00 0.000E+00 0.000E+00 0.338E-10 0.143E-12 0.000E+00
    26.0 0.000E+00 0.000E+00 0.000E+00 0.000E+00 0.174E-07 0.244E-09 0.000E+00
    27.0 0.000E+00 0.000E+00 0.000E+00 0.000E+00 0.936E-07 0.507E-09 0.000E+00
    28.0 0.000E+00 0.000E+00 0.000E+00 0.000E+00 0.344E-06 0.805E-09 0.000E+00
    29.0 0.000E+00 0.000E+00 0.000E+00 0.000E+00 0.101E-05 0.692E-09 0.000E+00
    30.0 0.000E+00 0.000E+00 0.000E+00 0.000E+00 0.258E-05 0.000E+00 0.000E+00
    31.0 0.000E+00 0.000E+00 0.000E+00 0.456E-11 0.577E-05 0.000E+00 0.000E+00
    32.0 0.000E+00 0.000E+00 0.000E+00 0.312E-09 0.108E-04 0.000E+00 0.000E+00
    33.0 0.000E+00 0.000E+00 0.000E+00 0.609E-08 0.154E-04 0.000E+00 0.000E+00
    34.0 0.000E+00 0.000E+00 0.000E+00 0.480E-07 0.161E-04 0.000E+00 0.000E+00
    35.0 0.000E+00 0.000E+00 0.000E+00 0.199E-06 0.132E-04 0.000E+00 0.000E+00
    36.0 0.000E+00 0.000E+00 0.000E+00 0.527E-06 0.934E-05 0.000E+00 0.000E+00
    37.0 0.000E+00 0.000E+00 0.000E+00 0.987E-06 0.608E-05 0.000E+00 0.000E+00
    38.0 0.000E+00 0.000E+00 0.000E+00 0.140E-05 0.377E-05 0.000E+00 0.000E+00
    39.0 0.000E+00 0.000E+00 0.000E+00 0.163E-05 0.226E-05 0.000E+00 0.000E+00
    
    
      E*/MeV   185Po     186Po     187Po     188Po     189Po     190Po     191Po  
    20.0 0.000E+00 0.000E+00 0.000E+00 0.000E+00 0.000E+00 0.437E-04 0.842E-03
    21.0 0.000E+00 0.000E+00 0.000E+00 0.000E+00 0.000E+00 0.938E-04 0.571E-03
    22.0 0.000E+00 0.000E+00 0.000E+00 0.000E+00 0.000E+00 0.163E-03 0.373E-03
    23.0 0.000E+00 0.000E+00 0.000E+00 0.000E+00 0.000E+00 0.234E-03 0.236E-03
    24.0 0.000E+00 0.000E+00 0.000E+00 0.000E+00 0.000E+00 0.285E-03 0.145E-03
    25.0 0.000E+00 0.000E+00 0.000E+00 0.000E+00 0.753E-08 0.299E-03 0.869E-04
    26.0 0.000E+00 0.000E+00 0.000E+00 0.000E+00 0.683E-07 0.278E-03 0.510E-04
    27.0 0.000E+00 0.000E+00 0.000E+00 0.000E+00 0.217E-06 0.234E-03 0.292E-04
    28.0 0.000E+00 0.000E+00 0.000E+00 0.000E+00 0.347E-06 0.182E-03 0.163E-04
    29.0 0.000E+00 0.000E+00 0.000E+00 0.000E+00 0.516E-06 0.133E-03 0.881E-05
    30.0 0.000E+00 0.000E+00 0.000E+00 0.000E+00 0.971E-06 0.926E-04 0.465E-05
    31.0 0.000E+00 0.000E+00 0.000E+00 0.000E+00 0.218E-05 0.618E-04 0.240E-05
    32.0 0.000E+00 0.000E+00 0.000E+00 0.000E+00 0.484E-05 0.399E-04 0.120E-05
    33.0 0.000E+00 0.000E+00 0.000E+00 0.000E+00 0.966E-05 0.250E-04 0.510E-06
    34.0 0.000E+00 0.000E+00 0.000E+00 0.000E+00 0.169E-04 0.153E-04 0.809E-07
    35.0 0.000E+00 0.000E+00 0.000E+00 0.000E+00 0.257E-04 0.923E-05 0.333E-07
    36.0 0.000E+00 0.000E+00 0.000E+00 0.361E-11 0.343E-04 0.547E-05 0.164E-07
    37.0 0.000E+00 0.000E+00 0.000E+00 0.339E-10 0.408E-04 0.320E-05 0.000E+00
    38.0 0.000E+00 0.000E+00 0.000E+00 0.216E-09 0.436E-04 0.185E-05 0.000E+00
    39.0 0.000E+00 0.000E+00 0.000E+00 0.106E-08 0.428E-04 0.106E-05 0.000E+00
    40.0 0.000E+00 0.000E+00 0.000E+00 0.415E-08 0.390E-04 0.598E-06 0.000E+00
    41.0 0.000E+00 0.000E+00 0.000E+00 0.132E-07 0.334E-04 0.335E-06 0.000E+00
    42.0 0.000E+00 0.000E+00 0.000E+00 0.350E-07 0.271E-04 0.173E-06 0.000E+00
    43.0 0.000E+00 0.000E+00 0.000E+00 0.782E-07 0.212E-04 0.767E-07 0.000E+00
    44.0 0.000E+00 0.000E+00 0.000E+00 0.149E-06 0.160E-04 0.798E-08 0.000E+00
    45.0 0.000E+00 0.000E+00 0.000E+00 0.248E-06 0.117E-04 0.000E+00 0.000E+00
    46.0 0.000E+00 0.000E+00 0.000E+00 0.364E-06 0.834E-05 0.000E+00 0.000E+00
    47.0 0.000E+00 0.000E+00 0.114E-11 0.479E-06 0.584E-05 0.000E+00 0.000E+00
    48.0 0.000E+00 0.000E+00 0.925E-11 0.573E-06 0.401E-05 0.000E+00 0.000E+00
    49.0 0.000E+00 0.000E+00 0.423E-10 0.633E-06 0.272E-05 0.000E+00 0.000E+00
    50.0 0.000E+00 0.000E+00 0.125E-09 0.651E-06 0.182E-05 0.000E+00 0.000E+00
    51.0 0.000E+00 0.000E+00 0.271E-09 0.632E-06 0.121E-05 0.000E+00 0.000E+00
    52.0 0.000E+00 0.000E+00 0.492E-09 0.583E-06 0.794E-06 0.000E+00 0.000E+00
    53.0 0.000E+00 0.000E+00 0.846E-09 0.515E-06 0.518E-06 0.000E+00 0.000E+00
    54.0 0.000E+00 0.000E+00 0.150E-08 0.439E-06 0.336E-06 0.000E+00 0.000E+00
    55.0 0.000E+00 0.000E+00 0.280E-08 0.362E-06 0.216E-06 0.000E+00 0.000E+00
    56.0 0.000E+00 0.000E+00 0.526E-08 0.291E-06 0.138E-06 0.000E+00 0.000E+00
    57.0 0.000E+00 0.000E+00 0.947E-08 0.228E-06 0.872E-07 0.000E+00 0.000E+00
    58.0 0.000E+00 0.000E+00 0.159E-07 0.175E-06 0.543E-07 0.000E+00 0.000E+00
    60.0 0.000E+00 0.000E+00 0.349E-07 0.982E-07 0.201E-07 0.000E+00 0.000E+00
    60.0 0.000E+00 0.000E+00 0.349E-07 0.982E-07 0.201E-07 0.000E+00 0.000E+00
    61.0 0.000E+00 0.438E-13 0.461E-07 0.720E-07 0.102E-07 0.000E+00 0.000E+00
    62.0 0.000E+00 0.209E-12 0.569E-07 0.521E-07 0.283E-08 0.000E+00 0.000E+00
    63.0 0.000E+00 0.835E-12 0.661E-07 0.374E-07 0.000E+00 0.000E+00 0.000E+00
    64.0 0.000E+00 0.283E-11 0.727E-07 0.265E-07 0.000E+00 0.000E+00 0.000E+00
    65.0 0.000E+00 0.825E-11 0.762E-07 0.187E-07 0.000E+00 0.000E+00 0.000E+00
    66.0 0.000E+00 0.209E-10 0.766E-07 0.130E-07 0.000E+00 0.000E+00 0.000E+00
    67.0 0.000E+00 0.467E-10 0.742E-07 0.902E-08 0.000E+00 0.000E+00 0.000E+00

    
  E*/MeV   185Po     186Po     187Po     188Po     189Po     190Po     191Po  
    24.0 0.000E+00 0.000E+00 0.000E+00 0.000E+00 0.000E+00 0.864E-10 0.242E-11
    25.0 0.000E+00 0.000E+00 0.000E+00 0.000E+00 0.723E-15 0.230E-09 0.363E-11
    26.0 0.000E+00 0.000E+00 0.000E+00 0.000E+00 0.384E-10 0.696E-07 0.357E-08
    27.0 0.000E+00 0.000E+00 0.000E+00 0.000E+00 0.374E-09 0.191E-06 0.792E-08
    28.0 0.000E+00 0.000E+00 0.000E+00 0.000E+00 0.182E-08 0.443E-06 0.135E-07
    29.0 0.000E+00 0.000E+00 0.000E+00 0.000E+00 0.790E-08 0.969E-06 0.222E-07
    30.0 0.000E+00 0.000E+00 0.000E+00 0.000E+00 0.419E-07 0.202E-05 0.350E-07
    31.0 0.000E+00 0.000E+00 0.000E+00 0.000E+00 0.260E-06 0.396E-05 0.507E-07
    32.0 0.000E+00 0.000E+00 0.000E+00 0.000E+00 0.146E-05 0.685E-05 0.545E-07
    33.0 0.000E+00 0.000E+00 0.000E+00 0.000E+00 0.573E-05 0.935E-05 0.000E+00
    34.0 0.000E+00 0.000E+00 0.000E+00 0.000E+00 0.145E-04 0.943E-05 0.000E+00
    35.0 0.000E+00 0.000E+00 0.000E+00 0.000E+00 0.256E-04 0.742E-05 0.000E+00
    36.0 0.000E+00 0.000E+00 0.000E+00 0.380E-11 0.358E-04 0.501E-05 0.000E+00
    37.0 0.000E+00 0.000E+00 0.000E+00 0.355E-10 0.427E-04 0.310E-05 0.000E+00
    38.0 0.000E+00 0.000E+00 0.000E+00 0.224E-09 0.454E-04 0.184E-05 0.000E+00
    39.0 0.000E+00 0.000E+00 0.000E+00 0.109E-08 0.441E-04 0.106E-05 0.000E+00
    
    
      E*/MeV   184Bi     185Bi     186Bi     187Bi     188Bi     189Bi     190Bi  
    20.0 0.000E+00 0.000E+00 0.000E+00 0.134E-05 0.150E-02 0.000E+00 0.181E-03
    21.0 0.000E+00 0.000E+00 0.000E+00 0.446E-05 0.159E-02 0.437E-09 0.321E-03
    22.0 0.000E+00 0.000E+00 0.000E+00 0.126E-04 0.152E-02 0.456E-08 0.528E-03
    23.0 0.000E+00 0.000E+00 0.000E+00 0.310E-04 0.133E-02 0.321E-07 0.814E-03
    24.0 0.000E+00 0.000E+00 0.000E+00 0.669E-04 0.107E-02 0.169E-06 0.117E-02
    25.0 0.000E+00 0.000E+00 0.000E+00 0.128E-03 0.815E-03 0.707E-06 0.156E-02
    26.0 0.000E+00 0.000E+00 0.000E+00 0.217E-03 0.586E-03 0.243E-05 0.195E-02
    27.0 0.000E+00 0.000E+00 0.000E+00 0.328E-03 0.403E-03 0.708E-05 0.224E-02
    28.0 0.000E+00 0.000E+00 0.000E+00 0.444E-03 0.266E-03 0.179E-04 0.241E-02
    29.0 0.000E+00 0.000E+00 0.894E-09 0.534E-03 0.171E-03 0.396E-04 0.241E-02
    30.0 0.000E+00 0.000E+00 0.636E-08 0.574E-03 0.106E-03 0.786E-04 0.226E-02
    31.0 0.000E+00 0.000E+00 0.293E-07 0.557E-03 0.644E-04 0.141E-03 0.200E-02
    32.0 0.000E+00 0.000E+00 0.106E-06 0.494E-03 0.382E-04 0.231E-03 0.167E-02
    33.0 0.000E+00 0.000E+00 0.322E-06 0.406E-03 0.223E-04 0.346E-03 0.134E-02
    34.0 0.000E+00 0.000E+00 0.851E-06 0.314E-03 0.127E-04 0.479E-03 0.102E-02
    35.0 0.000E+00 0.000E+00 0.199E-05 0.231E-03 0.709E-05 0.613E-03 0.757E-03
    36.0 0.000E+00 0.000E+00 0.415E-05 0.162E-03 0.389E-05 0.729E-03 0.542E-03
    37.0 0.000E+00 0.000E+00 0.779E-05 0.111E-03 0.214E-05 0.809E-03 0.377E-03
    38.0 0.000E+00 0.000E+00 0.133E-04 0.732E-04 0.131E-05 0.842E-03 0.256E-03
    39.0 0.000E+00 0.000E+00 0.206E-04 0.473E-04 0.113E-05 0.826E-03 0.171E-03
    40.0 0.000E+00 0.850E-10 0.294E-04 0.299E-04 0.162E-05 0.768E-03 0.111E-03
    41.0 0.000E+00 0.435E-09 0.386E-04 0.187E-04 0.298E-05 0.681E-03 0.717E-04
    42.0 0.000E+00 0.177E-08 0.465E-04 0.115E-04 0.560E-05 0.579E-03 0.455E-04
    43.0 0.000E+00 0.604E-08 0.518E-04 0.697E-05 0.937E-05 0.474E-03 0.286E-04
    44.0 0.000E+00 0.180E-07 0.535E-04 0.420E-05 0.161E-04 0.376E-03 0.177E-04
    45.0 0.000E+00 0.473E-07 0.518E-04 0.251E-05 0.258E-04 0.290E-03 0.109E-04
    46.0 0.000E+00 0.111E-06 0.472E-04 0.149E-05 0.388E-04 0.218E-03 0.668E-05
    47.0 0.000E+00 0.235E-06 0.410E-04 0.880E-06 0.548E-04 0.160E-03 0.405E-05
    48.0 0.000E+00 0.451E-06 0.341E-04 0.521E-06 0.728E-04 0.116E-03 0.244E-05
    49.0 0.000E+00 0.787E-06 0.274E-04 0.315E-06 0.915E-04 0.822E-04 0.146E-05
    50.0 0.000E+00 0.125E-05 0.213E-04 0.212E-06 0.109E-03 0.576E-04 0.872E-06
    51.0 0.000E+00 0.183E-05 0.161E-04 0.193E-06 0.123E-03 0.398E-04 0.513E-06
    52.0 0.000E+00 0.245E-05 0.119E-04 0.266E-06 0.133E-03 0.272E-04 0.298E-06
    53.0 0.000E+00 0.303E-05 0.868E-05 0.472E-06 0.137E-03 0.185E-04 0.171E-06
    54.0 0.165E-10 0.349E-05 0.620E-05 0.868E-06 0.135E-03 0.124E-04 0.953E-07
    55.0 0.618E-10 0.376E-05 0.437E-05 0.153E-05 0.129E-03 0.825E-05 0.518E-07
    56.0 0.201E-09 0.382E-05 0.304E-05 0.251E-05 0.119E-03 0.546E-05 0.248E-07
    57.0 0.579E-09 0.370E-05 0.209E-05 0.386E-05 0.106E-03 0.358E-05 0.155E-08
    58.0 0.149E-08 0.342E-05 0.142E-05 0.555E-05 0.920E-04 0.234E-05 0.000E+00
    60.0 0.736E-08 0.262E-05 0.646E-06 0.958E-05 0.646E-04 0.977E-06 0.000E+00
    60.0 0.736E-08 0.262E-05 0.646E-06 0.958E-05 0.646E-04 0.977E-06 0.000E+00
    61.0 0.142E-07 0.219E-05 0.431E-06 0.116E-04 0.525E-04 0.624E-06 0.000E+00
    62.0 0.254E-07 0.179E-05 0.287E-06 0.134E-04 0.419E-04 0.397E-06 0.000E+00
    63.0 0.418E-07 0.143E-05 0.191E-06 0.147E-04 0.329E-04 0.250E-06 0.000E+00
    64.0 0.639E-07 0.112E-05 0.131E-06 0.156E-04 0.254E-04 0.156E-06 0.000E+00
    65.0 0.913E-07 0.861E-06 0.952E-07 0.159E-04 0.194E-04 0.958E-07 0.000E+00
    66.0 0.122E-06 0.653E-06 0.810E-07 0.157E-04 0.146E-04 0.569E-07 0.000E+00
    67.0 0.154E-06 0.489E-06 0.869E-07 0.150E-04 0.109E-04 0.322E-07 0.000E+00


  E*/MeV   184Bi     185Bi     186Bi     187Bi     188Bi     189Bi     190Bi  
    24.0 0.000E+00 0.000E+00 0.000E+00 0.269E-10 0.155E-10 0.158E-12 0.334E-09
    25.0 0.000E+00 0.000E+00 0.000E+00 0.131E-09 0.262E-10 0.183E-11 0.114E-08
    26.0 0.000E+00 0.000E+00 0.000E+00 0.661E-07 0.539E-07 0.108E-08 0.580E-06
    27.0 0.000E+00 0.000E+00 0.000E+00 0.322E-06 0.149E-06 0.951E-08 0.216E-05
    28.0 0.000E+00 0.000E+00 0.000E+00 0.129E-05 0.302E-06 0.725E-07 0.696E-05
    29.0 0.000E+00 0.000E+00 0.113E-10 0.461E-05 0.575E-06 0.491E-06 0.210E-04
    30.0 0.000E+00 0.000E+00 0.246E-09 0.147E-04 0.106E-05 0.297E-05 0.592E-04
    31.0 0.000E+00 0.000E+00 0.332E-08 0.409E-04 0.187E-05 0.156E-04 0.153E-03
    32.0 0.000E+00 0.000E+00 0.312E-07 0.946E-04 0.300E-05 0.662E-04 0.341E-03
    33.0 0.000E+00 0.000E+00 0.190E-06 0.165E-03 0.400E-05 0.199E-03 0.580E-03
    34.0 0.000E+00 0.000E+00 0.732E-06 0.206E-03 0.412E-05 0.404E-03 0.712E-03
    35.0 0.000E+00 0.000E+00 0.199E-05 0.196E-03 0.334E-05 0.607E-03 0.670E-03
    36.0 0.000E+00 0.000E+00 0.433E-05 0.156E-03 0.229E-05 0.759E-03 0.534E-03
    37.0 0.000E+00 0.000E+00 0.816E-05 0.112E-03 0.146E-05 0.848E-03 0.387E-03
    38.0 0.000E+00 0.000E+00 0.138E-04 0.752E-04 0.101E-05 0.876E-03 0.265E-03
    39.0 0.000E+00 0.000E+00 0.212E-04 0.487E-04 0.101E-05 0.851E-03 0.176E-03
