E_lab	E*/MeV	199At	200At	201At	202At	203At	204At	205At
145.765	30.0	0.000E+00	0.000E+00	0.000E+00	0.499E-07	0.101E-05	0.523E-08	0.367E-11
147.007	31.0	0.000E+00	0.000E+00	0.000E+00	0.800E-06	0.514E-05	0.157E-07	0.877E-11
148.249	32.0	0.000E+00	0.000E+00	0.000E+00	0.824E-05	0.239E-04	0.448E-07	0.178E-10
149.492	33.0	0.000E+00	0.000E+00	0.000E+00	0.651E-04	0.102E-03	0.123E-06	0.000E+00
150.734	34.0	0.000E+00	0.000E+00	0.000E+00	0.425E-03	0.397E-03	0.328E-06	0.000E+00
151.977	35.0	0.000E+00	0.000E+00	0.675E-08	0.228E-02	0.136E-02	0.824E-06	0.000E+00
153.219	36.0	0.000E+00	0.000E+00	0.670E-06	0.921E-02	0.379E-02	0.185E-05	0.000E+00
154.462	37.0	0.000E+00	0.000E+00	0.209E-04	0.266E-01	0.801E-02	0.351E-05	0.000E+00
155.704	38.0	0.000E+00	0.000E+00	0.287E-03	0.592E-01	0.133E-01	0.553E-05	0.000E+00
156.946	39.0	0.000E+00	0.000E+00	0.213E-02	0.110E+00	0.183E-01	0.725E-05	0.000E+00
158.189	40.0	0.000E+00	0.000E+00	0.995E-02	0.180E+00	0.221E-01	0.821E-05	0.000E+00
159.431	41.0	0.000E+00	0.000E+00	0.329E-01	0.268E+00	0.243E-01	0.815E-05	0.000E+00
160.674	42.0	0.000E+00	0.000E+00	0.841E-01	0.363E+00	0.246E-01	0.731E-05	0.000E+00
161.916	43.0	0.000E+00	0.000E+00	0.177E+00	0.453E+00	0.234E-01	0.606E-05	0.000E+00
163.159	44.0	0.000E+00	0.000E+00	0.324E+00	0.523E+00	0.210E-01	0.460E-05	0.000E+00
164.401	45.0	0.000E+00	0.000E+00	0.530E+00	0.566E+00	0.180E-01	0.325E-05	0.000E+00
165.643	46.0	0.000E+00	0.923E-06	0.797E+00	0.577E+00	0.147E-01	0.210E-05	0.000E+00
166.886	47.0	0.000E+00	0.219E-04	0.112E+01	0.559E+00	0.116E-01	0.102E-05	0.000E+00
168.128	48.0	0.000E+00	0.259E-03	0.149E+01	0.519E+00	0.886E-02	0.000E+00	0.000E+00
169.371	49.0	0.000E+00	0.182E-02	0.189E+01	0.462E+00	0.658E-02	0.000E+00	0.000E+00
170.613	50.0	0.000E+00	0.847E-02	0.229E+01	0.397E+00	0.477E-02	0.000E+00	0.000E+00
171.856	51.0	0.000E+00	0.281E-01	0.266E+01	0.330E+00	0.338E-02	0.000E+00	0.000E+00
173.098	52.0	0.000E+00	0.716E-01	0.296E+01	0.266E+00	0.235E-02	0.000E+00	0.000E+00
174.340	53.0	0.000E+00	0.149E+00	0.314E+01	0.209E+00	0.161E-02	0.000E+00	0.000E+00
175.583	54.0	0.000E+00	0.265E+00	0.319E+01	0.160E+00	0.108E-02	0.000E+00	0.000E+00
176.825	55.0	0.147E-05	0.418E+00	0.310E+01	0.119E+00	0.712E-03	0.000E+00	0.000E+00
178.068	56.0	0.174E-04	0.599E+00	0.289E+01	0.873E-01	0.462E-03	0.000E+00	0.000E+00
179.310	57.0	0.133E-03	0.794E+00	0.259E+01	0.625E-01	0.295E-03	0.000E+00	0.000E+00
180.552	58.0	0.703E-03	0.987E+00	0.224E+01	0.438E-01	0.186E-03	0.000E+00	0.000E+00
181.795	59.0	0.274E-02	0.116E+01	0.187E+01	0.302E-01	0.115E-03	0.000E+00	0.000E+00
183.037	60.0	0.821E-02	0.131E+01	0.151E+01	0.204E-01	0.694E-04	0.000E+00	0.000E+00
184.280	61.0	0.199E-01	0.141E+01	0.119E+01	0.136E-01	0.410E-04	0.000E+00	0.000E+00
185.522	62.0	0.407E-01	0.146E+01	0.912E+00	0.892E-02	0.232E-04	0.000E+00	0.000E+00
186.765	63.0	0.725E-01	0.146E+01	0.683E+00	0.578E-02	0.117E-04	0.000E+00	0.000E+00
188.007	64.0	0.116E+00	0.141E+01	0.501E+00	0.369E-02	0.525E-05	0.000E+00	0.000E+00
189.249	65.0	0.168E+00	0.132E+01	0.361E+00	0.234E-02	0.000E+00	0.000E+00	0.000E+00
190.492	66.0	0.227E+00	0.120E+01	0.256E+00	0.146E-02	0.000E+00	0.000E+00	0.000E+00
191.734	67.0	0.289E+00	0.106E+01	0.179E+00	0.908E-03	0.000E+00	0.000E+00	0.000E+00
192.977	68.0	0.348E+00	0.910E+00	0.124E+00	0.559E-03	0.000E+00	0.000E+00	0.000E+00
194.219	69.0	0.402E+00	0.765E+00	0.847E-01	0.341E-03	0.000E+00	0.000E+00	0.000E+00
195.462	70.0	0.445E+00	0.630E+00	0.575E-01	0.207E-03	0.000E+00	0.000E+00	0.000E+00
196.704	71.0	0.476E+00	0.508E+00	0.387E-01	0.125E-03	0.000E+00	0.000E+00	0.000E+00
197.946	72.0	0.493E+00	0.404E+00	0.259E-01	0.744E-04	0.000E+00	0.000E+00	0.000E+00
199.189	73.0	0.494E+00	0.316E+00	0.173E-01	0.439E-04	0.000E+00	0.000E+00	0.000E+00
200.431	74.0	0.482E+00	0.243E+00	0.114E-01	0.257E-04	0.000E+00	0.000E+00	0.000E+00
201.674	75.0	0.459E+00	0.185E+00	0.756E-02	0.148E-04	0.000E+00	0.000E+00	0.000E+00
202.916	76.0	0.425E+00	0.140E+00	0.497E-02	0.841E-05	0.000E+00	0.000E+00	0.000E+00
204.159	77.0	0.386E+00	0.104E+00	0.326E-02	0.448E-05	0.000E+00	0.000E+00	0.000E+00
205.401	78.0	0.343E+00	0.768E-01	0.213E-02	0.177E-05	0.000E+00	0.000E+00	0.000E+00
206.643	79.0	0.298E+00	0.563E-01	0.138E-02	0.000E+00	0.000E+00	0.000E+00	0.000E+00
207.886	80.0	0.255E+00	0.409E-01	0.898E-03	0.000E+00	0.000E+00	0.000E+00	0.000E+00


E_lab	E*/MeV	198Po	199Po	200Po	201Po	202Po	203Po	204Po
145.765	30.0	0.000E+00	0.000E+00	0.000E+00	0.000E+00	0.897E-08	0.371E-07	0.116E-08
147.007	31.0	0.000E+00	0.000E+00	0.000E+00	0.000E+00	0.904E-07	0.201E-06	0.422E-08
148.249	32.0	0.000E+00	0.000E+00	0.000E+00	0.000E+00	0.773E-06	0.100E-05	0.147E-07
149.492	33.0	0.000E+00	0.000E+00	0.000E+00	0.000E+00	0.577E-05	0.453E-05	0.484E-07
150.734	34.0	0.000E+00	0.000E+00	0.000E+00	0.347E-09	0.379E-04	0.187E-04	0.154E-06
151.977	35.0	0.000E+00	0.000E+00	0.000E+00	0.240E-07	0.211E-03	0.677E-04	0.456E-06
153.219	36.0	0.000E+00	0.000E+00	0.000E+00	0.602E-06	0.902E-03	0.196E-03	0.119E-05
154.462	37.0	0.000E+00	0.000E+00	0.000E+00	0.722E-05	0.279E-02	0.434E-03	0.263E-05
155.704	38.0	0.000E+00	0.000E+00	0.000E+00	0.519E-04	0.669E-02	0.761E-03	0.480E-05
156.946	39.0	0.000E+00	0.000E+00	0.000E+00	0.259E-03	0.135E-01	0.113E-02	0.739E-05
158.189	40.0	0.000E+00	0.000E+00	0.000E+00	0.999E-03	0.244E-01	0.148E-02	0.989E-05
159.431	41.0	0.000E+00	0.000E+00	0.000E+00	0.317E-02	0.406E-01	0.179E-02	0.117E-04
160.674	42.0	0.000E+00	0.000E+00	0.000E+00	0.850E-02	0.624E-01	0.200E-02	0.125E-04
161.916	43.0	0.000E+00	0.000E+00	0.176E-06	0.197E-01	0.892E-01	0.210E-02	0.122E-04
163.159	44.0	0.000E+00	0.000E+00	0.236E-05	0.403E-01	0.119E+00	0.209E-02	0.112E-04
164.401	45.0	0.000E+00	0.000E+00	0.202E-04	0.745E-01	0.149E+00	0.198E-02	0.963E-05
165.643	46.0	0.000E+00	0.000E+00	0.125E-03	0.126E+00	0.177E+00	0.180E-02	0.792E-05
166.886	47.0	0.000E+00	0.000E+00	0.596E-03	0.199E+00	0.201E+00	0.156E-02	0.622E-05
168.128	48.0	0.000E+00	0.000E+00	0.228E-02	0.294E+00	0.217E+00	0.132E-02	0.471E-05
169.371	49.0	0.000E+00	0.000E+00	0.720E-02	0.412E+00	0.225E+00	0.107E-02	0.342E-05
170.613	50.0	0.000E+00	0.000E+00	0.193E-01	0.547E+00	0.224E+00	0.846E-03	0.241E-05
171.856	51.0	0.000E+00	0.000E+00	0.447E-01	0.692E+00	0.216E+00	0.651E-03	0.164E-05
173.098	52.0	0.000E+00	0.000E+00	0.917E-01	0.836E+00	0.201E+00	0.488E-03	0.107E-05
174.340	53.0	0.000E+00	0.000E+00	0.169E+00	0.965E+00	0.181E+00	0.358E-03	0.661E-06
175.583	54.0	0.000E+00	0.147E-05	0.284E+00	0.107E+01	0.158E+00	0.258E-03	0.367E-06
176.825	55.0	0.000E+00	0.115E-04	0.441E+00	0.113E+01	0.134E+00	0.181E-03	0.151E-06
178.068	56.0	0.000E+00	0.667E-04	0.636E+00	0.114E+01	0.111E+00	0.126E-03	0.000E+00
179.310	57.0	0.000E+00	0.302E-03	0.863E+00	0.112E+01	0.892E-01	0.852E-04	0.000E+00
180.552	58.0	0.000E+00	0.111E-02	0.111E+01	0.105E+01	0.701E-01	0.569E-04	0.000E+00
181.795	59.0	0.000E+00	0.340E-02	0.136E+01	0.952E+00	0.538E-01	0.373E-04	0.000E+00
183.037	60.0	0.000E+00	0.888E-02	0.160E+01	0.837E+00	0.403E-01	0.241E-04	0.000E+00
184.280	61.0	0.000E+00	0.203E-01	0.181E+01	0.713E+00	0.296E-01	0.152E-04	0.000E+00
185.522	62.0	0.000E+00	0.410E-01	0.198E+01	0.592E+00	0.214E-01	0.944E-05	0.000E+00
186.765	63.0	0.425E-06	0.748E-01	0.209E+01	0.479E+00	0.151E-01	0.573E-05	0.000E+00
188.007	64.0	0.276E-05	0.125E+00	0.216E+01	0.379E+00	0.105E-01	0.338E-05	0.000E+00
189.249	65.0	0.140E-04	0.192E+00	0.216E+01	0.293E+00	0.721E-02	0.192E-05	0.000E+00
190.492	66.0	0.585E-04	0.276E+00	0.211E+01	0.223E+00	0.487E-02	0.103E-05	0.000E+00
191.734	67.0	0.206E-03	0.373E+00	0.200E+01	0.166E+00	0.325E-02	0.450E-06	0.000E+00
192.977	68.0	0.627E-03	0.480E+00	0.186E+01	0.122E+00	0.215E-02	0.137E-07	0.000E+00
194.219	69.0	0.167E-02	0.589E+00	0.169E+01	0.888E-01	0.140E-02	0.000E+00	0.000E+00
195.462	70.0	0.396E-02	0.695E+00	0.150E+01	0.637E-01	0.907E-03	0.000E+00	0.000E+00
196.704	71.0	0.843E-02	0.793E+00	0.131E+01	0.452E-01	0.582E-03	0.000E+00	0.000E+00
197.946	72.0	0.164E-01	0.876E+00	0.112E+01	0.317E-01	0.371E-03	0.000E+00	0.000E+00
199.189	73.0	0.292E-01	0.941E+00	0.944E+00	0.221E-01	0.235E-03	0.000E+00	0.000E+00
200.431	74.0	0.482E-01	0.985E+00	0.781E+00	0.153E-01	0.147E-03	0.000E+00	0.000E+00
201.674	75.0	0.746E-01	0.101E+01	0.637E+00	0.105E-01	0.921E-04	0.000E+00	0.000E+00
202.916	76.0	0.109E+00	0.100E+01	0.513E+00	0.715E-02	0.573E-04	0.000E+00	0.000E+00
204.159	77.0	0.151E+00	0.981E+00	0.407E+00	0.484E-02	0.354E-04	0.000E+00	0.000E+00
205.401	78.0	0.199E+00	0.939E+00	0.320E+00	0.326E-02	0.217E-04	0.000E+00	0.000E+00
206.643	79.0	0.252E+00	0.881E+00	0.248E+00	0.219E-02	0.132E-04	0.000E+00	0.000E+00
207.886	80.0	0.308E+00	0.811E+00	0.191E+00	0.146E-02	0.800E-05	0.000E+00	0.000E+00


E_lab	E*/MeV	197Bi	198Bi	199Bi	200Bi	201Bi	202Bi	203Bi
145.765	30.0	0.000E+00	0.000E+00	0.226E-09	0.569E-08	0.516E-09	0.124E-11	0.623E-10
147.007	31.0	0.000E+00	0.000E+00	0.290E-08	0.356E-07	0.200E-08	0.204E-10	0.413E-09
148.249	32.0	0.000E+00	0.000E+00	0.319E-07	0.208E-06	0.738E-08	0.275E-09	0.257E-08
149.492	33.0	0.000E+00	0.000E+00	0.309E-06	0.112E-05	0.258E-07	0.307E-08	0.149E-07
150.734	34.0	0.000E+00	0.000E+00	0.261E-05	0.542E-05	0.856E-07	0.289E-07	0.787E-07
151.977	35.0	0.000E+00	0.000E+00	0.182E-04	0.226E-04	0.265E-06	0.218E-06	0.361E-06
153.219	36.0	0.000E+00	0.146E-08	0.934E-04	0.735E-04	0.713E-06	0.119E-05	0.128E-05
154.462	37.0	0.000E+00	0.502E-07	0.337E-03	0.177E-03	0.162E-05	0.452E-05	0.333E-05
155.704	38.0	0.000E+00	0.629E-06	0.916E-03	0.335E-03	0.312E-05	0.128E-04	0.666E-05
156.946	39.0	0.000E+00	0.440E-05	0.206E-02	0.534E-03	0.540E-05	0.301E-04	0.111E-04
158.189	40.0	0.000E+00	0.219E-04	0.410E-02	0.756E-03	0.921E-05	0.622E-04	0.165E-04
159.431	41.0	0.000E+00	0.881E-04	0.749E-02	0.979E-03	0.170E-04	0.117E-03	0.223E-04
160.674	42.0	0.000E+00	0.302E-03	0.127E-01	0.118E-02	0.357E-04	0.201E-03	0.282E-04
161.916	43.0	0.000E+00	0.900E-03	0.200E-01	0.134E-02	0.800E-04	0.320E-03	0.334E-04
163.159	44.0	0.319E-08	0.238E-02	0.296E-01	0.144E-02	0.176E-03	0.470E-03	0.377E-04
164.401	45.0	0.145E-06	0.561E-02	0.413E-01	0.147E-02	0.367E-03	0.645E-03	0.406E-04
165.643	46.0	0.149E-05	0.119E-01	0.543E-01	0.144E-02	0.707E-03	0.830E-03	0.421E-04
166.886	47.0	0.100E-04	0.229E-01	0.678E-01	0.136E-02	0.126E-02	0.101E-02	0.422E-04
168.128	48.0	0.497E-04	0.403E-01	0.807E-01	0.124E-02	0.211E-02	0.116E-02	0.410E-04
169.371	49.0	0.196E-03	0.657E-01	0.917E-01	0.110E-02	0.330E-02	0.128E-02	0.388E-04
170.613	50.0	0.655E-03	0.100E+00	0.100E+00	0.958E-03	0.490E-02	0.135E-02	0.359E-04
171.856	51.0	0.191E-02	0.144E+00	0.105E+00	0.859E-03	0.693E-02	0.136E-02	0.324E-04
173.098	52.0	0.496E-02	0.196E+00	0.107E+00	0.859E-03	0.937E-02	0.133E-02	0.286E-04
174.340	53.0	0.116E-01	0.254E+00	0.105E+00	0.105E-02	0.122E-01	0.126E-02	0.248E-04
175.583	54.0	0.243E-01	0.314E+00	0.995E-01	0.155E-02	0.152E-01	0.116E-02	0.210E-04
176.825	55.0	0.465E-01	0.370E+00	0.920E-01	0.253E-02	0.183E-01	0.104E-02	0.174E-04
178.068	56.0	0.811E-01	0.417E+00	0.826E-01	0.418E-02	0.212E-01	0.908E-03	0.142E-04
179.310	57.0	0.130E+00	0.450E+00	0.722E-01	0.664E-02	0.236E-01	0.774E-03	0.114E-04
180.552	58.0	0.194E+00	0.466E+00	0.615E-01	0.100E-01	0.254E-01	0.646E-03	0.890E-05
181.795	59.0	0.271E+00	0.464E+00	0.511E-01	0.143E-01	0.264E-01	0.528E-03	0.685E-05
183.037	60.0	0.358E+00	0.445E+00	0.417E-01	0.193E-01	0.265E-01	0.424E-03	0.518E-05
184.280	61.0	0.449E+00	0.413E+00	0.335E-01	0.249E-01	0.258E-01	0.334E-03	0.384E-05
185.522	62.0	0.540E+00	0.371E+00	0.268E-01	0.308E-01	0.244E-01	0.258E-03	0.281E-05
186.765	63.0	0.624E+00	0.324E+00	0.220E-01	0.366E-01	0.225E-01	0.196E-03	0.201E-05
188.007	64.0	0.698E+00	0.276E+00	0.190E-01	0.418E-01	0.203E-01	0.147E-03	0.142E-05
189.249	65.0	0.758E+00	0.229E+00	0.180E-01	0.462E-01	0.179E-01	0.109E-03	0.988E-06
190.492	66.0	0.800E+00	0.186E+00	0.190E-01	0.494E-01	0.155E-01	0.791E-04	0.676E-06
191.734	67.0	0.823E+00	0.148E+00	0.217E-01	0.513E-01	0.132E-01	0.567E-04	0.456E-06
192.977	68.0	0.826E+00	0.115E+00	0.262E-01	0.518E-01	0.105E-01	0.402E-04	0.302E-06
194.219	69.0	0.810E+00	0.887E-01	0.320E-01	0.510E-01	0.786E-02	0.282E-04	0.198E-06
195.462	70.0	0.777E+00	0.672E-01	0.388E-01	0.489E-01	0.589E-02	0.195E-04	0.127E-06
196.704	71.0	0.730E+00	0.502E-01	0.463E-01	0.459E-01	0.428E-02	0.133E-04	0.806E-07
197.946	72.0	0.671E+00	0.373E-01	0.541E-01	0.421E-01	0.309E-02	0.905E-05	0.502E-07
199.189	73.0	0.606E+00	0.277E-01	0.619E-01	0.378E-01	0.219E-02	0.607E-05	0.302E-07
200.431	74.0	0.537E+00	0.209E-01	0.692E-01	0.332E-01	0.152E-02	0.404E-05	0.175E-07
201.674	75.0	0.468E+00	0.166E-01	0.758E-01	0.284E-01	0.107E-02	0.266E-05	0.933E-08
202.916	76.0	0.401E+00	0.143E-01	0.813E-01	0.239E-01	0.737E-03	0.174E-05	0.397E-08
204.159	77.0	0.338E+00	0.139E-01	0.856E-01	0.196E-01	0.516E-03	0.113E-05	0.000E+00
205.401	78.0	0.281E+00	0.151E-01	0.884E-01	0.149E-01	0.332E-03	0.727E-06	0.000E+00
206.643	79.0	0.231E+00	0.179E-01	0.897E-01	0.101E-01	0.220E-03	0.464E-06	0.000E+00
207.886	80.0	0.187E+00	0.220E-01	0.895E-01	0.683E-02	0.153E-03	0.291E-06	0.000E+00


