E_lab	E*/MeV	191Po	192Po	193Po	194Po	195Po	196Po	197Po
196.101	21.0	0.000E+00	0.000E+00	0.000E+00	0.000E+00	0.000E+00	0.357E-08	0.124E-07
197.448	22.0	0.000E+00	0.000E+00	0.000E+00	0.000E+00	0.000E+00	0.272E-07	0.481E-07
198.795	23.0	0.000E+00	0.000E+00	0.000E+00	0.000E+00	0.000E+00	0.187E-06	0.173E-06
200.142	24.0	0.000E+00	0.000E+00	0.000E+00	0.000E+00	0.000E+00	0.117E-05	0.575E-06
201.489	25.0	0.000E+00	0.000E+00	0.000E+00	0.000E+00	0.152E-09	0.665E-05	0.178E-05
202.836	26.0	0.000E+00	0.000E+00	0.000E+00	0.000E+00	0.591E-08	0.331E-04	0.505E-05
204.183	27.0	0.000E+00	0.000E+00	0.000E+00	0.000E+00	0.837E-07	0.131E-03	0.122E-04
205.530	28.0	0.000E+00	0.000E+00	0.000E+00	0.000E+00	0.617E-06	0.382E-03	0.233E-04
206.877	29.0	0.000E+00	0.000E+00	0.000E+00	0.000E+00	0.321E-05	0.839E-03	0.351E-04
208.224	30.0	0.000E+00	0.000E+00	0.000E+00	0.000E+00	0.135E-04	0.151E-02	0.445E-04
209.571	31.0	0.000E+00	0.000E+00	0.000E+00	0.000E+00	0.477E-04	0.231E-02	0.496E-04
210.918	32.0	0.000E+00	0.000E+00	0.000E+00	0.000E+00	0.143E-03	0.312E-02	0.499E-04
212.265	33.0	0.000E+00	0.000E+00	0.000E+00	0.000E+00	0.374E-03	0.379E-02	0.463E-04
213.612	34.0	0.000E+00	0.000E+00	0.000E+00	0.263E-08	0.869E-03	0.422E-02	0.403E-04
214.959	35.0	0.000E+00	0.000E+00	0.000E+00	0.243E-07	0.181E-02	0.437E-02	0.332E-04
216.305	36.0	0.000E+00	0.000E+00	0.000E+00	0.154E-06	0.342E-02	0.422E-02	0.260E-04
217.652	37.0	0.000E+00	0.000E+00	0.000E+00	0.848E-06	0.586E-02	0.383E-02	0.195E-04
218.999	38.0	0.000E+00	0.000E+00	0.000E+00	0.415E-05	0.915E-02	0.329E-02	0.140E-04
220.346	39.0	0.000E+00	0.000E+00	0.000E+00	0.170E-04	0.130E-01	0.269E-02	0.966E-05
221.693	40.0	0.000E+00	0.000E+00	0.000E+00	0.580E-04	0.170E-01	0.211E-02	0.644E-05
223.040	41.0	0.000E+00	0.000E+00	0.000E+00	0.166E-03	0.203E-01	0.159E-02	0.413E-05
224.387	42.0	0.000E+00	0.000E+00	0.000E+00	0.408E-03	0.225E-01	0.115E-02	0.256E-05
225.734	43.0	0.000E+00	0.000E+00	0.000E+00	0.876E-03	0.232E-01	0.811E-03	0.151E-05
227.081	44.0	0.000E+00	0.000E+00	0.000E+00	0.167E-02	0.224E-01	0.553E-03	0.810E-06
228.428	45.0	0.000E+00	0.000E+00	0.000E+00	0.285E-02	0.205E-01	0.367E-03	0.357E-06
229.775	46.0	0.000E+00	0.000E+00	0.156E-07	0.438E-02	0.178E-01	0.238E-03	0.000E+00
231.122	47.0	0.000E+00	0.000E+00	0.767E-07	0.614E-02	0.147E-01	0.150E-03	0.000E+00
232.469	48.0	0.000E+00	0.000E+00	0.264E-06	0.787E-02	0.117E-01	0.933E-04	0.000E+00
233.816	49.0	0.000E+00	0.000E+00	0.742E-06	0.929E-02	0.902E-02	0.568E-04	0.000E+00
235.163	50.0	0.000E+00	0.000E+00	0.192E-05	0.102E-01	0.672E-02	0.340E-04	0.000E+00
236.510	51.0	0.000E+00	0.000E+00	0.476E-05	0.105E-01	0.488E-02	0.200E-04	0.000E+00
237.857	52.0	0.000E+00	0.000E+00	0.111E-04	0.102E-01	0.347E-02	0.116E-04	0.000E+00
239.203	53.0	0.000E+00	0.000E+00	0.241E-04	0.939E-02	0.241E-02	0.660E-05	0.000E+00
240.550	54.0	0.000E+00	0.000E+00	0.480E-04	0.830E-02	0.165E-02	0.367E-05	0.000E+00
241.897	55.0	0.000E+00	0.000E+00	0.880E-04	0.707E-02	0.112E-02	0.200E-05	0.000E+00
243.244	56.0	0.000E+00	0.000E+00	0.149E-03	0.583E-02	0.745E-03	0.100E-05	0.000E+00
244.591	57.0	0.000E+00	0.506E-09	0.235E-03	0.467E-02	0.492E-03	0.435E-06	0.000E+00
245.938	58.0	0.000E+00	0.275E-08	0.345E-03	0.366E-02	0.322E-03	0.000E+00	0.000E+00
247.285	59.0	0.000E+00	0.123E-07	0.473E-03	0.280E-02	0.210E-03	0.000E+00	0.000E+00
248.632	60.0	0.000E+00	0.467E-07	0.609E-03	0.211E-02	0.135E-03	0.000E+00	0.000E+00
249.979	61.0	0.000E+00	0.152E-06	0.739E-03	0.156E-02	0.869E-04	0.000E+00	0.000E+00
251.326	62.0	0.000E+00	0.434E-06	0.849E-03	0.114E-02	0.555E-04	0.000E+00	0.000E+00
252.673	63.0	0.000E+00	0.109E-05	0.929E-03	0.823E-03	0.352E-04	0.000E+00	0.000E+00
254.020	64.0	0.000E+00	0.245E-05	0.972E-03	0.588E-03	0.223E-04	0.000E+00	0.000E+00
255.367	65.0	0.000E+00	0.497E-05	0.977E-03	0.416E-03	0.140E-04	0.000E+00	0.000E+00
256.714	66.0	0.000E+00	0.915E-05	0.947E-03	0.291E-03	0.876E-05	0.000E+00	0.000E+00
258.061	67.0	0.000E+00	0.154E-04	0.888E-03	0.203E-03	0.544E-05	0.000E+00	0.000E+00
259.408	68.0	0.000E+00	0.239E-04	0.808E-03	0.140E-03	0.337E-05	0.000E+00	0.000E+00
260.754	69.0	0.937E-10	0.344E-04	0.717E-03	0.959E-04	0.206E-05	0.000E+00	0.000E+00
262.101	70.0	0.309E-09	0.464E-04	0.622E-03	0.654E-04	0.124E-05	0.000E+00	0.000E+00
263.448	71.0	0.920E-09	0.588E-04	0.527E-03	0.443E-04	0.732E-06	0.000E+00	0.000E+00
264.795	72.0	0.258E-08	0.704E-04	0.439E-03	0.299E-04	0.411E-06	0.000E+00	0.000E+00
266.142	73.0	0.692E-08	0.804E-04	0.359E-03	0.200E-04	0.212E-06	0.000E+00	0.000E+00
267.489	74.0	0.176E-07	0.878E-04	0.290E-03	0.134E-04	0.712E-07	0.000E+00	0.000E+00
268.836	75.0	0.418E-07	0.921E-04	0.230E-03	0.889E-05	0.000E+00	0.000E+00	0.000E+00
270.183	76.0	0.922E-07	0.934E-04	0.181E-03	0.588E-05	0.000E+00	0.000E+00	0.000E+00
271.530	77.0	0.189E-06	0.916E-04	0.140E-03	0.387E-05	0.000E+00	0.000E+00	0.000E+00
272.877	78.0	0.358E-06	0.874E-04	0.108E-03	0.253E-05	0.000E+00	0.000E+00	0.000E+00
274.224	79.0	0.632E-06	0.812E-04	0.819E-04	0.164E-05	0.000E+00	0.000E+00	0.000E+00
275.571	80.0	0.104E-05	0.738E-04	0.618E-04	0.106E-05	0.000E+00	0.000E+00	0.000E+00
