E_lab	E*/MeV	174Hg	175Hg	176Hg	177Hg	178Hg	179Hg	180Hg
351.158	25.0	0.000E+00	0.000E+00	0.000E+00	0.000E+00	0.417E-07	0.289E-07	0.510E-13
353.115	26.0	0.000E+00	0.000E+00	0.000E+00	0.000E+00	0.189E-06	0.519E-07	0.000E+00
355.072	27.0	0.000E+00	0.000E+00	0.000E+00	0.000E+00	0.547E-04	0.116E-03	0.768E-07
357.028	28.0	0.000E+00	0.000E+00	0.000E+00	0.000E+00	0.356E-03	0.672E-03	0.924E-06
358.985	29.0	0.000E+00	0.000E+00	0.000E+00	0.000E+00	0.157E-02	0.193E-02	0.262E-05
360.941	30.0	0.000E+00	0.000E+00	0.000E+00	0.000E+00	0.640E-02	0.456E-02	0.455E-05
362.898	31.0	0.000E+00	0.000E+00	0.000E+00	0.000E+00	0.246E-01	0.102E-01	0.717E-05
364.854	32.0	0.000E+00	0.000E+00	0.000E+00	0.263E-07	0.882E-01	0.220E-01	0.109E-04
366.811	33.0	0.000E+00	0.000E+00	0.000E+00	0.682E-05	0.279E+00	0.440E-01	0.159E-04
368.767	34.0	0.000E+00	0.000E+00	0.000E+00	0.255E-03	0.705E+00	0.767E-01	0.207E-04
370.724	35.0	0.000E+00	0.000E+00	0.000E+00	0.280E-02	0.129E+01	0.106E+00	0.218E-04
372.680	36.0	0.000E+00	0.000E+00	0.000E+00	0.128E-01	0.176E+01	0.113E+00	0.165E-04
374.637	37.0	0.000E+00	0.000E+00	0.000E+00	0.340E-01	0.192E+01	0.954E-01	0.458E-05
376.593	38.0	0.000E+00	0.000E+00	0.000E+00	0.669E-01	0.181E+01	0.671E-01	0.000E+00
378.550	39.0	0.000E+00	0.000E+00	0.000E+00	0.110E+00	0.155E+01	0.420E-01	0.000E+00
380.506	40.0	0.000E+00	0.000E+00	0.000E+00	0.162E+00	0.124E+01	0.246E-01	0.000E+00
382.463	41.0	0.000E+00	0.000E+00	0.000E+00	0.219E+00	0.951E+00	0.139E-01	0.000E+00
384.419	42.0	0.000E+00	0.000E+00	0.754E-07	0.278E+00	0.703E+00	0.772E-02	0.000E+00
386.376	43.0	0.000E+00	0.000E+00	0.175E-05	0.336E+00	0.505E+00	0.425E-02	0.000E+00
388.332	44.0	0.000E+00	0.000E+00	0.176E-04	0.388E+00	0.355E+00	0.232E-02	0.000E+00
390.289	45.0	0.000E+00	0.000E+00	0.103E-03	0.430E+00	0.244E+00	0.126E-02	0.000E+00
392.245	46.0	0.000E+00	0.000E+00	0.404E-03	0.458E+00	0.165E+00	0.684E-03	0.000E+00
394.202	47.0	0.000E+00	0.000E+00	0.116E-02	0.467E+00	0.109E+00	0.370E-03	0.000E+00
396.158	48.0	0.000E+00	0.000E+00	0.264E-02	0.456E+00	0.715E-01	0.199E-03	0.000E+00
398.115	49.0	0.000E+00	0.000E+00	0.509E-02	0.428E+00	0.463E-01	0.107E-03	0.000E+00
400.072	50.0	0.000E+00	0.000E+00	0.865E-02	0.387E+00	0.296E-01	0.573E-04	0.000E+00
402.028	51.0	0.000E+00	0.000E+00	0.134E-01	0.337E+00	0.187E-01	0.305E-04	0.000E+00
403.985	52.0	0.000E+00	0.000E+00	0.191E-01	0.285E+00	0.118E-01	0.155E-04	0.000E+00
405.941	53.0	0.000E+00	0.000E+00	0.257E-01	0.233E+00	0.734E-02	0.742E-05	0.000E+00
407.898	54.0	0.000E+00	0.000E+00	0.329E-01	0.186E+00	0.454E-02	0.288E-05	0.000E+00
409.854	55.0	0.000E+00	0.000E+00	0.402E-01	0.145E+00	0.280E-02	0.000E+00	0.000E+00
411.811	56.0	0.000E+00	0.115E-06	0.471E-01	0.111E+00	0.172E-02	0.000E+00	0.000E+00
413.767	57.0	0.000E+00	0.889E-06	0.530E-01	0.833E-01	0.105E-02	0.000E+00	0.000E+00
415.724	58.0	0.000E+00	0.458E-05	0.574E-01	0.614E-01	0.639E-03	0.000E+00	0.000E+00
417.680	59.0	0.000E+00	0.172E-04	0.600E-01	0.446E-01	0.388E-03	0.000E+00	0.000E+00
419.637	60.0	0.000E+00	0.498E-04	0.605E-01	0.320E-01	0.235E-03	0.000E+00	0.000E+00
421.593	61.0	0.000E+00	0.118E-03	0.590E-01	0.227E-01	0.142E-03	0.000E+00	0.000E+00
423.550	62.0	0.000E+00	0.239E-03	0.558E-01	0.159E-01	0.851E-04	0.000E+00	0.000E+00
425.506	63.0	0.000E+00	0.431E-03	0.512E-01	0.110E-01	0.509E-04	0.000E+00	0.000E+00
427.463	64.0	0.000E+00	0.704E-03	0.458E-01	0.759E-02	0.303E-04	0.000E+00	0.000E+00
429.419	65.0	0.000E+00	0.106E-02	0.399E-01	0.519E-02	0.180E-04	0.000E+00	0.000E+00
431.376	66.0	0.000E+00	0.151E-02	0.340E-01	0.352E-02	0.106E-04	0.000E+00	0.000E+00
433.332	67.0	0.181E-07	0.203E-02	0.284E-01	0.237E-02	0.612E-05	0.000E+00	0.000E+00
435.289	68.0	0.104E-06	0.260E-02	0.232E-01	0.159E-02	0.347E-05	0.000E+00	0.000E+00
437.245	69.0	0.439E-06	0.319E-02	0.187E-01	0.106E-02	0.183E-05	0.000E+00	0.000E+00
439.202	70.0	0.144E-05	0.375E-02	0.148E-01	0.707E-03	0.765E-06	0.000E+00	0.000E+00
441.158	71.0	0.388E-05	0.424E-02	0.116E-01	0.468E-03	0.781E-07	0.000E+00	0.000E+00
443.115	72.0	0.887E-05	0.463E-02	0.894E-02	0.309E-03	0.000E+00	0.000E+00	0.000E+00
445.072	73.0	0.179E-04	0.489E-02	0.681E-02	0.203E-03	0.000E+00	0.000E+00	0.000E+00
447.028	74.0	0.325E-04	0.499E-02	0.514E-02	0.133E-03	0.000E+00	0.000E+00	0.000E+00
448.985	75.0	0.541E-04	0.496E-02	0.384E-02	0.868E-04	0.000E+00	0.000E+00	0.000E+00
450.941	76.0	0.840E-04	0.479E-02	0.284E-02	0.564E-04	0.000E+00	0.000E+00	0.000E+00
452.898	77.0	0.122E-03	0.451E-02	0.209E-02	0.366E-04	0.000E+00	0.000E+00	0.000E+00
454.854	78.0	0.169E-03	0.415E-02	0.152E-02	0.236E-04	0.000E+00	0.000E+00	0.000E+00
456.811	79.0	0.222E-03	0.374E-02	0.111E-02	0.151E-04	0.000E+00	0.000E+00	0.000E+00
458.767	80.0	0.279E-03	0.330E-02	0.796E-03	0.968E-05	0.000E+00	0.000E+00	0.000E+00
460.724	81.0	0.336E-03	0.287E-02	0.570E-03	0.615E-05	0.000E+00	0.000E+00	0.000E+00
462.680	82.0	0.389E-03	0.245E-02	0.407E-03	0.389E-05	0.000E+00	0.000E+00	0.000E+00
464.637	83.0	0.436E-03	0.206E-02	0.289E-03	0.244E-05	0.000E+00	0.000E+00	0.000E+00
466.593	84.0	0.472E-03	0.171E-02	0.204E-03	0.150E-05	0.000E+00	0.000E+00	0.000E+00
468.550	85.0	0.496E-03	0.140E-02	0.143E-03	0.908E-06	0.000E+00	0.000E+00	0.000E+00
470.506	86.0	0.506E-03	0.114E-02	0.100E-03	0.536E-06	0.000E+00	0.000E+00	0.000E+00
472.463	87.0	0.505E-03	0.912E-03	0.700E-04	0.289E-06	0.000E+00	0.000E+00	0.000E+00
474.419	88.0	0.491E-03	0.725E-03	0.487E-04	0.772E-07	0.000E+00	0.000E+00	0.000E+00
476.376	89.0	0.468E-03	0.571E-03	0.337E-04	0.000E+00	0.000E+00	0.000E+00	0.000E+00
478.332	90.0	0.437E-03	0.446E-03	0.232E-04	0.000E+00	0.000E+00	0.000E+00	0.000E+00
