  E*/MeV   189At     190At     191At     BF=0.62     193At     194At     195At  
    20.0 0.000E+00 0.000E+00 0.000E+00 0.000E+00 0.548E-12 0.544E-06 0.000E+00
    22.0 0.000E+00 0.000E+00 0.000E+00 0.000E+00 0.239E-07 0.297E-05 0.000E+00
    24.0 0.000E+00 0.000E+00 0.000E+00 0.000E+00 0.397E-05 0.992E-05 0.000E+00
    26.0 0.000E+00 0.000E+00 0.000E+00 0.000E+00 0.579E-04 0.136E-04 0.000E+00
    28.0 0.000E+00 0.000E+00 0.000E+00 0.000E+00 0.151E-03 0.104E-04 0.000E+00
    30.0 0.000E+00 0.000E+00 0.000E+00 0.000E+00 0.167E-03 0.574E-05 0.000E+00
    32.0 0.000E+00 0.000E+00 0.000E+00 0.162E-08 0.118E-03 0.251E-05 0.000E+00
    34.0 0.000E+00 0.000E+00 0.000E+00 0.387E-06 0.634E-04 0.794E-06 0.000E+00
    36.0 0.000E+00 0.000E+00 0.000E+00 0.587E-05 0.279E-04 0.000E+00 0.000E+00
    38.0 0.000E+00 0.000E+00 0.000E+00 0.258E-04 0.107E-04 0.000E+00 0.000E+00
    40.0 0.000E+00 0.000E+00 0.000E+00 0.476E-04 0.369E-05 0.000E+00 0.000E+00
    42.0 0.000E+00 0.000E+00 0.120E-09 0.488E-04 0.120E-05 0.000E+00 0.000E+00
    44.0 0.000E+00 0.000E+00 0.875E-08 0.352E-04 0.374E-06 0.000E+00 0.000E+00
    46.0 0.000E+00 0.000E+00 0.120E-06 0.206E-04 0.853E-07 0.000E+00 0.000E+00
    48.0 0.000E+00 0.000E+00 0.578E-06 0.106E-04 0.000E+00 0.000E+00 0.000E+00
    50.0 0.000E+00 0.000E+00 0.126E-05 0.499E-05 0.000E+00 0.000E+00 0.000E+00
    52.0 0.000E+00 0.000E+00 0.162E-05 0.221E-05 0.000E+00 0.000E+00 0.000E+00
    54.0 0.000E+00 0.328E-11 0.151E-05 0.942E-06 0.000E+00 0.000E+00 0.000E+00
    56.0 0.000E+00 0.157E-09 0.113E-05 0.389E-06 0.000E+00 0.000E+00 0.000E+00
    58.0 0.000E+00 0.207E-08 0.731E-06 0.158E-06 0.000E+00 0.000E+00 0.000E+00
    60.0 0.000E+00 0.121E-07 0.428E-06 0.623E-07 0.000E+00 0.000E+00 0.000E+00
    62.0 0.000E+00 0.389E-07 0.233E-06 0.234E-07 0.000E+00 0.000E+00 0.000E+00
    64.0 0.000E+00 0.774E-07 0.120E-06 0.697E-08 0.000E+00 0.000E+00 0.000E+00
    66.0 0.711E-12 0.109E-06 0.593E-07 0.000E+00 0.000E+00 0.000E+00 0.000E+00
    68.0 0.139E-10 0.120E-06 0.284E-07 0.000E+00 0.000E+00 0.000E+00 0.000E+00
    70.0 0.107E-09 0.110E-06 0.133E-07 0.000E+00 0.000E+00 0.000E+00 0.000E+00
    
    
      E*/MeV   189At     190At     191At     BF=0.63     193At     194At     195At  
    20.0 0.000E+00 0.000E+00 0.000E+00 0.000E+00 0.668E-12 0.636E-06 0.000E+00
    22.0 0.000E+00 0.000E+00 0.000E+00 0.000E+00 0.286E-07 0.355E-05 0.000E+00
    24.0 0.000E+00 0.000E+00 0.000E+00 0.000E+00 0.471E-05 0.121E-04 0.000E+00
    26.0 0.000E+00 0.000E+00 0.000E+00 0.000E+00 0.680E-04 0.168E-04 0.000E+00
    28.0 0.000E+00 0.000E+00 0.000E+00 0.000E+00 0.178E-03 0.128E-04 0.000E+00
    30.0 0.000E+00 0.000E+00 0.000E+00 0.000E+00 0.199E-03 0.706E-05 0.000E+00
    32.0 0.000E+00 0.000E+00 0.000E+00 0.203E-08 0.143E-03 0.308E-05 0.000E+00
    34.0 0.000E+00 0.000E+00 0.000E+00 0.479E-06 0.773E-04 0.101E-05 0.000E+00
    36.0 0.000E+00 0.000E+00 0.000E+00 0.723E-05 0.342E-04 0.000E+00 0.000E+00
    38.0 0.000E+00 0.000E+00 0.000E+00 0.328E-04 0.131E-04 0.000E+00 0.000E+00
    40.0 0.000E+00 0.000E+00 0.000E+00 0.644E-04 0.455E-05 0.000E+00 0.000E+00
    42.0 0.000E+00 0.000E+00 0.157E-09 0.680E-04 0.148E-05 0.000E+00 0.000E+00
    44.0 0.000E+00 0.000E+00 0.113E-07 0.498E-04 0.460E-06 0.000E+00 0.000E+00
    46.0 0.000E+00 0.000E+00 0.154E-06 0.293E-04 0.110E-06 0.000E+00 0.000E+00
    48.0 0.000E+00 0.000E+00 0.740E-06 0.151E-04 0.000E+00 0.000E+00 0.000E+00
    50.0 0.000E+00 0.000E+00 0.162E-05 0.712E-05 0.000E+00 0.000E+00 0.000E+00
    52.0 0.000E+00 0.000E+00 0.210E-05 0.316E-05 0.000E+00 0.000E+00 0.000E+00
    54.0 0.000E+00 0.436E-11 0.196E-05 0.134E-05 0.000E+00 0.000E+00 0.000E+00
    56.0 0.000E+00 0.207E-09 0.147E-05 0.554E-06 0.000E+00 0.000E+00 0.000E+00
    58.0 0.000E+00 0.271E-08 0.959E-06 0.224E-06 0.000E+00 0.000E+00 0.000E+00
    60.0 0.000E+00 0.159E-07 0.563E-06 0.887E-07 0.000E+00 0.000E+00 0.000E+00
    62.0 0.000E+00 0.511E-07 0.307E-06 0.339E-07 0.000E+00 0.000E+00 0.000E+00
    64.0 0.000E+00 0.102E-06 0.158E-06 0.104E-07 0.000E+00 0.000E+00 0.000E+00
    66.0 0.965E-12 0.145E-06 0.784E-07 0.119E-08 0.000E+00 0.000E+00 0.000E+00
    68.0 0.189E-10 0.160E-06 0.376E-07 0.000E+00 0.000E+00 0.000E+00 0.000E+00
    70.0 0.145E-09 0.148E-06 0.176E-07 0.000E+00 0.000E+00 0.000E+00 0.000E+00
    
    
      E*/MeV   189At     190At     191At     BF=0.64     193At     194At     195At  
    20.0 0.000E+00 0.000E+00 0.000E+00 0.000E+00 0.814E-12 0.759E-06 0.000E+00
    22.0 0.000E+00 0.000E+00 0.000E+00 0.000E+00 0.343E-07 0.433E-05 0.000E+00
    24.0 0.000E+00 0.000E+00 0.000E+00 0.000E+00 0.558E-05 0.151E-04 0.000E+00
    26.0 0.000E+00 0.000E+00 0.000E+00 0.000E+00 0.810E-04 0.213E-04 0.000E+00
    28.0 0.000E+00 0.000E+00 0.000E+00 0.000E+00 0.217E-03 0.165E-04 0.000E+00
    30.0 0.000E+00 0.000E+00 0.000E+00 0.000E+00 0.247E-03 0.911E-05 0.000E+00
    32.0 0.000E+00 0.000E+00 0.000E+00 0.254E-08 0.178E-03 0.399E-05 0.000E+00
    34.0 0.000E+00 0.000E+00 0.000E+00 0.594E-06 0.965E-04 0.137E-05 0.000E+00
    36.0 0.000E+00 0.000E+00 0.000E+00 0.888E-05 0.427E-04 0.000E+00 0.000E+00
    38.0 0.000E+00 0.000E+00 0.000E+00 0.404E-04 0.164E-04 0.000E+00 0.000E+00
    40.0 0.000E+00 0.000E+00 0.000E+00 0.806E-04 0.567E-05 0.000E+00 0.000E+00
    42.0 0.000E+00 0.000E+00 0.206E-09 0.864E-04 0.185E-05 0.000E+00 0.000E+00
    44.0 0.000E+00 0.000E+00 0.147E-07 0.640E-04 0.572E-06 0.000E+00 0.000E+00
    46.0 0.000E+00 0.000E+00 0.197E-06 0.380E-04 0.148E-06 0.000E+00 0.000E+00
    48.0 0.000E+00 0.000E+00 0.941E-06 0.197E-04 0.000E+00 0.000E+00 0.000E+00
    50.0 0.000E+00 0.000E+00 0.205E-05 0.935E-05 0.000E+00 0.000E+00 0.000E+00
    52.0 0.000E+00 0.000E+00 0.264E-05 0.417E-05 0.000E+00 0.000E+00 0.000E+00
    54.0 0.000E+00 0.579E-11 0.245E-05 0.178E-05 0.000E+00 0.000E+00 0.000E+00
    56.0 0.000E+00 0.273E-09 0.184E-05 0.736E-06 0.000E+00 0.000E+00 0.000E+00
    58.0 0.000E+00 0.355E-08 0.120E-05 0.298E-06 0.000E+00 0.000E+00 0.000E+00
    60.0 0.000E+00 0.208E-07 0.702E-06 0.118E-06 0.000E+00 0.000E+00 0.000E+00
    62.0 0.000E+00 0.670E-07 0.382E-06 0.455E-07 0.000E+00 0.000E+00 0.000E+00
    64.0 0.000E+00 0.134E-06 0.197E-06 0.157E-07 0.000E+00 0.000E+00 0.000E+00
    66.0 0.131E-11 0.190E-06 0.974E-07 0.181E-08 0.000E+00 0.000E+00 0.000E+00
    68.0 0.263E-10 0.210E-06 0.466E-07 0.000E+00 0.000E+00 0.000E+00 0.000E+00
    70.0 0.213E-09 0.193E-06 0.218E-07 0.000E+00 0.000E+00 0.000E+00 0.000E+00

    
    
      E*/MeV   189At     190At     191At     BF=0.66     193At     194At     195At  
    20.0 0.000E+00 0.000E+00 0.000E+00 0.000E+00 0.121E-11 0.102E-05 0.000E+00
    22.0 0.000E+00 0.000E+00 0.000E+00 0.000E+00 0.493E-07 0.609E-05 0.000E+00
    24.0 0.000E+00 0.000E+00 0.000E+00 0.000E+00 0.783E-05 0.220E-04 0.000E+00
    26.0 0.000E+00 0.000E+00 0.000E+00 0.000E+00 0.113E-03 0.317E-04 0.000E+00
    28.0 0.000E+00 0.000E+00 0.000E+00 0.000E+00 0.315E-03 0.249E-04 0.000E+00
    30.0 0.000E+00 0.000E+00 0.000E+00 0.000E+00 0.370E-03 0.139E-04 0.000E+00
    32.0 0.000E+00 0.000E+00 0.000E+00 0.398E-08 0.273E-03 0.613E-05 0.000E+00
    34.0 0.000E+00 0.000E+00 0.000E+00 0.913E-06 0.151E-03 0.216E-05 0.000E+00
    36.0 0.000E+00 0.000E+00 0.000E+00 0.134E-04 0.677E-04 0.268E-06 0.000E+00
    38.0 0.000E+00 0.000E+00 0.000E+00 0.618E-04 0.262E-04 0.000E+00 0.000E+00
    40.0 0.000E+00 0.000E+00 0.000E+00 0.128E-03 0.914E-05 0.000E+00 0.000E+00
    42.0 0.000E+00 0.000E+00 0.352E-09 0.140E-03 0.299E-05 0.000E+00 0.000E+00
    44.0 0.000E+00 0.000E+00 0.246E-07 0.105E-03 0.935E-06 0.000E+00 0.000E+00
    46.0 0.000E+00 0.000E+00 0.324E-06 0.627E-04 0.256E-06 0.000E+00 0.000E+00
    48.0 0.000E+00 0.000E+00 0.153E-05 0.326E-04 0.000E+00 0.000E+00 0.000E+00
    50.0 0.000E+00 0.000E+00 0.333E-05 0.155E-04 0.000E+00 0.000E+00 0.000E+00
    52.0 0.000E+00 0.000E+00 0.431E-05 0.692E-05 0.000E+00 0.000E+00 0.000E+00
    54.0 0.000E+00 0.102E-10 0.402E-05 0.296E-05 0.000E+00 0.000E+00 0.000E+00
    56.0 0.000E+00 0.473E-09 0.302E-05 0.122E-05 0.000E+00 0.000E+00 0.000E+00
    58.0 0.000E+00 0.609E-08 0.197E-05 0.496E-06 0.000E+00 0.000E+00 0.000E+00
    60.0 0.000E+00 0.358E-07 0.116E-05 0.197E-06 0.000E+00 0.000E+00 0.000E+00
    62.0 0.000E+00 0.117E-06 0.631E-06 0.766E-07 0.000E+00 0.000E+00 0.000E+00
    64.0 0.336E-13 0.237E-06 0.326E-06 0.276E-07 0.000E+00 0.000E+00 0.000E+00
    66.0 0.241E-11 0.337E-06 0.161E-06 0.591E-08 0.000E+00 0.000E+00 0.000E+00
    68.0 0.475E-10 0.374E-06 0.774E-07 0.000E+00 0.000E+00 0.000E+00 0.000E+00
    70.0 0.383E-09 0.345E-06 0.362E-07 0.000E+00 0.000E+00 0.000E+00 0.000E+00


    
      E*/MeV   189At     190At     191At     BF=0.68     193At     194At     195At  
    20.0 0.000E+00 0.000E+00 0.000E+00 0.000E+00 0.180E-11 0.147E-05 0.000E+00
    22.0 0.000E+00 0.000E+00 0.000E+00 0.000E+00 0.710E-07 0.925E-05 0.000E+00
    24.0 0.000E+00 0.000E+00 0.000E+00 0.000E+00 0.110E-04 0.346E-04 0.000E+00
    26.0 0.000E+00 0.000E+00 0.000E+00 0.000E+00 0.161E-03 0.507E-04 0.000E+00
    28.0 0.000E+00 0.000E+00 0.000E+00 0.000E+00 0.477E-03 0.400E-04 0.000E+00
    30.0 0.000E+00 0.000E+00 0.000E+00 0.000E+00 0.575E-03 0.224E-04 0.000E+00
    32.0 0.000E+00 0.000E+00 0.000E+00 0.624E-08 0.431E-03 0.985E-05 0.000E+00
    34.0 0.000E+00 0.000E+00 0.000E+00 0.140E-05 0.241E-03 0.351E-05 0.000E+00
    36.0 0.000E+00 0.000E+00 0.000E+00 0.202E-04 0.109E-03 0.844E-06 0.000E+00
    38.0 0.000E+00 0.000E+00 0.000E+00 0.937E-04 0.425E-04 0.000E+00 0.000E+00
    40.0 0.000E+00 0.000E+00 0.000E+00 0.198E-03 0.149E-04 0.000E+00 0.000E+00
    42.0 0.000E+00 0.000E+00 0.600E-09 0.220E-03 0.489E-05 0.000E+00 0.000E+00
    44.0 0.000E+00 0.000E+00 0.411E-07 0.165E-03 0.153E-05 0.000E+00 0.000E+00
    46.0 0.000E+00 0.000E+00 0.532E-06 0.991E-04 0.437E-06 0.000E+00 0.000E+00
    48.0 0.000E+00 0.000E+00 0.249E-05 0.517E-04 0.718E-07 0.000E+00 0.000E+00
    50.0 0.000E+00 0.000E+00 0.542E-05 0.246E-04 0.000E+00 0.000E+00 0.000E+00
    52.0 0.000E+00 0.000E+00 0.703E-05 0.110E-04 0.000E+00 0.000E+00 0.000E+00
    54.0 0.000E+00 0.178E-10 0.658E-05 0.471E-05 0.000E+00 0.000E+00 0.000E+00
    56.0 0.000E+00 0.816E-09 0.496E-05 0.195E-05 0.000E+00 0.000E+00 0.000E+00
    58.0 0.000E+00 0.103E-07 0.324E-05 0.792E-06 0.000E+00 0.000E+00 0.000E+00
    60.0 0.000E+00 0.597E-07 0.191E-05 0.316E-06 0.000E+00 0.000E+00 0.000E+00
    62.0 0.000E+00 0.193E-06 0.104E-05 0.123E-06 0.000E+00 0.000E+00 0.000E+00
    64.0 0.621E-13 0.390E-06 0.538E-06 0.450E-07 0.000E+00 0.000E+00 0.000E+00
    66.0 0.439E-11 0.555E-06 0.266E-06 0.118E-07 0.000E+00 0.000E+00 0.000E+00
    68.0 0.867E-10 0.614E-06 0.128E-06 0.000E+00 0.000E+00 0.000E+00 0.000E+00
    70.0 0.708E-09 0.566E-06 0.598E-07 0.000E+00 0.000E+00 0.000E+00 0.000E+00


39.2 4E-5 1e-5
