  E*/MeV   191At     192At     193At     BF=0.57     BF=0.57     196At     197At  
    20.0 0.000E+00 0.000E+00 0.000E+00 0.000E+00 0.174E-10 0.191E-06 0.000E+00
    21.0 0.000E+00 0.000E+00 0.000E+00 0.000E+00 0.133E-08 0.482E-06 0.000E+00
    22.0 0.000E+00 0.000E+00 0.000E+00 0.000E+00 0.353E-07 0.117E-05 0.000E+00
    23.0 0.000E+00 0.000E+00 0.000E+00 0.000E+00 0.487E-06 0.272E-05 0.000E+00
    24.0 0.000E+00 0.000E+00 0.000E+00 0.000E+00 0.427E-05 0.567E-05 0.000E+00
    25.0 0.000E+00 0.000E+00 0.000E+00 0.000E+00 0.237E-04 0.964E-05 0.000E+00
    26.0 0.000E+00 0.000E+00 0.000E+00 0.000E+00 0.781E-04 0.127E-04 0.000E+00
    27.0 0.000E+00 0.000E+00 0.000E+00 0.000E+00 0.157E-03 0.137E-04 0.000E+00
    28.0 0.000E+00 0.000E+00 0.000E+00 0.000E+00 0.229E-03 0.127E-04 0.000E+00
    29.0 0.000E+00 0.000E+00 0.000E+00 0.000E+00 0.272E-03 0.106E-04 0.000E+00
    30.0 0.000E+00 0.000E+00 0.000E+00 0.000E+00 0.278E-03 0.812E-05 0.000E+00
    31.0 0.000E+00 0.000E+00 0.000E+00 0.182E-08 0.255E-03 0.584E-05 0.000E+00
    32.0 0.000E+00 0.000E+00 0.000E+00 0.484E-07 0.214E-03 0.398E-05 0.000E+00
    33.0 0.000E+00 0.000E+00 0.000E+00 0.478E-06 0.168E-03 0.256E-05 0.000E+00
    34.0 0.000E+00 0.000E+00 0.000E+00 0.247E-05 0.124E-03 0.154E-05 0.000E+00
    35.0 0.000E+00 0.000E+00 0.000E+00 0.834E-05 0.867E-04 0.821E-06 0.000E+00
    36.0 0.000E+00 0.000E+00 0.000E+00 0.215E-04 0.581E-04 0.202E-06 0.000E+00
    37.0 0.000E+00 0.000E+00 0.000E+00 0.451E-04 0.375E-04 0.000E+00 0.000E+00
    38.0 0.000E+00 0.000E+00 0.000E+00 0.767E-04 0.234E-04 0.000E+00 0.000E+00
    39.0 0.000E+00 0.000E+00 0.000E+00 0.106E-03 0.142E-04 0.000E+00 0.000E+00
    40.0 0.000E+00 0.000E+00 0.000E+00 0.123E-03 0.838E-05 0.000E+00 0.000E+00
    41.0 0.000E+00 0.000E+00 0.261E-09 0.125E-03 0.487E-05 0.000E+00 0.000E+00
    42.0 0.000E+00 0.000E+00 0.298E-08 0.115E-03 0.278E-05 0.000E+00 0.000E+00
    43.0 0.000E+00 0.000E+00 0.194E-07 0.972E-04 0.157E-05 0.000E+00 0.000E+00
    44.0 0.000E+00 0.000E+00 0.837E-07 0.774E-04 0.870E-06 0.000E+00 0.000E+00
    45.0 0.000E+00 0.000E+00 0.264E-06 0.587E-04 0.474E-06 0.000E+00 0.000E+00
    46.0 0.000E+00 0.000E+00 0.643E-06 0.428E-04 0.235E-06 0.000E+00 0.000E+00
    47.0 0.000E+00 0.000E+00 0.125E-05 0.303E-04 0.977E-07 0.000E+00 0.000E+00
    48.0 0.000E+00 0.000E+00 0.198E-05 0.209E-04 0.000E+00 0.000E+00 0.000E+00
    49.0 0.000E+00 0.000E+00 0.266E-05 0.142E-04 0.000E+00 0.000E+00 0.000E+00
    50.0 0.000E+00 0.000E+00 0.315E-05 0.942E-05 0.000E+00 0.000E+00 0.000E+00
    51.0 0.000E+00 0.000E+00 0.337E-05 0.619E-05 0.000E+00 0.000E+00 0.000E+00
    
    
  E*/MeV   191At     192At     193At     BF=0.58     BF=0.58     196At     197At  
    20.0 0.000E+00 0.000E+00 0.000E+00 0.000E+00 0.216E-10 0.232E-06 0.000E+00
    21.0 0.000E+00 0.000E+00 0.000E+00 0.000E+00 0.164E-08 0.593E-06 0.000E+00
    22.0 0.000E+00 0.000E+00 0.000E+00 0.000E+00 0.430E-07 0.146E-05 0.000E+00
    23.0 0.000E+00 0.000E+00 0.000E+00 0.000E+00 0.589E-06 0.341E-05 0.000E+00
    24.0 0.000E+00 0.000E+00 0.000E+00 0.000E+00 0.513E-05 0.719E-05 0.000E+00
    25.0 0.000E+00 0.000E+00 0.000E+00 0.000E+00 0.284E-04 0.123E-04 0.000E+00
    26.0 0.000E+00 0.000E+00 0.000E+00 0.000E+00 0.929E-04 0.164E-04 0.000E+00
    27.0 0.000E+00 0.000E+00 0.000E+00 0.000E+00 0.186E-03 0.177E-04 0.000E+00
    28.0 0.000E+00 0.000E+00 0.000E+00 0.000E+00 0.273E-03 0.164E-04 0.000E+00
    29.0 0.000E+00 0.000E+00 0.000E+00 0.000E+00 0.324E-03 0.136E-04 0.000E+00
    30.0 0.000E+00 0.000E+00 0.000E+00 0.000E+00 0.333E-03 0.105E-04 0.000E+00
    31.0 0.000E+00 0.000E+00 0.000E+00 0.234E-08 0.307E-03 0.753E-05 0.000E+00
    32.0 0.000E+00 0.000E+00 0.000E+00 0.618E-07 0.259E-03 0.513E-05 0.000E+00
    33.0 0.000E+00 0.000E+00 0.000E+00 0.607E-06 0.204E-03 0.331E-05 0.000E+00
    34.0 0.000E+00 0.000E+00 0.000E+00 0.312E-05 0.151E-03 0.200E-05 0.000E+00
    35.0 0.000E+00 0.000E+00 0.000E+00 0.105E-04 0.106E-03 0.109E-05 0.000E+00
    36.0 0.000E+00 0.000E+00 0.000E+00 0.269E-04 0.714E-04 0.458E-06 0.000E+00
    37.0 0.000E+00 0.000E+00 0.000E+00 0.561E-04 0.462E-04 0.000E+00 0.000E+00
    38.0 0.000E+00 0.000E+00 0.000E+00 0.954E-04 0.289E-04 0.000E+00 0.000E+00
    39.0 0.000E+00 0.000E+00 0.000E+00 0.132E-03 0.175E-04 0.000E+00 0.000E+00
    40.0 0.000E+00 0.000E+00 0.000E+00 0.154E-03 0.104E-04 0.000E+00 0.000E+00
    41.0 0.000E+00 0.000E+00 0.351E-09 0.158E-03 0.604E-05 0.000E+00 0.000E+00
    42.0 0.000E+00 0.000E+00 0.400E-08 0.145E-03 0.346E-05 0.000E+00 0.000E+00
    43.0 0.000E+00 0.000E+00 0.258E-07 0.123E-03 0.195E-05 0.000E+00 0.000E+00
    44.0 0.000E+00 0.000E+00 0.111E-06 0.983E-04 0.108E-05 0.000E+00 0.000E+00
    45.0 0.000E+00 0.000E+00 0.347E-06 0.747E-04 0.589E-06 0.000E+00 0.000E+00
    46.0 0.000E+00 0.000E+00 0.842E-06 0.546E-04 0.297E-06 0.000E+00 0.000E+00
    47.0 0.000E+00 0.000E+00 0.163E-05 0.387E-04 0.142E-06 0.000E+00 0.000E+00
    48.0 0.000E+00 0.000E+00 0.257E-05 0.268E-04 0.791E-08 0.000E+00 0.000E+00
    49.0 0.000E+00 0.000E+00 0.346E-05 0.181E-04 0.000E+00 0.000E+00 0.000E+00
    50.0 0.000E+00 0.000E+00 0.409E-05 0.121E-04 0.000E+00 0.000E+00 0.000E+00
    51.0 0.000E+00 0.000E+00 0.436E-05 0.796E-05 0.000E+00 0.000E+00 0.000E+00


  E*/MeV   191At     192At     193At     BF=0.59     BF=0.59     196At     197At  
    20.0 0.000E+00 0.000E+00 0.000E+00 0.000E+00 0.269E-10 0.266E-06 0.134E-10
    21.0 0.000E+00 0.000E+00 0.000E+00 0.000E+00 0.201E-08 0.692E-06 0.000E+00
    22.0 0.000E+00 0.000E+00 0.000E+00 0.000E+00 0.525E-07 0.172E-05 0.000E+00
    23.0 0.000E+00 0.000E+00 0.000E+00 0.000E+00 0.713E-06 0.406E-05 0.000E+00
    24.0 0.000E+00 0.000E+00 0.000E+00 0.000E+00 0.616E-05 0.861E-05 0.000E+00
    25.0 0.000E+00 0.000E+00 0.000E+00 0.000E+00 0.339E-04 0.149E-04 0.000E+00
    26.0 0.000E+00 0.000E+00 0.000E+00 0.000E+00 0.111E-03 0.198E-04 0.000E+00
    27.0 0.000E+00 0.000E+00 0.000E+00 0.000E+00 0.226E-03 0.214E-04 0.000E+00
    28.0 0.000E+00 0.000E+00 0.000E+00 0.000E+00 0.335E-03 0.199E-04 0.000E+00
    29.0 0.000E+00 0.000E+00 0.000E+00 0.000E+00 0.402E-03 0.166E-04 0.000E+00
    30.0 0.000E+00 0.000E+00 0.000E+00 0.000E+00 0.415E-03 0.128E-04 0.000E+00
    31.0 0.000E+00 0.000E+00 0.000E+00 0.301E-08 0.384E-03 0.920E-05 0.000E+00
    32.0 0.000E+00 0.000E+00 0.000E+00 0.789E-07 0.326E-03 0.628E-05 0.000E+00
    33.0 0.000E+00 0.000E+00 0.000E+00 0.771E-06 0.257E-03 0.407E-05 0.000E+00
    34.0 0.000E+00 0.000E+00 0.000E+00 0.394E-05 0.191E-03 0.250E-05 0.000E+00
    35.0 0.000E+00 0.000E+00 0.000E+00 0.131E-04 0.135E-03 0.136E-05 0.000E+00
    36.0 0.000E+00 0.000E+00 0.000E+00 0.335E-04 0.910E-04 0.653E-06 0.000E+00
    37.0 0.000E+00 0.000E+00 0.000E+00 0.696E-04 0.590E-04 0.000E+00 0.000E+00
    38.0 0.000E+00 0.000E+00 0.000E+00 0.118E-03 0.369E-04 0.000E+00 0.000E+00
    39.0 0.000E+00 0.000E+00 0.000E+00 0.163E-03 0.225E-04 0.000E+00 0.000E+00
    40.0 0.000E+00 0.000E+00 0.000E+00 0.191E-03 0.133E-04 0.000E+00 0.000E+00
    41.0 0.000E+00 0.000E+00 0.473E-09 0.195E-03 0.776E-05 0.000E+00 0.000E+00
    42.0 0.000E+00 0.000E+00 0.535E-08 0.180E-03 0.445E-05 0.000E+00 0.000E+00
    43.0 0.000E+00 0.000E+00 0.344E-07 0.153E-03 0.251E-05 0.000E+00 0.000E+00
    44.0 0.000E+00 0.000E+00 0.147E-06 0.123E-03 0.139E-05 0.000E+00 0.000E+00
    45.0 0.000E+00 0.000E+00 0.458E-06 0.933E-04 0.759E-06 0.000E+00 0.000E+00
    46.0 0.000E+00 0.000E+00 0.111E-05 0.684E-04 0.402E-06 0.000E+00 0.000E+00
    47.0 0.000E+00 0.000E+00 0.214E-05 0.486E-04 0.185E-06 0.000E+00 0.000E+00
    48.0 0.000E+00 0.000E+00 0.339E-05 0.336E-04 0.279E-07 0.000E+00 0.000E+00
    49.0 0.000E+00 0.000E+00 0.457E-05 0.228E-04 0.000E+00 0.000E+00 0.000E+00
    50.0 0.000E+00 0.000E+00 0.542E-05 0.152E-04 0.000E+00 0.000E+00 0.000E+00
    51.0 0.000E+00 0.000E+00 0.580E-05 0.100E-04 0.000E+00 0.000E+00 0.000E+00
    
    
  E*/MeV   191At     192At     193At     BF=0.60     BF=0.60     196At     197At  
    20.0 0.000E+00 0.000E+00 0.000E+00 0.000E+00 0.333E-10 0.327E-06 0.284E-10
    21.0 0.000E+00 0.000E+00 0.000E+00 0.000E+00 0.248E-08 0.862E-06 0.000E+00
    22.0 0.000E+00 0.000E+00 0.000E+00 0.000E+00 0.640E-07 0.217E-05 0.000E+00
    23.0 0.000E+00 0.000E+00 0.000E+00 0.000E+00 0.863E-06 0.518E-05 0.000E+00
    24.0 0.000E+00 0.000E+00 0.000E+00 0.000E+00 0.740E-05 0.111E-04 0.000E+00
    25.0 0.000E+00 0.000E+00 0.000E+00 0.000E+00 0.406E-04 0.194E-04 0.000E+00
    26.0 0.000E+00 0.000E+00 0.000E+00 0.000E+00 0.134E-03 0.261E-04 0.000E+00
    27.0 0.000E+00 0.000E+00 0.000E+00 0.000E+00 0.276E-03 0.285E-04 0.000E+00
    28.0 0.000E+00 0.000E+00 0.000E+00 0.000E+00 0.415E-03 0.266E-04 0.000E+00
    29.0 0.000E+00 0.000E+00 0.000E+00 0.000E+00 0.505E-03 0.224E-04 0.000E+00
    30.0 0.000E+00 0.000E+00 0.000E+00 0.000E+00 0.529E-03 0.173E-04 0.000E+00
    31.0 0.000E+00 0.000E+00 0.000E+00 0.387E-08 0.494E-03 0.125E-04 0.000E+00
    32.0 0.000E+00 0.000E+00 0.000E+00 0.101E-06 0.422E-03 0.857E-05 0.000E+00
    33.0 0.000E+00 0.000E+00 0.000E+00 0.978E-06 0.336E-03 0.557E-05 0.000E+00
    34.0 0.000E+00 0.000E+00 0.000E+00 0.498E-05 0.251E-03 0.344E-05 0.000E+00
    35.0 0.000E+00 0.000E+00 0.000E+00 0.165E-04 0.178E-03 0.195E-05 0.000E+00
    36.0 0.000E+00 0.000E+00 0.000E+00 0.418E-04 0.121E-03 0.966E-06 0.000E+00
    37.0 0.000E+00 0.000E+00 0.000E+00 0.866E-04 0.785E-04 0.964E-07 0.000E+00
    38.0 0.000E+00 0.000E+00 0.000E+00 0.147E-03 0.493E-04 0.000E+00 0.000E+00
    39.0 0.000E+00 0.000E+00 0.000E+00 0.205E-03 0.301E-04 0.000E+00 0.000E+00
    40.0 0.000E+00 0.000E+00 0.000E+00 0.240E-03 0.179E-04 0.000E+00 0.000E+00
    41.0 0.000E+00 0.000E+00 0.636E-09 0.247E-03 0.104E-04 0.000E+00 0.000E+00
    42.0 0.000E+00 0.000E+00 0.716E-08 0.228E-03 0.597E-05 0.000E+00 0.000E+00
    43.0 0.000E+00 0.000E+00 0.457E-07 0.195E-03 0.337E-05 0.000E+00 0.000E+00
    44.0 0.000E+00 0.000E+00 0.194E-06 0.156E-03 0.188E-05 0.000E+00 0.000E+00
    45.0 0.000E+00 0.000E+00 0.602E-06 0.119E-03 0.103E-05 0.000E+00 0.000E+00
    46.0 0.000E+00 0.000E+00 0.145E-05 0.875E-04 0.550E-06 0.000E+00 0.000E+00
    47.0 0.000E+00 0.000E+00 0.279E-05 0.622E-04 0.274E-06 0.000E+00 0.000E+00
    48.0 0.000E+00 0.000E+00 0.441E-05 0.431E-04 0.103E-06 0.000E+00 0.000E+00
    49.0 0.000E+00 0.000E+00 0.594E-05 0.293E-04 0.000E+00 0.000E+00 0.000E+00
    50.0 0.000E+00 0.000E+00 0.702E-05 0.196E-04 0.000E+00 0.000E+00 0.000E+00
    51.0 0.000E+00 0.000E+00 0.750E-05 0.129E-04 0.000E+00 0.000E+00 0.000E+00
    

  E*/MeV   191At     192At     193At     BF=0.69     BF=0.69     196At     197At 
    20.0 0.000E+00 0.000E+00 0.000E+00 0.000E+00 0.234E-09 0.169E-05 0.909E-09
    21.0 0.000E+00 0.000E+00 0.000E+00 0.000E+00 0.160E-07 0.508E-05 0.161E-08
    22.0 0.000E+00 0.000E+00 0.000E+00 0.000E+00 0.383E-06 0.142E-04 0.260E-08
    23.0 0.000E+00 0.000E+00 0.000E+00 0.000E+00 0.481E-05 0.369E-04 0.296E-08
    24.0 0.000E+00 0.000E+00 0.000E+00 0.000E+00 0.386E-04 0.845E-04 0.000E+00
    25.0 0.000E+00 0.000E+00 0.000E+00 0.000E+00 0.206E-03 0.155E-03 0.000E+00
    26.0 0.000E+00 0.000E+00 0.000E+00 0.000E+00 0.747E-03 0.217E-03 0.000E+00
    27.0 0.000E+00 0.000E+00 0.000E+00 0.000E+00 0.186E-02 0.245E-03 0.000E+00
    28.0 0.000E+00 0.000E+00 0.000E+00 0.000E+00 0.319E-02 0.236E-03 0.000E+00
    29.0 0.000E+00 0.000E+00 0.000E+00 0.000E+00 0.425E-02 0.203E-03 0.000E+00
    30.0 0.000E+00 0.000E+00 0.000E+00 0.000E+00 0.477E-02 0.161E-03 0.000E+00
    31.0 0.000E+00 0.000E+00 0.000E+00 0.364E-07 0.470E-02 0.119E-03 0.000E+00
    32.0 0.000E+00 0.000E+00 0.000E+00 0.889E-06 0.420E-02 0.826E-04 0.000E+00
    33.0 0.000E+00 0.000E+00 0.000E+00 0.821E-05 0.347E-02 0.545E-04 0.000E+00
    34.0 0.000E+00 0.000E+00 0.000E+00 0.397E-04 0.268E-02 0.344E-04 0.000E+00
    35.0 0.000E+00 0.000E+00 0.000E+00 0.124E-03 0.195E-02 0.208E-04 0.000E+00
    36.0 0.000E+00 0.000E+00 0.000E+00 0.300E-03 0.136E-02 0.120E-04 0.000E+00
    37.0 0.000E+00 0.000E+00 0.000E+00 0.609E-03 0.899E-03 0.665E-05 0.000E+00
    38.0 0.000E+00 0.000E+00 0.000E+00 0.107E-02 0.575E-03 0.346E-05 0.000E+00
    39.0 0.000E+00 0.000E+00 0.000E+00 0.160E-02 0.356E-03 0.147E-05 0.000E+00
    40.0 0.000E+00 0.000E+00 0.347E-09 0.204E-02 0.215E-03 0.000E+00 0.000E+00
    41.0 0.000E+00 0.000E+00 0.894E-08 0.224E-02 0.127E-03 0.000E+00 0.000E+00
    42.0 0.000E+00 0.000E+00 0.953E-07 0.219E-02 0.733E-04 0.000E+00 0.000E+00
    43.0 0.000E+00 0.000E+00 0.578E-06 0.196E-02 0.419E-04 0.000E+00 0.000E+00
    44.0 0.000E+00 0.000E+00 0.234E-05 0.163E-02 0.237E-04 0.000E+00 0.000E+00
    45.0 0.000E+00 0.000E+00 0.703E-05 0.128E-02 0.132E-04 0.000E+00 0.000E+00
    46.0 0.000E+00 0.000E+00 0.170E-04 0.969E-03 0.734E-05 0.000E+00 0.000E+00
    47.0 0.000E+00 0.000E+00 0.344E-04 0.706E-03 0.404E-05 0.000E+00 0.000E+00
    48.0 0.000E+00 0.000E+00 0.584E-04 0.501E-03 0.218E-05 0.000E+00 0.000E+00
    49.0 0.000E+00 0.000E+00 0.845E-04 0.347E-03 0.112E-05 0.000E+00 0.000E+00
    50.0 0.000E+00 0.000E+00 0.106E-03 0.236E-03 0.556E-06 0.000E+00 0.000E+00
    51.0 0.000E+00 0.000E+00 0.119E-03 0.158E-03 0.198E-06 0.000E+00 0.000E+00


    
    24 130E-6 50E-6
    28 260E-6 80E-6
    34 130E-6 30E-6
    40 38E-6 10E-6
    50 2.7E-6 1.3E-6
