          Programm HIVAP,  Autor  W.Reisdorf   Version fuer "rzri6f" vom  7. 6. 1994

           Bearbeitung F.P.Heßberger
           
   54Cr + 207Pb ---> 261Sg  24.2.2020 (A. Sitarcik)                     
           

 Unterprogramm SEPENF

 benutzt Sierks Programm BARFIT 
 Q-Wert  -185.576 MeV
 Massen aus der Datei "mlz.dat" 

         Exp. Schaleneffekte,  SHELL0=    0.00
          Sg  255   Sg  256   Sg  257   Sg  258   Sg  259   Sg  260   Sg  261
             -3.60     -2.93     -3.62     -2.93     -3.60     -2.89     -3.52
          Ha  254   Ha  255   Ha  256   Ha  257   Ha  258   Ha  259   Ha  260
             -4.24     -3.56     -4.26     -3.57     -4.23     -3.52     -4.16
          Rf  253   Rf  254   Rf  255   Rf  256   Rf  257   Rf  258   Rf  259
             -3.48     -2.81     -3.51     -2.82     -3.49     -2.77     -3.42

           BARFAC=   1.000      BAR0=   0.000

          Separationsenergien (BN,BP,BA) und Spaltbarrieren
          Sg  255   Sg  256   Sg  257   Sg  258   Sg  259   Sg  260   Sg  261
              7.43      8.66      7.15      8.38      6.87      8.10      6.60
              1.58      1.77      1.96      2.15      2.34      2.53      2.72
            -10.51    -10.42    -10.30    -10.20    -10.09     -9.99     -9.87
              3.82      3.17      3.88      3.21      3.90      3.21      3.87
             -0.69      0.00     -0.69      0.00     -0.68      0.00     -0.68
          Ha  254   Ha  255   Ha  256   Ha  257   Ha  258   Ha  259   Ha  260
              7.23      8.47      6.95      8.19      6.68      7.91      6.41
              0.61      0.80      1.00      1.19      1.39      1.58      1.77
            -10.07     -9.97     -9.85     -9.75     -9.64     -9.53     -9.41
              4.58      3.93      4.65      3.98      4.67      3.98      4.64
             -1.38     -0.69     -1.38     -0.69     -1.37     -0.68     -1.36
          Rf  253   Rf  254   Rf  255   Rf  256   Rf  257   Rf  258   Rf  259
              7.04      8.28      6.76      8.00      6.48      7.72      6.22
              2.41      2.60      2.80      2.99      3.18      3.37      3.56
             -9.63     -9.52     -9.41     -9.30     -9.18     -9.08     -8.96
              3.97      3.33      4.05      3.38      4.08      3.39      4.06
             -0.69      0.00     -0.69      0.00     -0.69      0.00     -0.68

 benutzter Q-Wert  -185.576 MeV    effektiver Q-Wert  -185.576 MeV

 HIVAP  CASOUT

   54Cr + 207Pb ---> 261Sg  24.2.2020 (A. Sitarcik)                     


     E_lab  A*MeV   E*/MeV     SI_fus      SI_VR     SI_Spalt  L_krit     b_Spalt

   246.596    4.57    10.0  0.5557E-01  0.2173E-04  0.5555E-01     0.0       99.96
   249.117    4.61    12.0  0.4255E+00  0.6238E-04  0.4254E+00     0.0       99.99
   251.639    4.66    14.0  0.1621E+01  0.2340E-04  0.1621E+01     0.0      100.00
   254.161    4.71    16.0  0.4228E+01  0.6521E-05  0.4228E+01     0.0      100.00
   256.683    4.75    18.0  0.8864E+01  0.4381E-05  0.8864E+01    22.0      100.00
   259.204    4.80    20.0  0.1608E+02  0.1132E-04  0.1608E+02    41.0      100.00
   261.726    4.85    22.0  0.2609E+02  0.1548E-04  0.2609E+02    41.0      100.00
   264.248    4.89    24.0  0.3852E+02  0.8670E-05  0.3852E+02    41.0      100.00
   266.770    4.94    26.0  0.5248E+02  0.3509E-05  0.5248E+02    41.0      100.00
   269.291    4.99    28.0  0.6664E+02  0.1430E-05  0.6664E+02    41.0      100.00
   271.813    5.03    30.0  0.7973E+02  0.6721E-06  0.7973E+02    41.0      100.00
   274.335    5.08    32.0  0.9075E+02  0.3144E-06  0.9075E+02    41.0      100.00
   276.857    5.13    34.0  0.9926E+02  0.1535E-06  0.9926E+02    41.0      100.00
   279.378    5.17    36.0  0.1052E+03  0.9331E-07  0.1052E+03    41.0      100.00
   281.900    5.22    38.0  0.1089E+03  0.6645E-07  0.1089E+03    41.0      100.00
   284.422    5.27    40.0  0.1109E+03  0.4729E-07  0.1109E+03    41.0      100.00

     Querschnitte / mbarn

  E*/MeV   255Sg     256Sg     257Sg     258Sg     259Sg     260Sg     261Sg  
    10.0 0.000E+00 0.000E+00 0.000E+00 0.000E+00 0.000E+00 0.212E-04 0.501E-06
    12.0 0.000E+00 0.000E+00 0.000E+00 0.000E+00 0.000E+00 0.622E-04 0.136E-06
    14.0 0.000E+00 0.000E+00 0.000E+00 0.000E+00 0.000E+00 0.231E-04 0.000E+00
    16.0 0.000E+00 0.000E+00 0.000E+00 0.000E+00 0.187E-07 0.544E-05 0.000E+00
    18.0 0.000E+00 0.000E+00 0.000E+00 0.000E+00 0.129E-05 0.113E-05 0.000E+00
    20.0 0.000E+00 0.000E+00 0.000E+00 0.000E+00 0.935E-05 0.216E-06 0.000E+00
    22.0 0.000E+00 0.000E+00 0.000E+00 0.000E+00 0.145E-04 0.283E-07 0.000E+00
    24.0 0.000E+00 0.000E+00 0.000E+00 0.126E-08 0.809E-05 0.000E+00 0.000E+00
    26.0 0.000E+00 0.000E+00 0.000E+00 0.427E-07 0.298E-05 0.000E+00 0.000E+00
    28.0 0.000E+00 0.000E+00 0.000E+00 0.210E-06 0.897E-06 0.000E+00 0.000E+00
    30.0 0.000E+00 0.000E+00 0.000E+00 0.275E-06 0.241E-06 0.000E+00 0.000E+00
    32.0 0.000E+00 0.000E+00 0.136E-11 0.183E-06 0.607E-07 0.000E+00 0.000E+00
    34.0 0.000E+00 0.000E+00 0.883E-10 0.868E-07 0.146E-07 0.000E+00 0.000E+00
    36.0 0.000E+00 0.000E+00 0.111E-08 0.339E-07 0.282E-08 0.000E+00 0.000E+00
    38.0 0.000E+00 0.000E+00 0.481E-08 0.118E-07 0.000E+00 0.000E+00 0.000E+00
    40.0 0.000E+00 0.135E-13 0.886E-08 0.384E-08 0.000E+00 0.000E+00 0.000E+00

  E*/MeV   254Ha     255Ha     256Ha     257Ha     258Ha     259Ha     260Ha  
    10.0 0.000E+00 0.000E+00 0.000E+00 0.000E+00 0.000E+00 0.000E+00 0.288E-09
    12.0 0.000E+00 0.000E+00 0.000E+00 0.000E+00 0.000E+00 0.000E+00 0.154E-07
    14.0 0.000E+00 0.000E+00 0.000E+00 0.000E+00 0.000E+00 0.000E+00 0.179E-06
    16.0 0.000E+00 0.000E+00 0.000E+00 0.000E+00 0.000E+00 0.784E-11 0.792E-06
    18.0 0.000E+00 0.000E+00 0.000E+00 0.000E+00 0.000E+00 0.933E-09 0.148E-05
    20.0 0.000E+00 0.000E+00 0.000E+00 0.000E+00 0.000E+00 0.162E-07 0.128E-05
    22.0 0.000E+00 0.000E+00 0.000E+00 0.000E+00 0.000E+00 0.993E-07 0.603E-06
    24.0 0.000E+00 0.000E+00 0.000E+00 0.000E+00 0.941E-13 0.264E-06 0.194E-06
    26.0 0.000E+00 0.000E+00 0.000E+00 0.000E+00 0.146E-10 0.342E-06 0.505E-07
    28.0 0.000E+00 0.000E+00 0.000E+00 0.000E+00 0.327E-09 0.246E-06 0.118E-07
    30.0 0.000E+00 0.000E+00 0.000E+00 0.000E+00 0.274E-08 0.118E-06 0.257E-08
    32.0 0.000E+00 0.000E+00 0.000E+00 0.144E-13 0.116E-07 0.435E-07 0.497E-09
    34.0 0.000E+00 0.000E+00 0.000E+00 0.118E-11 0.277E-07 0.137E-07 0.000E+00
    36.0 0.000E+00 0.000E+00 0.000E+00 0.221E-10 0.399E-07 0.394E-08 0.000E+00
    38.0 0.000E+00 0.000E+00 0.000E+00 0.175E-09 0.374E-07 0.107E-08 0.000E+00
    40.0 0.000E+00 0.000E+00 0.000E+00 0.722E-09 0.254E-07 0.276E-09 0.000E+00

  E*/MeV   253Rf     254Rf     255Rf     256Rf     257Rf     258Rf     259Rf  
    10.0 0.000E+00 0.000E+00 0.000E+00 0.000E+00 0.502E-09 0.000E+00 0.000E+00
    12.0 0.000E+00 0.000E+00 0.000E+00 0.000E+00 0.144E-07 0.000E+00 0.000E+00
    14.0 0.000E+00 0.000E+00 0.000E+00 0.000E+00 0.872E-07 0.000E+00 0.000E+00
    16.0 0.000E+00 0.000E+00 0.000E+00 0.116E-10 0.269E-06 0.000E+00 0.000E+00
    18.0 0.000E+00 0.000E+00 0.000E+00 0.564E-09 0.479E-06 0.000E+00 0.340E-14
    20.0 0.000E+00 0.000E+00 0.000E+00 0.502E-08 0.453E-06 0.000E+00 0.144E-12
    22.0 0.000E+00 0.000E+00 0.000E+00 0.209E-07 0.227E-06 0.000E+00 0.220E-11
    24.0 0.000E+00 0.000E+00 0.210E-12 0.517E-07 0.742E-07 0.539E-17 0.164E-10
    26.0 0.000E+00 0.000E+00 0.103E-10 0.742E-07 0.194E-07 0.960E-15 0.667E-10
    28.0 0.000E+00 0.000E+00 0.128E-09 0.600E-07 0.456E-08 0.560E-13 0.161E-09
    30.0 0.000E+00 0.000E+00 0.768E-09 0.307E-07 0.997E-09 0.668E-12 0.245E-09
    32.0 0.000E+00 0.874E-14 0.279E-08 0.117E-07 0.104E-09 0.402E-11 0.246E-09
    34.0 0.000E+00 0.395E-12 0.666E-08 0.376E-08 0.000E+00 0.139E-10 0.176E-09
    36.0 0.000E+00 0.469E-11 0.104E-07 0.109E-08 0.000E+00 0.299E-10 0.956E-10
    38.0 0.000E+00 0.280E-10 0.108E-07 0.301E-09 0.000E+00 0.430E-10 0.426E-10
    40.0 0.000E+00 0.106E-09 0.791E-08 0.772E-10 0.000E+00 0.438E-10 0.165E-10

 Z-Verteilung  
 E*/MeV     Rf         Ha         Sg  
   10.0  0.502E-09 0.288E-09 0.217E-04
   12.0  0.144E-07 0.154E-07 0.624E-04
   14.0  0.872E-07 0.179E-06 0.231E-04
   16.0  0.269E-06 0.792E-06 0.546E-05
   18.0  0.480E-06 0.148E-05 0.242E-05
   20.0  0.458E-06 0.130E-05 0.957E-05
   22.0  0.248E-06 0.703E-06 0.145E-04
   24.0  0.126E-06 0.458E-06 0.809E-05
   26.0  0.937E-07 0.392E-06 0.302E-05
   28.0  0.649E-07 0.258E-06 0.111E-05
   30.0  0.327E-07 0.123E-06 0.516E-06
   32.0  0.149E-07 0.556E-07 0.244E-06
   34.0  0.106E-07 0.414E-07 0.101E-06
   36.0  0.117E-07 0.438E-07 0.378E-07
   38.0  0.112E-07 0.386E-07 0.166E-07
   40.0  0.815E-08 0.264E-07 0.127E-07

 Z und A Mittelwerte    
   E*/MeV     MW.Z  St.Abw.Z      MW.A  St.Abw.A
    10.0    106.00      0.01    260.02      0.15
    12.0    106.00      0.03    260.00      0.07
    14.0    105.98      0.15    259.99      0.18
    16.0    105.80      0.49    259.87      0.60
    18.0    105.44      0.68    259.38      0.94
    20.0    105.80      0.49    259.05      0.54
    22.0    105.92      0.32    259.01      0.33
    24.0    105.92      0.32    258.99      0.33
    26.0    105.83      0.44    258.93      0.48
    28.0    105.73      0.54    258.73      0.69
    30.0    105.72      0.55    258.45      0.74
    32.0    105.73      0.54    258.23      0.72
    34.0    105.59      0.62    258.01      0.82
    36.0    105.28      0.67    257.70      1.03
    38.0    105.08      0.64    257.44      1.13
    40.0    105.10      0.66    257.29      1.12

 HIVAP  CASOUT

   54Cr + 207Pb ---> 261Sg  24.2.2020 (A. Sitarcik)                     


     E_lab  A*MeV   E*/MeV     SI_fus      SI_VR     SI_Spalt  L_krit     b_Spalt

   286.944    5.31    42.0  0.1117E+03  0.3097E-07  0.1117E+03    41.0      100.00
   289.465    5.36    44.0  0.1117E+03  0.1911E-07  0.1117E+03    41.0      100.00
   291.987    5.41    46.0  0.1111E+03  0.1134E-07  0.1111E+03    41.0      100.00
   294.509    5.45    48.0  0.1103E+03  0.6579E-08  0.1103E+03    41.0      100.00
   297.031    5.50    50.0  0.1094E+03  0.3706E-08  0.1094E+03    41.0      100.00
   299.552    5.55    52.0  0.1085E+03  0.2076E-08  0.1085E+03    41.0      100.00
   302.074    5.59    54.0  0.1076E+03  0.1237E-08  0.1076E+03    41.0      100.00
   304.596    5.64    56.0  0.1067E+03  0.8359E-09  0.1067E+03    41.0      100.00
   307.117    5.69    58.0  0.1058E+03  0.6246E-09  0.1058E+03    41.0      100.00
   309.639    5.73    60.0  0.1050E+03  0.4799E-09  0.1050E+03    41.0      100.00

     Querschnitte / mbarn

  E*/MeV   255Sg     256Sg     257Sg     258Sg     259Sg     260Sg     261Sg  
    42.0 0.000E+00 0.783E-12 0.935E-08 0.120E-08 0.000E+00 0.000E+00 0.000E+00
    44.0 0.000E+00 0.112E-10 0.702E-08 0.352E-09 0.000E+00 0.000E+00 0.000E+00
    46.0 0.000E+00 0.563E-10 0.425E-08 0.308E-10 0.000E+00 0.000E+00 0.000E+00
    48.0 0.000E+00 0.131E-09 0.223E-08 0.000E+00 0.000E+00 0.000E+00 0.000E+00
    50.0 0.495E-15 0.182E-09 0.106E-08 0.000E+00 0.000E+00 0.000E+00 0.000E+00
    52.0 0.199E-13 0.183E-09 0.474E-09 0.000E+00 0.000E+00 0.000E+00 0.000E+00
    54.0 0.276E-12 0.146E-09 0.201E-09 0.000E+00 0.000E+00 0.000E+00 0.000E+00
    56.0 0.166E-11 0.998E-10 0.825E-10 0.000E+00 0.000E+00 0.000E+00 0.000E+00
    58.0 0.527E-11 0.609E-10 0.315E-10 0.000E+00 0.000E+00 0.000E+00 0.000E+00
    60.0 0.104E-10 0.342E-10 0.621E-11 0.000E+00 0.000E+00 0.000E+00 0.000E+00

  E*/MeV   254Ha     255Ha     256Ha     257Ha     258Ha     259Ha     260Ha  
    42.0 0.000E+00 0.000E+00 0.344E-14 0.173E-08 0.138E-07 0.419E-10 0.000E+00
    44.0 0.000E+00 0.000E+00 0.101E-12 0.265E-08 0.643E-08 0.000E+00 0.000E+00
    46.0 0.000E+00 0.000E+00 0.128E-11 0.283E-08 0.270E-08 0.000E+00 0.000E+00
    48.0 0.000E+00 0.000E+00 0.877E-11 0.231E-08 0.106E-08 0.000E+00 0.000E+00
    50.0 0.000E+00 0.000E+00 0.371E-10 0.155E-08 0.396E-09 0.000E+00 0.000E+00
    52.0 0.000E+00 0.424E-14 0.103E-09 0.903E-09 0.143E-09 0.000E+00 0.000E+00
    54.0 0.000E+00 0.555E-13 0.199E-09 0.474E-09 0.493E-10 0.000E+00 0.000E+00
    56.0 0.000E+00 0.404E-12 0.284E-09 0.230E-09 0.138E-10 0.000E+00 0.000E+00
    58.0 0.000E+00 0.181E-11 0.316E-09 0.106E-09 0.000E+00 0.000E+00 0.000E+00
    60.0 0.000E+00 0.537E-11 0.289E-09 0.466E-10 0.000E+00 0.000E+00 0.000E+00

  E*/MeV   253Rf     254Rf     255Rf     256Rf     257Rf     258Rf     259Rf  
    42.0 0.119E-14 0.265E-09 0.452E-08 0.201E-11 0.000E+00 0.339E-10 0.580E-11
    44.0 0.256E-13 0.446E-09 0.218E-08 0.000E+00 0.000E+00 0.211E-10 0.191E-11
    46.0 0.261E-12 0.522E-09 0.939E-09 0.000E+00 0.000E+00 0.112E-10 0.592E-12
    48.0 0.162E-11 0.458E-09 0.375E-09 0.000E+00 0.000E+00 0.530E-11 0.104E-12
    50.0 0.684E-11 0.324E-09 0.142E-09 0.000E+00 0.000E+00 0.230E-11 0.000E+00
    52.0 0.203E-10 0.196E-09 0.521E-10 0.000E+00 0.000E+00 0.935E-12 0.000E+00
    54.0 0.428E-10 0.106E-09 0.180E-10 0.000E+00 0.000E+00 0.358E-12 0.000E+00
    56.0 0.664E-10 0.526E-10 0.462E-11 0.000E+00 0.000E+00 0.102E-12 0.000E+00
    58.0 0.793E-10 0.246E-10 0.000E+00 0.000E+00 0.000E+00 0.000E+00 0.000E+00
    60.0 0.768E-10 0.109E-10 0.000E+00 0.000E+00 0.000E+00 0.000E+00 0.000E+00

 Z-Verteilung  
 E*/MeV     Rf         Ha         Sg  
   42.0  0.483E-08 0.156E-07 0.106E-07
   44.0  0.265E-08 0.908E-08 0.738E-08
   46.0  0.147E-08 0.553E-08 0.433E-08
   48.0  0.840E-09 0.338E-08 0.236E-08
   50.0  0.476E-09 0.198E-08 0.125E-08
   52.0  0.269E-09 0.115E-08 0.657E-09
   54.0  0.167E-09 0.723E-09 0.348E-09
   56.0  0.124E-09 0.528E-09 0.184E-09
   58.0  0.104E-09 0.423E-09 0.977E-10
   60.0  0.878E-10 0.341E-09 0.508E-10

 Z und A Mittelwerte    
   E*/MeV     MW.Z  St.Abw.Z      MW.A  St.Abw.A
    42.0    105.18      0.68    257.17      1.06
    44.0    105.25      0.68    257.06      1.01
    46.0    105.25      0.67    256.93      0.99
    48.0    105.23      0.66    256.82      1.00
    50.0    105.21      0.65    256.70      1.02
    52.0    105.19      0.64    256.56      1.06
    54.0    105.15      0.63    256.34      1.12
    56.0    105.07      0.60    256.04      1.19
    58.0    104.99      0.57    255.75      1.21
    60.0    104.92      0.53    255.55      1.21
                                                                        
           



 Ende HIVAP 
