          Programm HIVAP,  Autor  W.Reisdorf   Version fuer "rzri6f" vom  7. 6. 1994

           Bearbeitung F.P.Heßberger
           
   54Cr + 206Pb ---> 260Sg  24.2.2020 (A. Sitarcik)                     
           

 Unterprogramm SEPENF

 benutzt Sierks Programm BARFIT 
 Q-Wert  -185.863 MeV
 Massen aus der Datei "mlz.dat" 

         Exp. Schaleneffekte,  SHELL0=    0.00
          Sg  254   Sg  255   Sg  256   Sg  257   Sg  258   Sg  259   Sg  260
             -2.88     -3.60     -2.93     -3.62     -2.93     -3.60     -2.89
          Ha  253   Ha  254   Ha  255   Ha  256   Ha  257   Ha  258   Ha  259
             -3.51     -4.24     -3.56     -4.26     -3.57     -4.23     -3.52
          Rf  252   Rf  253   Rf  254   Rf  255   Rf  256   Rf  257   Rf  258
             -2.75     -3.48     -2.81     -3.51     -2.82     -3.49     -2.77

           BARFAC=   1.000      BAR0=   0.000

          Separationsenergien (BN,BP,BA) und Spaltbarrieren
          Sg  254   Sg  255   Sg  256   Sg  257   Sg  258   Sg  259   Sg  260
              8.95      7.43      8.66      7.15      8.38      6.87      8.10
              1.38      1.58      1.77      1.96      2.15      2.34      2.53
            -10.62    -10.51    -10.42    -10.30    -10.20    -10.09     -9.99
              3.09      3.82      3.17      3.88      3.21      3.90      3.21
              0.00     -0.69      0.00     -0.69      0.00     -0.68      0.00
          Ha  253   Ha  254   Ha  255   Ha  256   Ha  257   Ha  258   Ha  259
              8.76      7.23      8.47      6.95      8.19      6.68      7.91
              0.41      0.61      0.80      1.00      1.19      1.39      1.58
            -10.18    -10.07     -9.97     -9.85     -9.75     -9.64     -9.53
              3.84      4.58      3.93      4.65      3.98      4.67      3.98
             -0.69     -1.38     -0.69     -1.38     -0.69     -1.37     -0.68
          Rf  252   Rf  253   Rf  254   Rf  255   Rf  256   Rf  257   Rf  258
              8.56      7.04      8.28      6.76      8.00      6.48      7.72
              2.22      2.41      2.60      2.80      2.99      3.18      3.37
             -9.74     -9.63     -9.52     -9.41     -9.30     -9.18     -9.08
              3.22      3.97      3.33      4.05      3.38      4.08      3.39
              0.00     -0.69      0.00     -0.69      0.00     -0.69      0.00

 benutzter Q-Wert  -185.863 MeV    effektiver Q-Wert  -185.863 MeV

 HIVAP  CASOUT

   54Cr + 206Pb ---> 260Sg  24.2.2020 (A. Sitarcik)                     


     E_lab  A*MeV   E*/MeV     SI_fus      SI_VR     SI_Spalt  L_krit     b_Spalt

   247.205    4.58    10.0  0.1078E-01  0.3989E-06  0.1078E-01     0.0      100.00
   249.730    4.62    12.0  0.1435E+00  0.2025E-04  0.1434E+00     0.0       99.99
   252.254    4.67    14.0  0.8287E+00  0.5706E-04  0.8286E+00     0.0       99.99
   254.778    4.72    16.0  0.2759E+01  0.2441E-04  0.2759E+01     0.0      100.00
   257.302    4.76    18.0  0.6737E+01  0.7360E-05  0.6737E+01    16.0      100.00
   259.827    4.81    20.0  0.1355E+02  0.4399E-05  0.1355E+02    41.0      100.00
   262.351    4.86    22.0  0.2367E+02  0.3265E-05  0.2367E+02    41.0      100.00
   264.875    4.91    24.0  0.3686E+02  0.1542E-05  0.3686E+02    41.0      100.00
   267.400    4.95    26.0  0.5208E+02  0.7004E-06  0.5208E+02    41.0      100.00
   269.924    5.00    28.0  0.6764E+02  0.4624E-06  0.6764E+02    41.0      100.00
   272.448    5.05    30.0  0.8188E+02  0.3710E-06  0.8188E+02    41.0      100.00
   274.972    5.09    32.0  0.9353E+02  0.2834E-06  0.9353E+02    41.0      100.00
   277.497    5.14    34.0  0.1021E+03  0.1774E-06  0.1021E+03    41.0      100.00
   280.021    5.19    36.0  0.1077E+03  0.9563E-07  0.1077E+03    41.0      100.00
   282.545    5.23    38.0  0.1108E+03  0.4808E-07  0.1108E+03    41.0      100.00
   285.069    5.28    40.0  0.1122E+03  0.2341E-07  0.1122E+03    41.0      100.00

     Querschnitte / mbarn

  E*/MeV   254Sg     255Sg     256Sg     257Sg     258Sg     259Sg     260Sg  
    10.0 0.000E+00 0.000E+00 0.000E+00 0.000E+00 0.000E+00 0.389E-06 0.965E-08
    12.0 0.000E+00 0.000E+00 0.000E+00 0.000E+00 0.000E+00 0.202E-04 0.000E+00
    14.0 0.000E+00 0.000E+00 0.000E+00 0.000E+00 0.000E+00 0.570E-04 0.000E+00
    16.0 0.000E+00 0.000E+00 0.000E+00 0.000E+00 0.247E-08 0.241E-04 0.000E+00
    18.0 0.000E+00 0.000E+00 0.000E+00 0.000E+00 0.344E-06 0.660E-05 0.000E+00
    20.0 0.000E+00 0.000E+00 0.000E+00 0.000E+00 0.254E-05 0.155E-05 0.000E+00
    22.0 0.000E+00 0.000E+00 0.000E+00 0.000E+00 0.278E-05 0.333E-06 0.000E+00
    24.0 0.000E+00 0.000E+00 0.000E+00 0.401E-11 0.134E-05 0.655E-07 0.000E+00
    26.0 0.000E+00 0.000E+00 0.000E+00 0.979E-09 0.457E-06 0.000E+00 0.000E+00
    28.0 0.000E+00 0.000E+00 0.000E+00 0.201E-07 0.129E-06 0.000E+00 0.000E+00
    30.0 0.000E+00 0.000E+00 0.000E+00 0.946E-07 0.330E-07 0.000E+00 0.000E+00
    32.0 0.000E+00 0.000E+00 0.400E-13 0.143E-06 0.788E-08 0.000E+00 0.000E+00
    34.0 0.000E+00 0.000E+00 0.907E-11 0.109E-06 0.159E-08 0.000E+00 0.000E+00
    36.0 0.000E+00 0.000E+00 0.203E-09 0.582E-07 0.000E+00 0.000E+00 0.000E+00
    38.0 0.000E+00 0.000E+00 0.106E-08 0.252E-07 0.000E+00 0.000E+00 0.000E+00
    40.0 0.000E+00 0.000E+00 0.198E-08 0.959E-08 0.000E+00 0.000E+00 0.000E+00

  E*/MeV   253Ha     254Ha     255Ha     256Ha     257Ha     258Ha     259Ha  
    10.0 0.000E+00 0.000E+00 0.000E+00 0.000E+00 0.000E+00 0.000E+00 0.323E-10
    12.0 0.000E+00 0.000E+00 0.000E+00 0.000E+00 0.000E+00 0.000E+00 0.345E-08
    14.0 0.000E+00 0.000E+00 0.000E+00 0.000E+00 0.000E+00 0.000E+00 0.530E-07
    16.0 0.000E+00 0.000E+00 0.000E+00 0.000E+00 0.000E+00 0.000E+00 0.221E-06
    18.0 0.000E+00 0.000E+00 0.000E+00 0.000E+00 0.000E+00 0.320E-10 0.349E-06
    20.0 0.000E+00 0.000E+00 0.000E+00 0.000E+00 0.000E+00 0.123E-08 0.251E-06
    22.0 0.000E+00 0.000E+00 0.000E+00 0.000E+00 0.000E+00 0.144E-07 0.104E-06
    24.0 0.000E+00 0.000E+00 0.000E+00 0.000E+00 0.460E-13 0.744E-07 0.312E-07
    26.0 0.000E+00 0.000E+00 0.000E+00 0.000E+00 0.837E-11 0.188E-06 0.786E-08
    28.0 0.000E+00 0.000E+00 0.000E+00 0.000E+00 0.204E-09 0.245E-06 0.179E-08
    30.0 0.000E+00 0.000E+00 0.000E+00 0.000E+00 0.174E-08 0.185E-06 0.354E-09
    32.0 0.000E+00 0.000E+00 0.000E+00 0.000E+00 0.686E-08 0.945E-07 0.000E+00
    34.0 0.000E+00 0.000E+00 0.000E+00 0.197E-13 0.142E-07 0.373E-07 0.000E+00
    36.0 0.000E+00 0.000E+00 0.000E+00 0.803E-12 0.174E-07 0.126E-07 0.000E+00
    38.0 0.000E+00 0.000E+00 0.000E+00 0.116E-10 0.140E-07 0.389E-08 0.000E+00
    40.0 0.000E+00 0.000E+00 0.000E+00 0.822E-10 0.849E-08 0.114E-08 0.000E+00

  E*/MeV   252Rf     253Rf     254Rf     255Rf     256Rf     257Rf     258Rf  
    10.0 0.000E+00 0.000E+00 0.000E+00 0.000E+00 0.363E-10 0.000E+00 0.000E+00
    12.0 0.000E+00 0.000E+00 0.000E+00 0.000E+00 0.173E-08 0.000E+00 0.000E+00
    14.0 0.000E+00 0.000E+00 0.000E+00 0.000E+00 0.132E-07 0.000E+00 0.000E+00
    16.0 0.000E+00 0.000E+00 0.000E+00 0.000E+00 0.426E-07 0.000E+00 0.000E+00
    18.0 0.000E+00 0.000E+00 0.000E+00 0.370E-10 0.705E-07 0.000E+00 0.134E-14
    20.0 0.000E+00 0.000E+00 0.000E+00 0.707E-09 0.572E-07 0.000E+00 0.619E-13
    22.0 0.000E+00 0.000E+00 0.000E+00 0.503E-08 0.253E-07 0.000E+00 0.937E-12
    24.0 0.000E+00 0.000E+00 0.248E-13 0.191E-07 0.776E-08 0.000E+00 0.638E-11
    26.0 0.000E+00 0.000E+00 0.309E-11 0.453E-07 0.198E-08 0.299E-16 0.228E-10
    28.0 0.000E+00 0.000E+00 0.458E-10 0.651E-07 0.452E-09 0.119E-13 0.472E-10
    30.0 0.000E+00 0.000E+00 0.266E-09 0.555E-07 0.565E-10 0.187E-12 0.609E-10
    32.0 0.000E+00 0.000E+00 0.915E-09 0.307E-07 0.000E+00 0.154E-11 0.525E-10
    34.0 0.000E+00 0.115E-13 0.200E-08 0.127E-07 0.000E+00 0.750E-11 0.327E-10
    36.0 0.000E+00 0.277E-12 0.275E-08 0.441E-08 0.000E+00 0.230E-10 0.159E-10
    38.0 0.000E+00 0.273E-11 0.249E-08 0.138E-08 0.000E+00 0.469E-10 0.651E-11
    40.0 0.000E+00 0.154E-10 0.163E-08 0.411E-09 0.000E+00 0.663E-10 0.237E-11

 Z-Verteilung  
 E*/MeV     Rf         Ha         Sg  
   10.0  0.363E-10 0.323E-10 0.399E-06
   12.0  0.173E-08 0.345E-08 0.202E-04
   14.0  0.132E-07 0.530E-07 0.570E-04
   16.0  0.426E-07 0.221E-06 0.241E-04
   18.0  0.706E-07 0.349E-06 0.694E-05
   20.0  0.579E-07 0.252E-06 0.409E-05
   22.0  0.303E-07 0.118E-06 0.312E-05
   24.0  0.269E-07 0.106E-06 0.141E-05
   26.0  0.473E-07 0.195E-06 0.458E-06
   28.0  0.657E-07 0.247E-06 0.149E-06
   30.0  0.559E-07 0.188E-06 0.128E-06
   32.0  0.316E-07 0.101E-06 0.150E-06
   34.0  0.147E-07 0.516E-07 0.111E-06
   36.0  0.720E-08 0.300E-07 0.584E-07
   38.0  0.393E-08 0.179E-07 0.262E-07
   40.0  0.212E-08 0.971E-08 0.116E-07

 Z und A Mittelwerte    
   E*/MeV     MW.Z  St.Abw.Z      MW.A  St.Abw.A
    10.0    106.00      0.02    259.02      0.16
    12.0    106.00      0.02    259.00      0.03
    14.0    106.00      0.04    259.00      0.05
    16.0    105.99      0.13    258.99      0.13
    18.0    105.93      0.29    258.92      0.36
    20.0    105.92      0.32    258.38      0.56
    22.0    105.95      0.27    258.11      0.41
    24.0    105.90      0.36    258.02      0.44
    26.0    105.59      0.61    257.81      0.75
    28.0    105.18      0.66    257.54      1.05
    30.0    105.19      0.68    257.29      1.06
    32.0    105.42      0.68    257.14      0.90
    34.0    105.54      0.64    257.04      0.78
    36.0    105.54      0.63    256.95      0.76
    38.0    105.46      0.64    256.85      0.81
    40.0    105.40      0.65    256.71      0.87

 HIVAP  CASOUT

   54Cr + 206Pb ---> 260Sg  24.2.2020 (A. Sitarcik)                     


     E_lab  A*MeV   E*/MeV     SI_fus      SI_VR     SI_Spalt  L_krit     b_Spalt

   287.594    5.33    42.0  0.1125E+03  0.1139E-07  0.1125E+03    41.0      100.00
   290.118    5.37    44.0  0.1120E+03  0.5973E-08  0.1120E+03    41.0      100.00
   292.642    5.42    46.0  0.1112E+03  0.3744E-08  0.1112E+03    41.0      100.00
   295.166    5.47    48.0  0.1103E+03  0.2771E-08  0.1103E+03    41.0      100.00
   297.691    5.51    50.0  0.1094E+03  0.2048E-08  0.1094E+03    41.0      100.00
   300.215    5.56    52.0  0.1085E+03  0.1465E-08  0.1085E+03    41.0      100.00
   302.739    5.61    54.0  0.1076E+03  0.9820E-09  0.1076E+03    41.0      100.00
   305.264    5.65    56.0  0.1067E+03  0.6336E-09  0.1067E+03    41.0      100.00
   307.788    5.70    58.0  0.1058E+03  0.4031E-09  0.1058E+03    41.0      100.00
   310.312    5.75    60.0  0.1049E+03  0.2510E-09  0.1049E+03    41.0      100.00

     Querschnitte / mbarn

  E*/MeV   254Sg     255Sg     256Sg     257Sg     258Sg     259Sg     260Sg  
    42.0 0.000E+00 0.408E-14 0.205E-08 0.339E-08 0.000E+00 0.000E+00 0.000E+00
    44.0 0.000E+00 0.231E-12 0.149E-08 0.114E-08 0.000E+00 0.000E+00 0.000E+00
    46.0 0.000E+00 0.353E-11 0.881E-09 0.373E-09 0.000E+00 0.000E+00 0.000E+00
    48.0 0.000E+00 0.202E-10 0.452E-09 0.113E-09 0.000E+00 0.000E+00 0.000E+00
    50.0 0.000E+00 0.547E-10 0.211E-09 0.000E+00 0.000E+00 0.000E+00 0.000E+00
    52.0 0.143E-14 0.877E-10 0.925E-10 0.000E+00 0.000E+00 0.000E+00 0.000E+00
    54.0 0.280E-13 0.990E-10 0.387E-10 0.000E+00 0.000E+00 0.000E+00 0.000E+00
    56.0 0.202E-12 0.878E-10 0.153E-10 0.000E+00 0.000E+00 0.000E+00 0.000E+00
    58.0 0.698E-12 0.657E-10 0.483E-11 0.000E+00 0.000E+00 0.000E+00 0.000E+00
    60.0 0.144E-11 0.434E-10 0.000E+00 0.000E+00 0.000E+00 0.000E+00 0.000E+00

  E*/MeV   253Ha     254Ha     255Ha     256Ha     257Ha     258Ha     259Ha  
    42.0 0.000E+00 0.000E+00 0.769E-15 0.329E-09 0.421E-08 0.321E-09 0.000E+00
    44.0 0.000E+00 0.000E+00 0.296E-13 0.807E-09 0.183E-08 0.848E-10 0.000E+00
    46.0 0.000E+00 0.000E+00 0.435E-12 0.130E-08 0.728E-09 0.000E+00 0.000E+00
    48.0 0.000E+00 0.000E+00 0.323E-11 0.150E-08 0.273E-09 0.000E+00 0.000E+00
    50.0 0.000E+00 0.000E+00 0.137E-10 0.132E-08 0.986E-10 0.000E+00 0.000E+00
    52.0 0.000E+00 0.000E+00 0.364E-10 0.953E-09 0.341E-10 0.000E+00 0.000E+00
    54.0 0.000E+00 0.141E-14 0.660E-10 0.596E-09 0.100E-10 0.000E+00 0.000E+00
    56.0 0.000E+00 0.190E-13 0.880E-10 0.334E-09 0.000E+00 0.000E+00 0.000E+00
    58.0 0.000E+00 0.148E-12 0.925E-10 0.173E-09 0.000E+00 0.000E+00 0.000E+00
    60.0 0.000E+00 0.726E-12 0.808E-10 0.843E-10 0.000E+00 0.000E+00 0.000E+00

  E*/MeV   252Rf     253Rf     254Rf     255Rf     256Rf     257Rf     258Rf  
    42.0 0.147E-15 0.575E-10 0.850E-09 0.117E-09 0.000E+00 0.684E-10 0.793E-12
    44.0 0.459E-14 0.148E-09 0.383E-09 0.300E-10 0.000E+00 0.546E-10 0.237E-12
    46.0 0.519E-13 0.263E-09 0.156E-09 0.000E+00 0.000E+00 0.357E-10 0.172E-13
    48.0 0.338E-12 0.333E-09 0.599E-10 0.000E+00 0.000E+00 0.200E-10 0.000E+00
    50.0 0.146E-11 0.318E-09 0.219E-10 0.000E+00 0.000E+00 0.998E-11 0.000E+00
    52.0 0.434E-11 0.245E-09 0.754E-11 0.000E+00 0.000E+00 0.458E-11 0.000E+00
    54.0 0.912E-11 0.160E-09 0.126E-11 0.000E+00 0.000E+00 0.198E-11 0.000E+00
    56.0 0.139E-10 0.932E-10 0.000E+00 0.000E+00 0.000E+00 0.809E-12 0.000E+00
    58.0 0.164E-10 0.496E-10 0.000E+00 0.000E+00 0.000E+00 0.308E-12 0.000E+00
    60.0 0.156E-10 0.247E-10 0.000E+00 0.000E+00 0.000E+00 0.374E-13 0.000E+00

 Z-Verteilung  
 E*/MeV     Rf         Ha         Sg  
   42.0  0.109E-08 0.486E-08 0.544E-08
   44.0  0.615E-09 0.272E-08 0.264E-08
   46.0  0.455E-09 0.203E-08 0.126E-08
   48.0  0.413E-09 0.177E-08 0.586E-09
   50.0  0.352E-09 0.143E-08 0.266E-09
   52.0  0.261E-09 0.102E-08 0.180E-09
   54.0  0.173E-09 0.672E-09 0.138E-09
   56.0  0.108E-09 0.422E-09 0.103E-09
   58.0  0.663E-10 0.266E-09 0.712E-10
   60.0  0.403E-10 0.166E-09 0.449E-10

 Z und A Mittelwerte    
   E*/MeV     MW.Z  St.Abw.Z      MW.A  St.Abw.A
    42.0    105.38      0.65    256.56      0.91
    44.0    105.34      0.66    256.33      0.97
    46.0    105.21      0.64    256.01      1.05
    48.0    105.06      0.60    255.73      1.12
    50.0    104.96      0.55    255.53      1.15
    52.0    104.94      0.55    255.42      1.16
    54.0    104.96      0.56    255.31      1.15
    56.0    104.99      0.58    255.19      1.14
    58.0    105.01      0.58    255.07      1.14
    60.0    105.02      0.58    254.94      1.14
                                                                        
           



 Ende HIVAP 
