E_lab	E*/MeV	190Rn	191Rn	192Rn	193Rn	194Rn	195Rn	196Rn	197Rn	198Rn	199Rn
223.949	32.0	0.000E+00	0.000E+00	0.000E+00	0.000E+00	0.000E+00	0.000E+00	0.408E-12	0.119E-10	0.000E+00	0.000E+00
225.302	33.0	0.000E+00	0.000E+00	0.000E+00	0.000E+00	0.000E+00	0.000E+00	0.387E-11	0.216E-10	0.000E+00	0.000E+00
226.656	34.0	0.000E+00	0.000E+00	0.000E+00	0.000E+00	0.000E+00	0.000E+00	0.185E-08	0.154E-07	0.000E+00	0.000E+00
228.010	35.0	0.000E+00	0.000E+00	0.000E+00	0.000E+00	0.000E+00	0.000E+00	0.124E-07	0.361E-07	0.000E+00	0.000E+00
229.364	36.0	0.000E+00	0.000E+00	0.000E+00	0.000E+00	0.000E+00	0.000E+00	0.573E-07	0.702E-07	0.000E+00	0.000E+00
230.717	37.0	0.000E+00	0.000E+00	0.000E+00	0.000E+00	0.000E+00	0.000E+00	0.211E-06	0.133E-06	0.000E+00	0.000E+00
232.071	38.0	0.000E+00	0.000E+00	0.000E+00	0.000E+00	0.000E+00	0.000E+00	0.661E-06	0.245E-06	0.000E+00	0.000E+00
233.425	39.0	0.000E+00	0.000E+00	0.000E+00	0.000E+00	0.000E+00	0.000E+00	0.179E-05	0.437E-06	0.000E+00	0.000E+00
234.779	40.0	0.000E+00	0.000E+00	0.000E+00	0.000E+00	0.000E+00	0.113E-11	0.404E-05	0.708E-06	0.000E+00	0.000E+00
236.132	41.0	0.000E+00	0.000E+00	0.000E+00	0.000E+00	0.000E+00	0.714E-10	0.689E-05	0.942E-06	0.000E+00	0.000E+00
237.486	42.0	0.000E+00	0.000E+00	0.000E+00	0.000E+00	0.000E+00	0.132E-08	0.839E-05	0.958E-06	0.000E+00	0.000E+00
238.840	43.0	0.000E+00	0.000E+00	0.000E+00	0.000E+00	0.000E+00	0.109E-07	0.780E-05	0.761E-06	0.000E+00	0.000E+00
240.194	44.0	0.000E+00	0.000E+00	0.000E+00	0.000E+00	0.000E+00	0.536E-07	0.614E-05	0.510E-06	0.000E+00	0.000E+00
241.547	45.0	0.000E+00	0.000E+00	0.000E+00	0.000E+00	0.000E+00	0.186E-06	0.439E-05	0.307E-06	0.000E+00	0.000E+00
242.901	46.0	0.000E+00	0.000E+00	0.000E+00	0.000E+00	0.000E+00	0.487E-06	0.297E-05	0.152E-06	0.000E+00	0.000E+00
244.255	47.0	0.000E+00	0.000E+00	0.000E+00	0.000E+00	0.000E+00	0.100E-05	0.195E-05	0.219E-07	0.000E+00	0.000E+00
245.608	48.0	0.000E+00	0.000E+00	0.000E+00	0.000E+00	0.000E+00	0.168E-05	0.125E-05	0.000E+00	0.000E+00	0.000E+00
246.962	49.0	0.000E+00	0.000E+00	0.000E+00	0.000E+00	0.000E+00	0.236E-05	0.795E-06	0.000E+00	0.000E+00	0.000E+00
248.316	50.0	0.000E+00	0.000E+00	0.000E+00	0.000E+00	0.000E+00	0.290E-05	0.499E-06	0.000E+00	0.000E+00	0.000E+00
249.670	51.0	0.000E+00	0.000E+00	0.000E+00	0.000E+00	0.176E-11	0.320E-05	0.310E-06	0.000E+00	0.000E+00	0.000E+00
251.023	52.0	0.000E+00	0.000E+00	0.000E+00	0.000E+00	0.200E-10	0.325E-05	0.191E-06	0.000E+00	0.000E+00	0.000E+00
252.377	53.0	0.000E+00	0.000E+00	0.000E+00	0.000E+00	0.146E-09	0.309E-05	0.118E-06	0.000E+00	0.000E+00	0.000E+00
253.731	54.0	0.000E+00	0.000E+00	0.000E+00	0.000E+00	0.730E-09	0.277E-05	0.704E-07	0.000E+00	0.000E+00	0.000E+00
255.085	55.0	0.000E+00	0.000E+00	0.000E+00	0.000E+00	0.266E-08	0.238E-05	0.414E-07	0.000E+00	0.000E+00	0.000E+00
256.438	56.0	0.000E+00	0.000E+00	0.000E+00	0.000E+00	0.736E-08	0.197E-05	0.218E-07	0.000E+00	0.000E+00	0.000E+00
257.792	57.0	0.000E+00	0.000E+00	0.000E+00	0.000E+00	0.162E-07	0.158E-05	0.802E-08	0.000E+00	0.000E+00	0.000E+00
259.146	58.0	0.000E+00	0.000E+00	0.000E+00	0.000E+00	0.294E-07	0.123E-05	0.000E+00	0.000E+00	0.000E+00	0.000E+00
260.500	59.0	0.000E+00	0.000E+00	0.000E+00	0.000E+00	0.458E-07	0.940E-06	0.000E+00	0.000E+00	0.000E+00	0.000E+00
261.853	60.0	0.000E+00	0.000E+00	0.000E+00	0.000E+00	0.628E-07	0.703E-06	0.000E+00	0.000E+00	0.000E+00	0.000E+00
263.207	61.0	0.000E+00	0.000E+00	0.000E+00	0.000E+00	0.779E-07	0.518E-06	0.000E+00	0.000E+00	0.000E+00	0.000E+00
264.561	62.0	0.000E+00	0.000E+00	0.000E+00	0.000E+00	0.889E-07	0.376E-06	0.000E+00	0.000E+00	0.000E+00	0.000E+00
265.915	63.0	0.000E+00	0.000E+00	0.000E+00	0.139E-12	0.947E-07	0.269E-06	0.000E+00	0.000E+00	0.000E+00	0.000E+00
267.268	64.0	0.000E+00	0.000E+00	0.000E+00	0.113E-11	0.953E-07	0.191E-06	0.000E+00	0.000E+00	0.000E+00	0.000E+00
268.622	65.0	0.000E+00	0.000E+00	0.000E+00	0.666E-11	0.915E-07	0.134E-06	0.000E+00	0.000E+00	0.000E+00	0.000E+00
269.976	66.0	0.000E+00	0.000E+00	0.000E+00	0.301E-10	0.844E-07	0.935E-07	0.000E+00	0.000E+00	0.000E+00	0.000E+00
271.330	67.0	0.000E+00	0.000E+00	0.000E+00	0.107E-09	0.751E-07	0.646E-07	0.000E+00	0.000E+00	0.000E+00	0.000E+00
272.683	68.0	0.000E+00	0.000E+00	0.000E+00	0.310E-09	0.649E-07	0.444E-07	0.000E+00	0.000E+00	0.000E+00	0.000E+00
274.037	69.0	0.000E+00	0.000E+00	0.000E+00	0.748E-09	0.547E-07	0.303E-07	0.000E+00	0.000E+00	0.000E+00	0.000E+00
275.391	70.0	0.000E+00	0.000E+00	0.000E+00	0.154E-08	0.450E-07	0.205E-07	0.000E+00	0.000E+00	0.000E+00	0.000E+00
276.745	71.0	0.000E+00	0.000E+00	0.000E+00	0.275E-08	0.364E-07	0.137E-07	0.000E+00	0.000E+00	0.000E+00	0.000E+00
278.098	72.0	0.000E+00	0.000E+00	0.000E+00	0.438E-08	0.289E-07	0.911E-08	0.000E+00	0.000E+00	0.000E+00	0.000E+00
279.452	73.0	0.000E+00	0.000E+00	0.000E+00	0.633E-08	0.226E-07	0.583E-08	0.000E+00	0.000E+00	0.000E+00	0.000E+00
280.806	74.0	0.000E+00	0.000E+00	0.725E-14	0.843E-08	0.174E-07	0.373E-08	0.000E+00	0.000E+00	0.000E+00	0.000E+00
282.160	75.0	0.000E+00	0.000E+00	0.471E-13	0.105E-07	0.133E-07	0.180E-08	0.000E+00	0.000E+00	0.000E+00	0.000E+00
283.513	76.0	0.000E+00	0.000E+00	0.234E-12	0.122E-07	0.100E-07	0.528E-09	0.000E+00	0.000E+00	0.000E+00	0.000E+00
284.867	77.0	0.000E+00	0.000E+00	0.918E-12	0.135E-07	0.747E-08	0.000E+00	0.000E+00	0.000E+00	0.000E+00	0.000E+00
286.221	78.0	0.000E+00	0.000E+00	0.293E-11	0.143E-07	0.553E-08	0.000E+00	0.000E+00	0.000E+00	0.000E+00	0.000E+00
287.574	79.0	0.000E+00	0.000E+00	0.781E-11	0.146E-07	0.406E-08	0.000E+00	0.000E+00	0.000E+00	0.000E+00	0.000E+00
288.928	80.0	0.000E+00	0.000E+00	0.178E-10	0.144E-07	0.295E-08	0.000E+00	0.000E+00	0.000E+00	0.000E+00	0.000E+00
290.282	81.0	0.000E+00	0.000E+00	0.354E-10	0.138E-07	0.214E-08	0.000E+00	0.000E+00	0.000E+00	0.000E+00	0.000E+00
291.636	82.0	0.000E+00	0.000E+00	0.628E-10	0.128E-07	0.152E-08	0.000E+00	0.000E+00	0.000E+00	0.000E+00	0.000E+00
292.989	83.0	0.000E+00	0.000E+00	0.000E+00	0.117E-07	0.108E-08	0.000E+00	0.000E+00	0.000E+00	0.000E+00	0.268E+01
294.343	84.0	0.000E+00	0.000E+00	0.000E+00	0.104E-07	0.743E-09	0.000E+00	0.000E+00	0.000E+00	0.000E+00	0.262E+01
295.697	85.0	0.000E+00	0.000E+00	0.000E+00	0.910E-08	0.450E-09	0.000E+00	0.000E+00	0.000E+00	0.000E+00	0.257E+01
297.051	86.0	0.000E+00	0.000E+00	0.000E+00	0.782E-08	0.285E-09	0.000E+00	0.000E+00	0.000E+00	0.000E+00	0.251E+01
298.404	87.0	0.000E+00	0.000E+00	0.000E+00	0.662E-08	0.166E-09	0.000E+00	0.000E+00	0.000E+00	0.000E+00	0.246E+01
299.758	88.0	0.000E+00	0.000E+00	0.000E+00	0.553E-08	0.951E-10	0.000E+00	0.000E+00	0.000E+00	0.000E+00	0.242E+01
301.112	89.0	0.000E+00	0.000E+00	0.000E+00	0.456E-08	0.398E-10	0.000E+00	0.000E+00	0.000E+00	0.000E+00	0.237E+01
302.466	90.0	0.000E+00	0.000E+00	0.000E+00	0.372E-08	0.000E+00	0.000E+00	0.000E+00	0.000E+00	0.000E+00	0.233E+01
