E_lab	E*/MeV	188At	189At	190At	54Fe+141Pr->191At+4n RITU	192At	193At	194At	195At
225.135	24.0	0.000E+00	0.000E+00	0.000E+00	0.000E+00	0.000E+00	0.319E-10	0.669E-10	0.000E+00
226.518	25.0	0.000E+00	0.000E+00	0.000E+00	0.000E+00	0.000E+00	0.319E-09	0.155E-09	0.000E+00
227.901	26.0	0.000E+00	0.000E+00	0.000E+00	0.000E+00	0.000E+00	0.223E-08	0.347E-09	0.000E+00
229.284	27.0	0.000E+00	0.000E+00	0.000E+00	0.000E+00	0.000E+00	0.105E-07	0.760E-09	0.000E+00
230.667	28.0	0.000E+00	0.000E+00	0.000E+00	0.000E+00	0.000E+00	0.390E-07	0.163E-08	0.000E+00
232.050	29.0	0.000E+00	0.000E+00	0.000E+00	0.000E+00	0.000E+00	0.123E-06	0.341E-08	0.000E+00
233.433	30.0	0.000E+00	0.000E+00	0.000E+00	0.000E+00	0.000E+00	0.333E-06	0.672E-08	0.000E+00
234.816	31.0	0.000E+00	0.000E+00	0.000E+00	0.000E+00	0.000E+00	0.731E-06	0.116E-07	0.000E+00
236.199	32.0	0.000E+00	0.000E+00	0.000E+00	0.000E+00	0.233E-10	0.124E-05	0.161E-07	0.000E+00
237.582	33.0	0.000E+00	0.000E+00	0.000E+00	0.000E+00	0.103E-08	0.165E-05	0.181E-07	0.000E+00
238.965	34.0	0.000E+00	0.000E+00	0.000E+00	0.000E+00	0.151E-07	0.187E-05	0.137E-07	0.000E+00
240.348	35.0	0.000E+00	0.000E+00	0.000E+00	0.000E+00	0.107E-06	0.187E-05	0.000E+00	0.000E+00
241.731	36.0	0.000E+00	0.000E+00	0.000E+00	0.000E+00	0.469E-06	0.170E-05	0.000E+00	0.000E+00
243.114	37.0	0.000E+00	0.000E+00	0.000E+00	0.000E+00	0.150E-05	0.145E-05	0.000E+00	0.000E+00
244.497	38.0	0.000E+00	0.000E+00	0.000E+00	0.000E+00	0.361E-05	0.116E-05	0.000E+00	0.000E+00
245.880	39.0	0.000E+00	0.000E+00	0.000E+00	0.000E+00	0.674E-05	0.884E-06	0.000E+00	0.000E+00
247.263	40.0	0.000E+00	0.000E+00	0.000E+00	0.000E+00	0.102E-04	0.644E-06	0.000E+00	0.000E+00
248.646	41.0	0.000E+00	0.000E+00	0.000E+00	0.000E+00	0.130E-04	0.451E-06	0.000E+00	0.000E+00
250.029	42.0	0.000E+00	0.000E+00	0.000E+00	0.357E-10	0.145E-04	0.303E-06	0.000E+00	0.000E+00
251.412	43.0	0.000E+00	0.000E+00	0.000E+00	0.463E-09	0.145E-04	0.197E-06	0.000E+00	0.000E+00
252.795	44.0	0.000E+00	0.000E+00	0.000E+00	0.336E-08	0.134E-04	0.122E-06	0.000E+00	0.000E+00
254.178	45.0	0.000E+00	0.000E+00	0.000E+00	0.159E-07	0.115E-04	0.711E-07	0.000E+00	0.000E+00
255.561	46.0	0.000E+00	0.000E+00	0.000E+00	0.542E-07	0.932E-05	0.289E-07	0.000E+00	0.000E+00
256.944	47.0	0.000E+00	0.000E+00	0.000E+00	0.141E-06	0.722E-05	0.000E+00	0.000E+00	0.000E+00
258.327	48.0	0.000E+00	0.000E+00	0.000E+00	0.286E-06	0.537E-05	0.000E+00	0.000E+00	0.000E+00
259.710	49.0	0.000E+00	0.000E+00	0.000E+00	0.472E-06	0.387E-05	0.000E+00	0.000E+00	0.000E+00
261.093	50.0	0.000E+00	0.000E+00	0.000E+00	0.655E-06	0.271E-05	0.000E+00	0.000E+00	0.000E+00
262.476	51.0	0.000E+00	0.000E+00	0.000E+00	0.794E-06	0.186E-05	0.000E+00	0.000E+00	0.000E+00
263.859	52.0	0.000E+00	0.000E+00	0.000E+00	0.866E-06	0.125E-05	0.000E+00	0.000E+00	0.000E+00
265.242	53.0	0.000E+00	0.000E+00	0.114E-12	0.869E-06	0.827E-06	0.000E+00	0.000E+00	0.000E+00
266.625	54.0	0.000E+00	0.000E+00	0.171E-11	0.814E-06	0.541E-06	0.000E+00	0.000E+00	0.000E+00
268.008	55.0	0.000E+00	0.000E+00	0.146E-10	0.722E-06	0.351E-06	0.000E+00	0.000E+00	0.000E+00
269.391	56.0	0.000E+00	0.000E+00	0.833E-10	0.613E-06	0.225E-06	0.000E+00	0.000E+00	0.000E+00
270.774	57.0	0.000E+00	0.000E+00	0.344E-09	0.502E-06	0.144E-06	0.000E+00	0.000E+00	0.000E+00
272.157	58.0	0.000E+00	0.000E+00	0.111E-08	0.398E-06	0.913E-07	0.000E+00	0.000E+00	0.000E+00
273.540	59.0	0.000E+00	0.000E+00	0.294E-08	0.309E-06	0.576E-07	0.000E+00	0.000E+00	0.000E+00
274.923	60.0	0.000E+00	0.000E+00	0.653E-08	0.234E-06	0.360E-07	0.000E+00	0.000E+00	0.000E+00
276.306	61.0	0.000E+00	0.000E+00	0.124E-07	0.174E-06	0.223E-07	0.000E+00	0.000E+00	0.000E+00
277.689	62.0	0.000E+00	0.000E+00	0.207E-07	0.128E-06	0.134E-07	0.000E+00	0.000E+00	0.000E+00
279.071	63.0	0.000E+00	0.000E+00	0.306E-07	0.921E-07	0.768E-08	0.000E+00	0.000E+00	0.000E+00
280.454	64.0	0.000E+00	0.000E+00	0.410E-07	0.658E-07	0.341E-08	0.000E+00	0.000E+00	0.000E+00
281.837	65.0	0.000E+00	0.505E-13	0.503E-07	0.465E-07	0.736E-09	0.000E+00	0.000E+00	0.000E+00
283.220	66.0	0.000E+00	0.357E-12	0.576E-07	0.326E-07	0.000E+00	0.000E+00	0.000E+00	0.000E+00
284.603	67.0	0.000E+00	0.182E-11	0.619E-07	0.227E-07	0.000E+00	0.000E+00	0.000E+00	0.000E+00
285.986	68.0	0.000E+00	0.708E-11	0.632E-07	0.156E-07	0.000E+00	0.000E+00	0.000E+00	0.000E+00
287.369	69.0	0.000E+00	0.217E-10	0.618E-07	0.107E-07	0.000E+00	0.000E+00	0.000E+00	0.000E+00
288.752	70.0	0.000E+00	0.547E-10	0.581E-07	0.733E-08	0.000E+00	0.000E+00	0.000E+00	0.000E+00
290.135	71.0	0.000E+00	0.116E-09	0.529E-07	0.497E-08	0.000E+00	0.000E+00	0.000E+00	0.000E+00
291.518	72.0	0.000E+00	0.213E-09	0.468E-07	0.335E-08	0.000E+00	0.000E+00	0.000E+00	0.000E+00
292.901	73.0	0.000E+00	0.347E-09	0.404E-07	0.223E-08	0.000E+00	0.000E+00	0.000E+00	0.000E+00
294.284	74.0	0.000E+00	0.511E-09	0.341E-07	0.144E-08	0.000E+00	0.000E+00	0.000E+00	0.000E+00
295.667	75.0	0.000E+00	0.691E-09	0.282E-07	0.856E-09	0.000E+00	0.000E+00	0.000E+00	0.000E+00
297.050	76.0	0.000E+00	0.870E-09	0.230E-07	0.499E-09	0.000E+00	0.000E+00	0.000E+00	0.000E+00
298.433	77.0	0.000E+00	0.103E-08	0.184E-07	0.170E-09	0.000E+00	0.000E+00	0.000E+00	0.000E+00
299.816	78.0	0.268E-14	0.116E-08	0.146E-07	0.436E-10	0.000E+00	0.000E+00	0.000E+00	0.000E+00
301.199	79.0	0.144E-13	0.124E-08	0.114E-07	0.000E+00	0.000E+00	0.000E+00	0.000E+00	0.000E+00
302.582	80.0	0.613E-13	0.128E-08	0.881E-08	0.000E+00	0.000E+00	0.000E+00	0.000E+00	0.000E+00
303.965	81.0	0.215E-12	0.127E-08	0.674E-08	0.000E+00	0.000E+00	0.000E+00	0.000E+00	0.000E+00
305.348	82.0	0.633E-12	0.123E-08	0.512E-08	0.000E+00	0.000E+00	0.000E+00	0.000E+00	0.000E+00
306.731	83.0	0.160E-11	0.116E-08	0.386E-08	0.000E+00	0.000E+00	0.000E+00	0.000E+00	0.000E+00
308.114	84.0	0.354E-11	0.106E-08	0.288E-08	0.000E+00	0.000E+00	0.000E+00	0.000E+00	0.000E+00
309.497	85.0	0.695E-11	0.953E-09	0.214E-08	0.000E+00	0.000E+00	0.000E+00	0.000E+00	0.000E+00
310.880	86.0	0.123E-10	0.839E-09	0.158E-08	0.000E+00	0.000E+00	0.000E+00	0.000E+00	0.000E+00
312.263	87.0	0.200E-10	0.727E-09	0.116E-08	0.000E+00	0.000E+00	0.000E+00	0.000E+00	0.000E+00
313.646	88.0	0.300E-10	0.620E-09	0.847E-09	0.000E+00	0.000E+00	0.000E+00	0.000E+00	0.000E+00
315.029	89.0	0.421E-10	0.522E-09	0.614E-09	0.000E+00	0.000E+00	0.000E+00	0.000E+00	0.000E+00
316.412	90.0	0.556E-10	0.433E-09	0.444E-09	0.000E+00	0.000E+00	0.000E+00	0.000E+00	0.000E+00
