E_lab E*/MeV 196Rn 197Rn 198Rn 199Rn 200Rn 201Rn 202Rn
221.914 38.0 0.000E+00 0.000E+00 0.164E-15 0.884E-09 0.248E-10 0.674E-14 0.000E+00
224.607 40.0 0.000E+00 0.000E+00 0.980E-11 0.120E-05 0.564E-07 0.219E-09 0.000E+00
227.301 42.0 0.000E+00 0.000E+00 0.613E-08 0.120E-04 0.252E-06 0.000E+00 0.000E+00
229.994 44.0 0.000E+00 0.000E+00 0.748E-06 0.829E-04 0.850E-06 0.000E+00 0.000E+00
232.687 46.0 0.000E+00 0.000E+00 0.280E-04 0.406E-03 0.244E-05 0.000E+00 0.000E+00
235.381 48.0 0.000E+00 0.000E+00 0.209E-03 0.778E-03 0.327E-05 0.000E+00 0.000E+00
238.074 50.0 0.000E+00 0.000E+00 0.369E-03 0.538E-03 0.147E-05 0.000E+00 0.000E+00
240.767 52.0 0.000E+00 0.466E-08 0.349E-03 0.250E-03 0.000E+00 0.000E+00 0.000E+00
243.461 54.0 0.000E+00 0.132E-06 0.252E-03 0.104E-03 0.000E+00 0.000E+00 0.000E+00
246.154 56.0 0.000E+00 0.127E-05 0.157E-03 0.414E-04 0.000E+00 0.000E+00 0.000E+00
248.847 58.0 0.000E+00 0.572E-05 0.876E-04 0.162E-04 0.000E+00 0.000E+00 0.000E+00
251.541 60.0 0.000E+00 0.142E-04 0.455E-04 0.620E-05 0.000E+00 0.000E+00 0.000E+00
254.234 62.0 0.950E-10 0.229E-04 0.223E-04 0.234E-05 0.000E+00 0.000E+00 0.000E+00
256.927 64.0 0.289E-08 0.270E-04 0.105E-04 0.854E-06 0.000E+00 0.000E+00 0.000E+00
259.621 66.0 0.300E-07 0.255E-04 0.481E-05 0.280E-06 0.000E+00 0.000E+00 0.000E+00
262.314 68.0 0.140E-06 0.207E-04 0.214E-05 0.317E-07 0.000E+00 0.000E+00 0.000E+00
265.007 70.0 0.367E-06 0.149E-04 0.938E-06 0.000E+00 0.000E+00 0.000E+00 0.000E+00
267.701 72.0 0.645E-06 0.981E-05 0.401E-06 0.000E+00 0.000E+00 0.000E+00 0.000E+00
270.394 74.0 0.852E-06 0.604E-05 0.167E-06 0.000E+00 0.000E+00 0.000E+00 0.000E+00
273.087 76.0 0.918E-06 0.352E-05 0.607E-07 0.000E+00 0.000E+00 0.000E+00 0.000E+00
275.781 78.0 0.848E-06 0.197E-05 0.141E-07 0.000E+00 0.000E+00 0.000E+00 0.000E+00
278.474 80.0 0.697E-06 0.106E-05 0.000E+00 0.000E+00 0.000E+00 0.000E+00 0.000E+00
281.167 82.0 0.523E-06 0.560E-06 0.000E+00 0.000E+00 0.000E+00 0.000E+00 0.305E+01
283.861 84.0 0.365E-06 0.288E-06 0.000E+00 0.000E+00 0.000E+00 0.000E+00 0.291E+01
286.554 86.0 0.241E-06 0.145E-06 0.000E+00 0.000E+00 0.000E+00 0.000E+00 0.279E+01
289.247 88.0 0.151E-06 0.713E-07 0.000E+00 0.000E+00 0.000E+00 0.000E+00 0.269E+01
291.941 90.0 0.917E-07 0.340E-07 0.000E+00 0.000E+00 0.000E+00 0.000E+00 0.260E+01
294.634 92.0 0.538E-07 0.151E-07 0.000E+00 0.000E+00 0.000E+00 0.000E+00 0.251E+01
297.327 94.0 0.307E-07 0.591E-08 0.000E+00 0.000E+00 0.000E+00 0.327E-01 0.243E+01
300.021 96.0 0.171E-07 0.957E-09 0.000E+00 0.000E+00 0.000E+00 0.327E-01 0.236E+01
302.714 98.0 0.932E-08 0.000E+00 0.000E+00 0.000E+00 0.000E+00 0.334E-01 0.229E+01
305.407 100.0 0.485E-08 0.000E+00 0.000E+00 0.000E+00 0.000E+00 0.348E-01 0.222E+01


E_lab E*/MeV 195At 196At 197At 198At 199At 200At 201At
221.914 38.0 0.000E+00 0.000E+00 0.000E+00 0.426E-12 0.119E-07 0.108E-08 0.153E-12
224.607 40.0 0.000E+00 0.000E+00 0.000E+00 0.201E-08 0.139E-04 0.279E-05 0.560E-08
227.301 42.0 0.000E+00 0.000E+00 0.000E+00 0.349E-06 0.184E-03 0.189E-04 0.311E-07
229.994 44.0 0.000E+00 0.000E+00 0.000E+00 0.233E-04 0.178E-02 0.895E-04 0.100E-06
232.687 46.0 0.000E+00 0.000E+00 0.000E+00 0.682E-03 0.123E-01 0.344E-03 0.272E-06
235.381 48.0 0.000E+00 0.000E+00 0.921E-07 0.541E-02 0.335E-01 0.644E-03 0.368E-06
238.074 50.0 0.000E+00 0.000E+00 0.324E-05 0.128E-01 0.318E-01 0.468E-03 0.125E-06
240.767 52.0 0.000E+00 0.000E+00 0.378E-04 0.189E-01 0.190E-01 0.208E-03 0.000E+00
243.461 54.0 0.000E+00 0.000E+00 0.222E-03 0.226E-01 0.971E-02 0.775E-04 0.000E+00
246.154 56.0 0.000E+00 0.000E+00 0.798E-03 0.228E-01 0.462E-02 0.272E-04 0.000E+00
248.847 58.0 0.000E+00 0.000E+00 0.200E-02 0.199E-01 0.210E-02 0.929E-05 0.000E+00
251.541 60.0 0.000E+00 0.663E-08 0.379E-02 0.153E-01 0.918E-03 0.307E-05 0.000E+00
254.234 62.0 0.000E+00 0.158E-06 0.574E-02 0.106E-01 0.391E-03 0.964E-06 0.000E+00
256.927 64.0 0.000E+00 0.171E-05 0.713E-02 0.675E-02 0.162E-03 0.261E-06 0.000E+00
259.621 66.0 0.000E+00 0.102E-04 0.749E-02 0.400E-02 0.658E-04 0.000E+00 0.000E+00
262.314 68.0 0.000E+00 0.393E-04 0.684E-02 0.224E-02 0.262E-04 0.000E+00 0.000E+00
265.007 70.0 0.000E+00 0.109E-03 0.555E-02 0.120E-02 0.102E-04 0.000E+00 0.000E+00
267.701 72.0 0.112E-07 0.233E-03 0.410E-02 0.617E-03 0.387E-05 0.000E+00 0.000E+00
270.394 74.0 0.121E-06 0.405E-03 0.280E-02 0.308E-03 0.142E-05 0.000E+00 0.000E+00
273.087 76.0 0.782E-06 0.585E-03 0.179E-02 0.150E-03 0.489E-06 0.000E+00 0.000E+00
275.781 78.0 0.339E-05 0.722E-03 0.109E-02 0.710E-04 0.129E-06 0.000E+00 0.000E+00
278.474 80.0 0.106E-04 0.779E-03 0.636E-03 0.330E-04 0.000E+00 0.000E+00 0.000E+00
281.167 82.0 0.250E-04 0.749E-03 0.358E-03 0.150E-04 0.000E+00 0.000E+00 0.000E+00
283.861 84.0 0.472E-04 0.654E-03 0.195E-03 0.674E-05 0.000E+00 0.000E+00 0.000E+00
286.554 86.0 0.733E-04 0.527E-03 0.104E-03 0.296E-05 0.000E+00 0.000E+00 0.000E+00
289.247 88.0 0.967E-04 0.397E-03 0.538E-04 0.127E-05 0.000E+00 0.000E+00 0.000E+00
291.941 90.0 0.112E-03 0.283E-03 0.273E-04 0.531E-06 0.000E+00 0.000E+00 0.000E+00
294.634 92.0 0.115E-03 0.192E-03 0.136E-04 0.207E-06 0.000E+00 0.000E+00 0.000E+00
297.327 94.0 0.108E-03 0.125E-03 0.668E-05 0.667E-07 0.000E+00 0.000E+00 0.000E+00
300.021 96.0 0.935E-04 0.789E-04 0.322E-05 0.000E+00 0.000E+00 0.000E+00 0.000E+00
302.714 98.0 0.759E-04 0.482E-04 0.153E-05 0.000E+00 0.000E+00 0.000E+00 0.000E+00
305.407 100.0 0.583E-04 0.287E-04 0.707E-06 0.000E+00 0.000E+00 0.000E+00 0.000E+00


E_lab E*/MeV 194Po 195Po 196Po 197Po 198Po 199Po 200Po
221.914 38.0 0.000E+00 0.992E-14 0.354E-08 0.131E-08 0.823E-10 0.232E-08 0.207E-09
224.607 40.0 0.000E+00 0.229E-09 0.453E-05 0.275E-05 0.677E-07 0.256E-05 0.551E-06
227.301 42.0 0.000E+00 0.350E-07 0.790E-04 0.231E-04 0.265E-05 0.367E-04 0.485E-05
229.994 44.0 0.000E+00 0.274E-05 0.984E-03 0.129E-03 0.835E-04 0.414E-03 0.295E-04
232.687 46.0 0.000E+00 0.109E-03 0.861E-02 0.570E-03 0.162E-02 0.349E-02 0.143E-03
235.381 48.0 0.424E-08 0.122E-02 0.293E-01 0.122E-02 0.106E-01 0.119E-01 0.344E-03
238.074 50.0 0.202E-06 0.396E-02 0.346E-01 0.106E-02 0.226E-01 0.147E-01 0.326E-03
240.767 52.0 0.297E-05 0.761E-02 0.246E-01 0.789E-03 0.312E-01 0.115E-01 0.183E-03
243.461 54.0 0.240E-04 0.115E-01 0.144E-01 0.122E-02 0.362E-01 0.745E-02 0.829E-04
246.154 56.0 0.125E-03 0.147E-01 0.762E-02 0.268E-02 0.374E-01 0.438E-02 0.347E-04
248.847 58.0 0.449E-03 0.159E-01 0.379E-02 0.526E-02 0.347E-01 0.240E-02 0.140E-04
251.541 60.0 0.118E-02 0.148E-01 0.181E-02 0.876E-02 0.290E-01 0.125E-02 0.546E-05
254.234 62.0 0.241E-02 0.121E-01 0.906E-03 0.126E-01 0.222E-01 0.618E-03 0.208E-05
256.927 64.0 0.390E-02 0.886E-02 0.573E-03 0.148E-01 0.207E-01 0.295E-03 0.774E-06
259.621 66.0 0.517E-02 0.592E-02 0.821E-03 0.181E-01 0.141E-01 0.136E-03 0.277E-06
262.314 68.0 0.578E-02 0.368E-02 0.172E-02 0.199E-01 0.906E-02 0.611E-04 0.927E-07
265.007 70.0 0.557E-02 0.215E-02 0.340E-02 0.199E-01 0.468E-02 0.267E-04 0.223E-07
267.701 72.0 0.475E-02 0.120E-02 0.581E-02 0.183E-01 0.186E-02 0.114E-04 0.000E+00
270.394 74.0 0.367E-02 0.647E-03 0.861E-02 0.154E-01 0.817E-03 0.475E-05 0.000E+00
273.087 76.0 0.261E-02 0.359E-03 0.113E-01 0.120E-01 0.374E-03 0.193E-05 0.000E+00
275.781 78.0 0.174E-02 0.254E-03 0.132E-01 0.861E-02 0.179E-03 0.764E-06 0.000E+00
278.474 80.0 0.109E-02 0.300E-03 0.139E-01 0.567E-02 0.108E-03 0.292E-06 0.000E+00
281.167 82.0 0.657E-03 0.495E-03 0.134E-01 0.200E-02 0.000E+00 0.105E-06 0.000E+00
283.861 84.0 0.381E-03 0.839E-03 0.119E-01 0.748E-03 0.000E+00 0.253E-07 0.000E+00
286.554 86.0 0.218E-03 0.131E-02 0.962E-02 0.253E-03 0.000E+00 0.000E+00 0.000E+00
289.247 88.0 0.132E-03 0.184E-02 0.699E-02 0.821E-04 0.000E+00 0.000E+00 0.000E+00
291.941 90.0 0.112E-03 0.217E-02 0.524E-02 0.579E-04 0.000E+00 0.000E+00 0.000E+00
294.634 92.0 0.123E-03 0.244E-02 0.361E-02 0.986E-05 0.000E+00 0.000E+00 0.000E+00
297.327 94.0 0.162E-03 0.277E-02 0.102E-02 0.000E+00 0.000E+00 0.000E+00 0.000E+00
300.021 96.0 0.255E-03 0.292E-02 0.280E-03 0.000E+00 0.000E+00 0.000E+00 0.000E+00
302.714 98.0 0.395E-03 0.277E-02 0.786E-04 0.000E+00 0.000E+00 0.000E+00 0.000E+00
305.407 100.0 0.564E-03 0.233E-02 0.309E-04 0.000E+00 0.000E+00 0.000E+00 0.000E+00


