E_lab E*/MeV 191At 192At 193At 194At 195At 196At 197At
223.852 20.0 0.000E+00 0.000E+00 0.000E+00 0.000E+00 0.216E-10 0.232E-06 0.000E+00
225.249 21.0 0.000E+00 0.000E+00 0.000E+00 0.000E+00 0.164E-08 0.593E-06 0.000E+00
226.647 22.0 0.000E+00 0.000E+00 0.000E+00 0.000E+00 0.430E-07 0.146E-05 0.000E+00
228.044 23.0 0.000E+00 0.000E+00 0.000E+00 0.000E+00 0.589E-06 0.341E-05 0.000E+00
229.441 24.0 0.000E+00 0.000E+00 0.000E+00 0.000E+00 0.513E-05 0.719E-05 0.000E+00
230.838 25.0 0.000E+00 0.000E+00 0.000E+00 0.000E+00 0.284E-04 0.123E-04 0.000E+00
232.235 26.0 0.000E+00 0.000E+00 0.000E+00 0.000E+00 0.929E-04 0.164E-04 0.000E+00
233.632 27.0 0.000E+00 0.000E+00 0.000E+00 0.000E+00 0.186E-03 0.177E-04 0.000E+00
235.030 28.0 0.000E+00 0.000E+00 0.000E+00 0.000E+00 0.273E-03 0.164E-04 0.000E+00
236.427 29.0 0.000E+00 0.000E+00 0.000E+00 0.000E+00 0.324E-03 0.136E-04 0.000E+00
237.824 30.0 0.000E+00 0.000E+00 0.000E+00 0.000E+00 0.333E-03 0.105E-04 0.000E+00
239.221 31.0 0.000E+00 0.000E+00 0.000E+00 0.234E-08 0.307E-03 0.753E-05 0.000E+00
240.618 32.0 0.000E+00 0.000E+00 0.000E+00 0.618E-07 0.259E-03 0.513E-05 0.000E+00
242.015 33.0 0.000E+00 0.000E+00 0.000E+00 0.607E-06 0.204E-03 0.331E-05 0.000E+00
243.413 34.0 0.000E+00 0.000E+00 0.000E+00 0.312E-05 0.151E-03 0.200E-05 0.000E+00
244.810 35.0 0.000E+00 0.000E+00 0.000E+00 0.105E-04 0.106E-03 0.109E-05 0.000E+00
246.207 36.0 0.000E+00 0.000E+00 0.000E+00 0.269E-04 0.714E-04 0.458E-06 0.000E+00
247.604 37.0 0.000E+00 0.000E+00 0.000E+00 0.561E-04 0.462E-04 0.000E+00 0.000E+00
249.001 38.0 0.000E+00 0.000E+00 0.000E+00 0.954E-04 0.289E-04 0.000E+00 0.000E+00
250.398 39.0 0.000E+00 0.000E+00 0.000E+00 0.132E-03 0.175E-04 0.000E+00 0.000E+00
251.796 40.0 0.000E+00 0.000E+00 0.000E+00 0.154E-03 0.104E-04 0.000E+00 0.000E+00
253.193 41.0 0.000E+00 0.000E+00 0.351E-09 0.158E-03 0.604E-05 0.000E+00 0.000E+00
254.590 42.0 0.000E+00 0.000E+00 0.400E-08 0.145E-03 0.346E-05 0.000E+00 0.000E+00
255.987 43.0 0.000E+00 0.000E+00 0.258E-07 0.123E-03 0.195E-05 0.000E+00 0.000E+00
257.384 44.0 0.000E+00 0.000E+00 0.111E-06 0.983E-04 0.108E-05 0.000E+00 0.000E+00
258.781 45.0 0.000E+00 0.000E+00 0.347E-06 0.747E-04 0.589E-06 0.000E+00 0.000E+00
260.179 46.0 0.000E+00 0.000E+00 0.842E-06 0.546E-04 0.297E-06 0.000E+00 0.000E+00
261.576 47.0 0.000E+00 0.000E+00 0.163E-05 0.387E-04 0.142E-06 0.000E+00 0.000E+00
262.973 48.0 0.000E+00 0.000E+00 0.257E-05 0.268E-04 0.791E-08 0.000E+00 0.000E+00
264.370 49.0 0.000E+00 0.000E+00 0.346E-05 0.181E-04 0.000E+00 0.000E+00 0.000E+00
265.767 50.0 0.000E+00 0.000E+00 0.409E-05 0.121E-04 0.000E+00 0.000E+00 0.000E+00
267.164 51.0 0.000E+00 0.000E+00 0.436E-05 0.796E-05 0.000E+00 0.000E+00 0.000E+00
268.562 52.0 0.000E+00 0.106E-11 0.430E-05 0.517E-05 0.000E+00 0.000E+00 0.000E+00
269.959 53.0 0.000E+00 0.146E-10 0.396E-05 0.333E-05 0.000E+00 0.000E+00 0.000E+00
271.356 54.0 0.000E+00 0.118E-09 0.347E-05 0.213E-05 0.000E+00 0.000E+00 0.000E+00
272.753 55.0 0.000E+00 0.638E-09 0.290E-05 0.135E-05 0.000E+00 0.000E+00 0.000E+00
274.150 56.0 0.000E+00 0.251E-08 0.235E-05 0.855E-06 0.000E+00 0.000E+00 0.000E+00
275.547 57.0 0.000E+00 0.771E-08 0.184E-05 0.538E-06 0.000E+00 0.000E+00 0.000E+00
276.945 58.0 0.000E+00 0.195E-07 0.141E-05 0.337E-06 0.000E+00 0.000E+00 0.000E+00
279.739 60.0 0.000E+00 0.764E-07 0.775E-06 0.130E-06 0.000E+00 0.000E+00 0.000E+00
279.739 60.0 0.000E+00 0.764E-07 0.775E-06 0.130E-06 0.000E+00 0.000E+00 0.000E+00
281.136 61.0 0.000E+00 0.123E-06 0.560E-06 0.798E-07 0.000E+00 0.000E+00 0.000E+00
282.533 62.0 0.000E+00 0.177E-06 0.400E-06 0.485E-07 0.000E+00 0.000E+00 0.000E+00
283.930 63.0 0.161E-12 0.230E-06 0.282E-06 0.285E-07 0.000E+00 0.000E+00 0.000E+00
285.327 64.0 0.124E-11 0.276E-06 0.197E-06 0.152E-07 0.000E+00 0.000E+00 0.000E+00
286.725 65.0 0.691E-11 0.308E-06 0.137E-06 0.579E-08 0.000E+00 0.000E+00 0.000E+00
288.122 66.0 0.296E-10 0.325E-06 0.938E-07 0.000E+00 0.000E+00 0.000E+00 0.000E+00
289.519 67.0 0.101E-09 0.325E-06 0.640E-07 0.000E+00 0.000E+00 0.000E+00 0.000E+00
290.916 68.0 0.280E-09 0.311E-06 0.434E-07 0.000E+00 0.000E+00 0.000E+00 0.000E+00
292.313 69.0 0.651E-09 0.287E-06 0.293E-07 0.000E+00 0.000E+00 0.000E+00 0.000E+00
293.710 70.0 0.130E-08 0.257E-06 0.196E-07 0.000E+00 0.000E+00 0.000E+00 0.000E+00
295.108 71.0 0.226E-08 0.224E-06 0.131E-07 0.000E+00 0.000E+00 0.000E+00 0.000E+00
296.505 72.0 0.351E-08 0.190E-06 0.868E-08 0.000E+00 0.000E+00 0.000E+00 0.000E+00
297.902 73.0 0.496E-08 0.158E-06 0.563E-08 0.000E+00 0.000E+00 0.000E+00 0.000E+00
299.299 74.0 0.647E-08 0.129E-06 0.359E-08 0.000E+00 0.000E+00 0.000E+00 0.000E+00
300.696 75.0 0.788E-08 0.103E-06 0.228E-08 0.000E+00 0.000E+00 0.000E+00 0.000E+00
302.093 76.0 0.905E-08 0.814E-07 0.113E-08 0.000E+00 0.000E+00 0.000E+00 0.000E+00
303.491 77.0 0.987E-08 0.635E-07 0.225E-09 0.000E+00 0.000E+00 0.000E+00 0.000E+00
304.888 78.0 0.103E-07 0.490E-07 0.000E+00 0.000E+00 0.000E+00 0.000E+00 0.000E+00
306.285 79.0 0.104E-07 0.373E-07 0.000E+00 0.000E+00 0.000E+00 0.000E+00 0.000E+00
307.682 80.0 0.101E-07 0.282E-07 0.000E+00 0.000E+00 0.000E+00 0.000E+00 0.000E+00


E_lab E*/MeV 190Po 191Po 192Po 193Po 194Po 195Po 196Po
223.852 20.0 0.000E+00 0.000E+00 0.000E+00 0.000E+00 0.000E+00 0.518E-08 0.133E-06
225.249 21.0 0.000E+00 0.000E+00 0.000E+00 0.000E+00 0.000E+00 0.469E-07 0.404E-06
226.647 22.0 0.000E+00 0.000E+00 0.000E+00 0.000E+00 0.000E+00 0.384E-06 0.115E-05
228.044 23.0 0.000E+00 0.000E+00 0.000E+00 0.000E+00 0.000E+00 0.276E-05 0.303E-05
229.441 24.0 0.000E+00 0.000E+00 0.000E+00 0.000E+00 0.000E+00 0.162E-04 0.705E-05
230.838 25.0 0.000E+00 0.000E+00 0.000E+00 0.000E+00 0.104E-09 0.699E-04 0.132E-04
232.235 26.0 0.000E+00 0.000E+00 0.000E+00 0.000E+00 0.284E-08 0.214E-03 0.189E-04
233.632 27.0 0.000E+00 0.000E+00 0.000E+00 0.000E+00 0.337E-07 0.495E-03 0.218E-04
235.030 28.0 0.000E+00 0.000E+00 0.000E+00 0.000E+00 0.260E-06 0.922E-03 0.216E-04
236.427 29.0 0.000E+00 0.000E+00 0.000E+00 0.000E+00 0.149E-05 0.144E-02 0.191E-04
237.824 30.0 0.000E+00 0.000E+00 0.000E+00 0.000E+00 0.653E-05 0.193E-02 0.155E-04
239.221 31.0 0.000E+00 0.000E+00 0.000E+00 0.000E+00 0.229E-04 0.228E-02 0.117E-04
240.618 32.0 0.000E+00 0.000E+00 0.000E+00 0.000E+00 0.660E-04 0.242E-02 0.837E-05
242.015 33.0 0.000E+00 0.000E+00 0.000E+00 0.000E+00 0.159E-03 0.233E-02 0.566E-05
243.413 34.0 0.000E+00 0.000E+00 0.000E+00 0.000E+00 0.324E-03 0.208E-02 0.364E-05
244.810 35.0 0.000E+00 0.000E+00 0.000E+00 0.276E-09 0.566E-03 0.173E-02 0.224E-05
246.207 36.0 0.000E+00 0.000E+00 0.000E+00 0.398E-08 0.854E-03 0.135E-02 0.132E-05
247.604 37.0 0.000E+00 0.000E+00 0.000E+00 0.230E-07 0.113E-02 0.100E-02 0.725E-06
249.001 38.0 0.000E+00 0.000E+00 0.000E+00 0.740E-07 0.132E-02 0.710E-03 0.339E-06
250.398 39.0 0.000E+00 0.000E+00 0.000E+00 0.175E-06 0.140E-02 0.484E-03 0.586E-07
251.796 40.0 0.000E+00 0.000E+00 0.000E+00 0.403E-06 0.135E-02 0.319E-03 0.000E+00
253.193 41.0 0.000E+00 0.000E+00 0.000E+00 0.993E-06 0.121E-02 0.204E-03 0.000E+00
254.590 42.0 0.000E+00 0.000E+00 0.000E+00 0.245E-05 0.102E-02 0.128E-03 0.000E+00
255.987 43.0 0.000E+00 0.000E+00 0.000E+00 0.562E-05 0.815E-03 0.784E-04 0.000E+00
257.384 44.0 0.000E+00 0.000E+00 0.000E+00 0.117E-04 0.623E-03 0.474E-04 0.000E+00
258.781 45.0 0.000E+00 0.000E+00 0.000E+00 0.220E-04 0.460E-03 0.283E-04 0.000E+00
260.179 46.0 0.000E+00 0.000E+00 0.000E+00 0.373E-04 0.330E-03 0.167E-04 0.000E+00
261.576 47.0 0.000E+00 0.000E+00 0.358E-10 0.574E-04 0.230E-03 0.978E-05 0.000E+00
262.973 48.0 0.000E+00 0.000E+00 0.257E-09 0.803E-04 0.158E-03 0.568E-05 0.000E+00
264.370 49.0 0.000E+00 0.000E+00 0.142E-08 0.103E-03 0.106E-03 0.327E-05 0.000E+00
265.767 50.0 0.000E+00 0.000E+00 0.635E-08 0.122E-03 0.707E-04 0.187E-05 0.000E+00
267.164 51.0 0.000E+00 0.000E+00 0.234E-07 0.135E-03 0.464E-04 0.105E-05 0.000E+00
268.562 52.0 0.000E+00 0.000E+00 0.727E-07 0.139E-03 0.302E-04 0.582E-06 0.000E+00
269.959 53.0 0.000E+00 0.000E+00 0.194E-06 0.136E-03 0.195E-04 0.311E-06 0.000E+00
271.356 54.0 0.000E+00 0.000E+00 0.449E-06 0.127E-03 0.125E-04 0.152E-06 0.000E+00
272.753 55.0 0.000E+00 0.000E+00 0.912E-06 0.114E-03 0.793E-05 0.599E-07 0.000E+00
274.150 56.0 0.000E+00 0.000E+00 0.165E-05 0.984E-04 0.501E-05 0.000E+00 0.000E+00
275.547 57.0 0.000E+00 0.000E+00 0.267E-05 0.823E-04 0.315E-05 0.000E+00 0.000E+00
276.945 58.0 0.000E+00 0.000E+00 0.391E-05 0.669E-04 0.197E-05 0.000E+00 0.000E+00
279.739 60.0 0.000E+00 0.616E-10 0.654E-05 0.413E-04 0.750E-06 0.000E+00 0.000E+00
279.739 60.0 0.000E+00 0.616E-10 0.654E-05 0.413E-04 0.750E-06 0.000E+00 0.000E+00
281.136 61.0 0.000E+00 0.180E-09 0.760E-05 0.316E-04 0.459E-06 0.000E+00 0.000E+00
282.533 62.0 0.000E+00 0.495E-09 0.831E-05 0.237E-04 0.277E-06 0.000E+00 0.000E+00
283.930 63.0 0.000E+00 0.133E-08 0.863E-05 0.176E-04 0.163E-06 0.000E+00 0.000E+00
285.327 64.0 0.000E+00 0.340E-08 0.857E-05 0.128E-04 0.904E-07 0.000E+00 0.000E+00
286.725 65.0 0.000E+00 0.821E-08 0.816E-05 0.929E-05 0.465E-07 0.000E+00 0.000E+00
288.122 66.0 0.000E+00 0.183E-07 0.750E-05 0.665E-05 0.153E-07 0.000E+00 0.000E+00
289.519 67.0 0.000E+00 0.373E-07 0.669E-05 0.472E-05 0.000E+00 0.000E+00 0.000E+00
290.916 68.0 0.000E+00 0.698E-07 0.580E-05 0.332E-05 0.000E+00 0.000E+00 0.000E+00
292.313 69.0 0.000E+00 0.120E-06 0.491E-05 0.232E-05 0.000E+00 0.000E+00 0.000E+00
293.710 70.0 0.000E+00 0.190E-06 0.407E-05 0.161E-05 0.000E+00 0.000E+00 0.000E+00
295.108 71.0 0.835E-12 0.280E-06 0.332E-05 0.111E-05 0.000E+00 0.000E+00 0.000E+00
296.505 72.0 0.358E-11 0.384E-06 0.265E-05 0.762E-06 0.000E+00 0.000E+00 0.000E+00
297.902 73.0 0.131E-10 0.497E-06 0.209E-05 0.519E-06 0.000E+00 0.000E+00 0.000E+00
299.299 74.0 0.417E-10 0.608E-06 0.163E-05 0.352E-06 0.000E+00 0.000E+00 0.000E+00
300.696 75.0 0.116E-09 0.707E-06 0.125E-05 0.237E-06 0.000E+00 0.000E+00 0.000E+00
302.093 76.0 0.287E-09 0.786E-06 0.950E-06 0.159E-06 0.000E+00 0.000E+00 0.000E+00
303.491 77.0 0.633E-09 0.840E-06 0.716E-06 0.106E-06 0.000E+00 0.000E+00 0.000E+00
304.888 78.0 0.126E-08 0.866E-06 0.534E-06 0.694E-07 0.000E+00 0.000E+00 0.000E+00
306.285 79.0 0.229E-08 0.864E-06 0.395E-06 0.454E-07 0.000E+00 0.000E+00 0.000E+00
307.682 80.0 0.383E-08 0.837E-06 0.290E-06 0.291E-07 0.000E+00 0.000E+00 0.000E+00


E_lab E*/MeV 189Bi 190Bi 191Bi 192Bi 193Bi 194Bi 195Bi
223.852 20.0 0.000E+00 0.000E+00 0.000E+00 0.960E-10 0.553E-07 0.000E+00 0.946E-09
225.249 21.0 0.000E+00 0.000E+00 0.000E+00 0.135E-08 0.274E-06 0.000E+00 0.737E-08
226.647 22.0 0.000E+00 0.000E+00 0.000E+00 0.155E-07 0.121E-05 0.000E+00 0.520E-07
228.044 23.0 0.000E+00 0.000E+00 0.000E+00 0.149E-06 0.473E-05 0.194E-11 0.330E-06
229.441 24.0 0.000E+00 0.000E+00 0.000E+00 0.113E-05 0.154E-04 0.932E-10 0.177E-05
230.838 25.0 0.000E+00 0.000E+00 0.000E+00 0.611E-05 0.386E-04 0.176E-08 0.724E-05
232.235 26.0 0.000E+00 0.000E+00 0.000E+00 0.234E-04 0.725E-04 0.181E-07 0.221E-04
233.632 27.0 0.000E+00 0.000E+00 0.279E-09 0.687E-04 0.107E-03 0.124E-06 0.545E-04
235.030 28.0 0.000E+00 0.000E+00 0.698E-08 0.167E-03 0.133E-03 0.637E-06 0.115E-03
236.427 29.0 0.000E+00 0.000E+00 0.714E-07 0.352E-03 0.145E-03 0.261E-05 0.214E-03
237.824 30.0 0.000E+00 0.000E+00 0.444E-06 0.659E-03 0.142E-03 0.877E-05 0.359E-03
239.221 31.0 0.000E+00 0.000E+00 0.204E-05 0.111E-02 0.127E-03 0.248E-04 0.543E-03
240.618 32.0 0.000E+00 0.000E+00 0.752E-05 0.168E-02 0.106E-03 0.603E-04 0.748E-03
242.015 33.0 0.000E+00 0.000E+00 0.231E-04 0.230E-02 0.827E-04 0.128E-03 0.941E-03
243.413 34.0 0.000E+00 0.000E+00 0.609E-04 0.284E-02 0.608E-04 0.240E-03 0.109E-02
244.810 35.0 0.000E+00 0.000E+00 0.139E-03 0.318E-02 0.425E-04 0.408E-03 0.116E-02
246.207 36.0 0.000E+00 0.000E+00 0.277E-03 0.325E-02 0.284E-04 0.633E-03 0.115E-02
247.604 37.0 0.000E+00 0.000E+00 0.492E-03 0.306E-02 0.186E-04 0.911E-03 0.107E-02
249.001 38.0 0.000E+00 0.000E+00 0.788E-03 0.268E-02 0.132E-04 0.123E-02 0.934E-03
250.398 39.0 0.000E+00 0.746E-09 0.115E-02 0.221E-02 0.131E-04 0.157E-02 0.775E-03
251.796 40.0 0.000E+00 0.593E-08 0.155E-02 0.173E-02 0.213E-04 0.191E-02 0.614E-03
253.193 41.0 0.000E+00 0.315E-07 0.192E-02 0.129E-02 0.434E-04 0.220E-02 0.467E-03
254.590 42.0 0.000E+00 0.128E-06 0.221E-02 0.925E-03 0.871E-04 0.244E-02 0.343E-03
255.987 43.0 0.000E+00 0.425E-06 0.236E-02 0.643E-03 0.161E-03 0.258E-02 0.245E-03
257.384 44.0 0.000E+00 0.121E-05 0.235E-02 0.434E-03 0.272E-03 0.261E-02 0.170E-03
258.781 45.0 0.000E+00 0.305E-05 0.220E-02 0.286E-03 0.424E-03 0.253E-02 0.115E-03
260.179 46.0 0.000E+00 0.681E-05 0.196E-02 0.185E-03 0.616E-03 0.236E-02 0.770E-04
261.576 47.0 0.000E+00 0.136E-04 0.165E-02 0.118E-03 0.842E-03 0.212E-02 0.505E-04
262.973 48.0 0.000E+00 0.248E-04 0.134E-02 0.740E-04 0.109E-02 0.184E-02 0.327E-04
264.370 49.0 0.000E+00 0.414E-04 0.105E-02 0.460E-04 0.135E-02 0.155E-02 0.209E-04
265.767 50.0 0.439E-09 0.640E-04 0.801E-03 0.285E-04 0.160E-02 0.127E-02 0.133E-04
267.164 51.0 0.214E-08 0.924E-04 0.594E-03 0.179E-04 0.183E-02 0.101E-02 0.835E-05
268.562 52.0 0.849E-08 0.126E-03 0.431E-03 0.121E-04 0.201E-02 0.790E-03 0.521E-05
269.959 53.0 0.288E-07 0.161E-03 0.307E-03 0.101E-04 0.212E-02 0.603E-03 0.323E-05
271.356 54.0 0.853E-07 0.195E-03 0.215E-03 0.115E-04 0.217E-02 0.452E-03 0.199E-05
272.753 55.0 0.225E-06 0.224E-03 0.149E-03 0.167E-04 0.214E-02 0.333E-03 0.122E-05
274.150 56.0 0.533E-06 0.243E-03 0.101E-03 0.264E-04 0.204E-02 0.242E-03 0.739E-06
275.547 57.0 0.114E-05 0.252E-03 0.685E-04 0.413E-04 0.189E-02 0.173E-03 0.446E-06
276.945 58.0 0.223E-05 0.249E-03 0.458E-04 0.620E-04 0.170E-02 0.123E-03 0.266E-06
279.739 60.0 0.665E-05 0.215E-03 0.200E-04 0.121E-03 0.127E-02 0.595E-04 0.918E-07
279.739 60.0 0.665E-05 0.215E-03 0.200E-04 0.121E-03 0.127E-02 0.595E-04 0.918E-07
281.136 61.0 0.102E-04 0.190E-03 0.132E-04 0.158E-03 0.106E-02 0.409E-04 0.525E-07
282.533 62.0 0.147E-04 0.163E-03 0.877E-05 0.199E-03 0.872E-03 0.279E-04 0.282E-07
283.930 63.0 0.199E-04 0.136E-03 0.610E-05 0.240E-03 0.701E-03 0.188E-04 0.139E-07
285.327 64.0 0.252E-04 0.111E-03 0.480E-05 0.279E-03 0.554E-03 0.126E-04 0.166E-08
286.725 65.0 0.302E-04 0.883E-04 0.474E-05 0.313E-03 0.431E-03 0.843E-05 0.000E+00
288.122 66.0 0.343E-04 0.692E-04 0.597E-05 0.340E-03 0.330E-03 0.558E-05 0.000E+00
289.519 67.0 0.371E-04 0.533E-04 0.866E-05 0.358E-03 0.250E-03 0.367E-05 0.000E+00
290.916 68.0 0.384E-04 0.405E-04 0.130E-04 0.365E-03 0.187E-03 0.240E-05 0.000E+00
292.313 69.0 0.383E-04 0.304E-04 0.193E-04 0.362E-03 0.139E-03 0.156E-05 0.000E+00
293.710 70.0 0.368E-04 0.225E-04 0.276E-04 0.350E-03 0.950E-04 0.101E-05 0.000E+00
295.108 71.0 0.343E-04 0.165E-04 0.377E-04 0.329E-03 0.517E-04 0.646E-06 0.000E+00
296.505 72.0 0.310E-04 0.120E-04 0.586E-04 0.254E-03 0.175E-04 0.411E-06 0.000E+00
297.902 73.0 0.274E-04 0.868E-05 0.710E-04 0.224E-03 0.107E-04 0.260E-06 0.000E+00
299.299 74.0 0.236E-04 0.622E-05 0.829E-04 0.194E-03 0.670E-05 0.163E-06 0.000E+00
300.696 75.0 0.200E-04 0.445E-05 0.935E-04 0.165E-03 0.427E-05 0.102E-06 0.000E+00
302.093 76.0 0.166E-04 0.320E-05 0.102E-03 0.138E-03 0.289E-05 0.619E-07 0.000E+00
303.491 77.0 0.135E-04 0.236E-05 0.108E-03 0.113E-03 0.219E-05 0.368E-07 0.000E+00
304.888 78.0 0.109E-04 0.183E-05 0.111E-03 0.909E-04 0.824E-06 0.215E-07 0.000E+00
306.285 79.0 0.865E-05 0.158E-05 0.111E-03 0.716E-04 0.714E-07 0.110E-07 0.000E+00
307.682 80.0 0.679E-05 0.156E-05 0.109E-03 0.547E-04 0.000E+00 0.445E-08 0.000E+00


