E_lab E*/MeV 187At 188At 189At 190At 191At 192At 193At
376.196 24.0 0.000E+00 0.000E+00 0.000E+00 0.000E+00 0.329E-11 0.211E-11 0.000E+00
378.070 25.0 0.000E+00 0.000E+00 0.000E+00 0.000E+00 0.186E-10 0.319E-11 0.000E+00
379.944 26.0 0.000E+00 0.000E+00 0.000E+00 0.000E+00 0.815E-08 0.134E-08 0.000E+00
381.817 27.0 0.000E+00 0.000E+00 0.000E+00 0.000E+00 0.299E-07 0.275E-08 0.000E+00
383.691 28.0 0.000E+00 0.000E+00 0.000E+00 0.000E+00 0.853E-07 0.474E-08 0.000E+00
385.565 29.0 0.000E+00 0.000E+00 0.000E+00 0.000E+00 0.211E-06 0.767E-08 0.000E+00
387.439 30.0 0.000E+00 0.000E+00 0.000E+00 0.000E+00 0.475E-06 0.118E-07 0.000E+00
389.313 31.0 0.000E+00 0.000E+00 0.000E+00 0.000E+00 0.969E-06 0.173E-07 0.000E+00
391.186 32.0 0.000E+00 0.000E+00 0.000E+00 0.606E-11 0.169E-05 0.182E-07 0.000E+00
393.060 33.0 0.000E+00 0.000E+00 0.000E+00 0.309E-09 0.227E-05 0.108E-08 0.000E+00
394.934 34.0 0.000E+00 0.000E+00 0.000E+00 0.431E-08 0.226E-05 0.000E+00 0.000E+00
396.808 35.0 0.000E+00 0.000E+00 0.000E+00 0.274E-07 0.178E-05 0.000E+00 0.000E+00
398.681 36.0 0.000E+00 0.000E+00 0.000E+00 0.105E-06 0.122E-05 0.000E+00 0.000E+00
400.555 37.0 0.000E+00 0.000E+00 0.000E+00 0.279E-06 0.767E-06 0.000E+00 0.000E+00
402.429 38.0 0.000E+00 0.000E+00 0.000E+00 0.561E-06 0.461E-06 0.000E+00 0.000E+00
404.303 39.0 0.000E+00 0.000E+00 0.000E+00 0.881E-06 0.270E-06 0.000E+00 0.000E+00
406.177 40.0 0.000E+00 0.000E+00 0.000E+00 0.113E-05 0.156E-06 0.000E+00 0.000E+00
408.050 41.0 0.000E+00 0.000E+00 0.000E+00 0.125E-05 0.892E-07 0.000E+00 0.000E+00
409.924 42.0 0.000E+00 0.000E+00 0.000E+00 0.124E-05 0.503E-07 0.000E+00 0.000E+00
411.798 43.0 0.000E+00 0.000E+00 0.137E-11 0.112E-05 0.276E-07 0.000E+00 0.000E+00
413.672 44.0 0.000E+00 0.000E+00 0.167E-10 0.947E-06 0.145E-07 0.000E+00 0.000E+00
415.546 45.0 0.000E+00 0.000E+00 0.114E-09 0.760E-06 0.373E-08 0.000E+00 0.000E+00
417.419 46.0 0.000E+00 0.000E+00 0.505E-09 0.585E-06 0.000E+00 0.000E+00 0.000E+00
419.293 47.0 0.000E+00 0.000E+00 0.157E-08 0.435E-06 0.000E+00 0.000E+00 0.000E+00
421.167 48.0 0.000E+00 0.000E+00 0.366E-08 0.315E-06 0.000E+00 0.000E+00 0.000E+00
423.041 49.0 0.000E+00 0.000E+00 0.670E-08 0.223E-06 0.000E+00 0.000E+00 0.000E+00
424.914 50.0 0.000E+00 0.000E+00 0.101E-07 0.155E-06 0.000E+00 0.000E+00 0.000E+00
426.788 51.0 0.000E+00 0.000E+00 0.132E-07 0.106E-06 0.000E+00 0.000E+00 0.000E+00
428.662 52.0 0.000E+00 0.000E+00 0.154E-07 0.712E-07 0.000E+00 0.000E+00 0.000E+00
430.536 53.0 0.000E+00 0.000E+00 0.164E-07 0.475E-07 0.000E+00 0.000E+00 0.000E+00
432.410 54.0 0.000E+00 0.000E+00 0.162E-07 0.313E-07 0.000E+00 0.000E+00 0.000E+00
434.283 55.0 0.000E+00 0.968E-14 0.151E-07 0.205E-07 0.000E+00 0.000E+00 0.000E+00
436.157 56.0 0.000E+00 0.102E-12 0.135E-07 0.134E-07 0.000E+00 0.000E+00 0.000E+00
438.031 57.0 0.000E+00 0.714E-12 0.115E-07 0.864E-08 0.000E+00 0.000E+00 0.000E+00
439.905 58.0 0.000E+00 0.354E-11 0.950E-08 0.556E-08 0.000E+00 0.000E+00 0.000E+00
441.779 59.0 0.000E+00 0.132E-10 0.763E-08 0.355E-08 0.000E+00 0.000E+00 0.000E+00
443.652 60.0 0.000E+00 0.387E-10 0.598E-08 0.223E-08 0.000E+00 0.000E+00 0.000E+00
445.526 61.0 0.000E+00 0.921E-10 0.460E-08 0.139E-08 0.000E+00 0.000E+00 0.000E+00
447.400 62.0 0.000E+00 0.183E-09 0.347E-08 0.792E-09 0.000E+00 0.000E+00 0.000E+00
449.274 63.0 0.000E+00 0.315E-09 0.258E-08 0.349E-09 0.000E+00 0.000E+00 0.000E+00
451.147 64.0 0.000E+00 0.477E-09 0.189E-08 0.000E+00 0.000E+00 0.000E+00 0.000E+00
453.021 65.0 0.000E+00 0.651E-09 0.137E-08 0.000E+00 0.000E+00 0.000E+00 0.000E+00
454.895 66.0 0.000E+00 0.815E-09 0.984E-09 0.000E+00 0.000E+00 0.000E+00 0.000E+00
456.769 67.0 0.878E-15 0.950E-09 0.700E-09 0.000E+00 0.000E+00 0.000E+00 0.000E+00
458.643 68.0 0.586E-14 0.104E-08 0.494E-09 0.000E+00 0.000E+00 0.000E+00 0.000E+00
460.516 69.0 0.288E-13 0.108E-08 0.346E-09 0.000E+00 0.000E+00 0.000E+00 0.000E+00
462.390 70.0 0.109E-12 0.108E-08 0.241E-09 0.000E+00 0.000E+00 0.000E+00 0.000E+00
464.264 71.0 0.326E-12 0.104E-08 0.166E-09 0.000E+00 0.000E+00 0.000E+00 0.000E+00
466.138 72.0 0.808E-12 0.961E-09 0.111E-09 0.000E+00 0.000E+00 0.000E+00 0.000E+00
468.012 73.0 0.170E-11 0.867E-09 0.730E-10 0.000E+00 0.000E+00 0.000E+00 0.000E+00
469.885 74.0 0.310E-11 0.762E-09 0.444E-10 0.000E+00 0.000E+00 0.000E+00 0.000E+00
471.759 75.0 0.506E-11 0.656E-09 0.186E-10 0.000E+00 0.000E+00 0.000E+00 0.000E+00
473.633 76.0 0.747E-11 0.553E-09 0.439E-11 0.000E+00 0.000E+00 0.000E+00 0.000E+00
475.507 77.0 0.102E-10 0.459E-09 0.000E+00 0.000E+00 0.000E+00 0.000E+00 0.000E+00
477.380 78.0 0.129E-10 0.374E-09 0.000E+00 0.000E+00 0.000E+00 0.000E+00 0.000E+00
479.254 79.0 0.155E-10 0.301E-09 0.000E+00 0.000E+00 0.000E+00 0.000E+00 0.000E+00
481.128 80.0 0.176E-10 0.240E-09 0.000E+00 0.000E+00 0.000E+00 0.000E+00 0.000E+00
483.002 81.0 0.191E-10 0.189E-09 0.000E+00 0.000E+00 0.000E+00 0.000E+00 0.000E+00
484.876 82.0 0.200E-10 0.147E-09 0.000E+00 0.000E+00 0.000E+00 0.000E+00 0.000E+00
486.749 83.0 0.202E-10 0.113E-09 0.000E+00 0.000E+00 0.000E+00 0.000E+00 0.000E+00
488.623 84.0 0.000E+00 0.869E-10 0.000E+00 0.000E+00 0.000E+00 0.000E+00 0.165E+01
490.497 85.0 0.000E+00 0.660E-10 0.000E+00 0.000E+00 0.000E+00 0.000E+00 0.161E+01
492.371 86.0 0.000E+00 0.498E-10 0.000E+00 0.000E+00 0.000E+00 0.000E+00 0.158E+01
494.245 87.0 0.000E+00 0.374E-10 0.000E+00 0.000E+00 0.000E+00 0.000E+00 0.154E+01
496.118 88.0 0.000E+00 0.278E-10 0.000E+00 0.000E+00 0.000E+00 0.000E+00 0.151E+01
497.992 89.0 0.000E+00 0.206E-10 0.000E+00 0.000E+00 0.000E+00 0.000E+00 0.148E+01
499.866 90.0 0.000E+00 0.151E-10 0.000E+00 0.000E+00 0.000E+00 0.000E+00 0.145E+01


E_lab E*/MeV 186Po 187Po 188Po 189Po 190Po 191Po 192Po
376.196 24.0 0.000E+00 0.000E+00 0.000E+00 0.000E+00 0.000E+00 0.502E-10 0.124E-12
378.070 25.0 0.000E+00 0.000E+00 0.000E+00 0.000E+00 0.519E-16 0.174E-09 0.190E-12
379.944 26.0 0.000E+00 0.000E+00 0.000E+00 0.000E+00 0.909E-13 0.875E-07 0.309E-09
381.817 27.0 0.000E+00 0.000E+00 0.000E+00 0.000E+00 0.246E-11 0.291E-06 0.633E-09
383.691 28.0 0.000E+00 0.000E+00 0.000E+00 0.000E+00 0.467E-10 0.822E-06 0.102E-08
385.565 29.0 0.000E+00 0.000E+00 0.000E+00 0.000E+00 0.681E-09 0.212E-05 0.141E-08
387.439 30.0 0.000E+00 0.000E+00 0.000E+00 0.000E+00 0.773E-08 0.503E-05 0.101E-08
389.313 31.0 0.000E+00 0.000E+00 0.000E+00 0.000E+00 0.669E-07 0.109E-04 0.000E+00
391.186 32.0 0.000E+00 0.000E+00 0.000E+00 0.000E+00 0.409E-06 0.199E-04 0.000E+00
393.060 33.0 0.000E+00 0.000E+00 0.000E+00 0.000E+00 0.156E-05 0.277E-04 0.000E+00
394.934 34.0 0.000E+00 0.000E+00 0.000E+00 0.000E+00 0.366E-05 0.282E-04 0.000E+00
396.808 35.0 0.000E+00 0.000E+00 0.000E+00 0.000E+00 0.592E-05 0.227E-04 0.000E+00
398.681 36.0 0.000E+00 0.000E+00 0.000E+00 0.000E+00 0.756E-05 0.159E-04 0.000E+00
400.555 37.0 0.000E+00 0.000E+00 0.000E+00 0.276E-11 0.827E-05 0.103E-04 0.000E+00
402.429 38.0 0.000E+00 0.000E+00 0.000E+00 0.235E-10 0.811E-05 0.639E-05 0.000E+00
404.303 39.0 0.000E+00 0.000E+00 0.000E+00 0.133E-09 0.732E-05 0.385E-05 0.000E+00
406.177 40.0 0.000E+00 0.000E+00 0.000E+00 0.588E-09 0.618E-05 0.228E-05 0.000E+00
408.050 41.0 0.000E+00 0.000E+00 0.000E+00 0.218E-08 0.495E-05 0.133E-05 0.000E+00
409.924 42.0 0.000E+00 0.000E+00 0.000E+00 0.688E-08 0.380E-05 0.775E-06 0.000E+00
411.798 43.0 0.000E+00 0.000E+00 0.000E+00 0.186E-07 0.281E-05 0.447E-06 0.000E+00
413.672 44.0 0.000E+00 0.000E+00 0.000E+00 0.435E-07 0.202E-05 0.256E-06 0.000E+00
415.546 45.0 0.000E+00 0.000E+00 0.000E+00 0.885E-07 0.142E-05 0.145E-06 0.000E+00
417.419 46.0 0.000E+00 0.000E+00 0.000E+00 0.158E-06 0.976E-06 0.791E-07 0.000E+00
419.293 47.0 0.000E+00 0.000E+00 0.000E+00 0.251E-06 0.660E-06 0.352E-07 0.000E+00
421.167 48.0 0.000E+00 0.000E+00 0.000E+00 0.357E-06 0.440E-06 0.326E-08 0.000E+00
423.041 49.0 0.000E+00 0.000E+00 0.291E-12 0.460E-06 0.290E-06 0.000E+00 0.000E+00
424.914 50.0 0.000E+00 0.000E+00 0.179E-11 0.545E-06 0.189E-06 0.000E+00 0.000E+00
426.788 51.0 0.000E+00 0.000E+00 0.869E-11 0.599E-06 0.122E-06 0.000E+00 0.000E+00
428.662 52.0 0.000E+00 0.000E+00 0.341E-10 0.617E-06 0.782E-07 0.000E+00 0.000E+00
430.536 53.0 0.000E+00 0.000E+00 0.111E-09 0.602E-06 0.498E-07 0.000E+00 0.000E+00
432.410 54.0 0.000E+00 0.000E+00 0.303E-09 0.560E-06 0.313E-07 0.000E+00 0.000E+00
434.283 55.0 0.000E+00 0.000E+00 0.708E-09 0.499E-06 0.193E-07 0.000E+00 0.000E+00
436.157 56.0 0.000E+00 0.000E+00 0.144E-08 0.430E-06 0.120E-07 0.000E+00 0.000E+00
438.031 57.0 0.000E+00 0.000E+00 0.258E-08 0.359E-06 0.661E-08 0.000E+00 0.000E+00
439.905 58.0 0.000E+00 0.000E+00 0.413E-08 0.292E-06 0.236E-08 0.000E+00 0.000E+00
441.779 59.0 0.000E+00 0.000E+00 0.598E-08 0.232E-06 0.000E+00 0.000E+00 0.000E+00
443.652 60.0 0.000E+00 0.000E+00 0.795E-08 0.181E-06 0.000E+00 0.000E+00 0.000E+00
445.526 61.0 0.000E+00 0.322E-13 0.980E-08 0.138E-06 0.000E+00 0.000E+00 0.000E+00
447.400 62.0 0.000E+00 0.119E-12 0.113E-07 0.104E-06 0.000E+00 0.000E+00 0.000E+00
449.274 63.0 0.000E+00 0.380E-12 0.123E-07 0.775E-07 0.000E+00 0.000E+00 0.000E+00
451.147 64.0 0.000E+00 0.113E-11 0.128E-07 0.569E-07 0.000E+00 0.000E+00 0.000E+00
453.021 65.0 0.000E+00 0.322E-11 0.127E-07 0.414E-07 0.000E+00 0.000E+00 0.000E+00
454.895 66.0 0.000E+00 0.859E-11 0.121E-07 0.298E-07 0.000E+00 0.000E+00 0.000E+00
456.769 67.0 0.000E+00 0.212E-10 0.112E-07 0.213E-07 0.000E+00 0.000E+00 0.000E+00
458.643 68.0 0.000E+00 0.475E-10 0.101E-07 0.151E-07 0.000E+00 0.000E+00 0.000E+00
460.516 69.0 0.000E+00 0.968E-10 0.880E-08 0.106E-07 0.000E+00 0.000E+00 0.000E+00
462.390 70.0 0.000E+00 0.180E-09 0.752E-08 0.739E-08 0.000E+00 0.000E+00 0.000E+00
464.264 71.0 0.000E+00 0.305E-09 0.630E-08 0.513E-08 0.000E+00 0.000E+00 0.000E+00
466.138 72.0 0.000E+00 0.479E-09 0.519E-08 0.350E-08 0.000E+00 0.000E+00 0.000E+00
468.012 73.0 0.000E+00 0.697E-09 0.420E-08 0.237E-08 0.000E+00 0.000E+00 0.000E+00
469.885 74.0 0.174E-14 0.948E-09 0.335E-08 0.154E-08 0.000E+00 0.000E+00 0.000E+00
471.759 75.0 0.685E-14 0.122E-08 0.264E-08 0.101E-08 0.000E+00 0.000E+00 0.000E+00
473.633 76.0 0.232E-13 0.148E-08 0.206E-08 0.533E-09 0.000E+00 0.000E+00 0.000E+00
475.507 77.0 0.688E-13 0.171E-08 0.158E-08 0.224E-09 0.000E+00 0.000E+00 0.000E+00
477.380 78.0 0.180E-12 0.190E-08 0.121E-08 0.000E+00 0.000E+00 0.000E+00 0.000E+00
479.254 79.0 0.418E-12 0.204E-08 0.915E-09 0.000E+00 0.000E+00 0.000E+00 0.000E+00
481.128 80.0 0.876E-12 0.211E-08 0.686E-09 0.000E+00 0.000E+00 0.000E+00 0.000E+00
483.002 81.0 0.167E-11 0.211E-08 0.510E-09 0.000E+00 0.000E+00 0.000E+00 0.000E+00
484.876 82.0 0.293E-11 0.206E-08 0.376E-09 0.000E+00 0.000E+00 0.000E+00 0.000E+00
486.749 83.0 0.474E-11 0.196E-08 0.273E-09 0.000E+00 0.000E+00 0.000E+00 0.000E+00
488.623 84.0 0.560E-11 0.157E-08 0.197E-09 0.000E+00 0.000E+00 0.000E+00 0.000E+00
490.497 85.0 0.805E-11 0.144E-08 0.139E-09 0.000E+00 0.000E+00 0.000E+00 0.000E+00
492.371 86.0 0.109E-10 0.129E-08 0.932E-10 0.000E+00 0.000E+00 0.000E+00 0.000E+00
494.245 87.0 0.141E-10 0.114E-08 0.535E-10 0.000E+00 0.000E+00 0.000E+00 0.000E+00
496.118 88.0 0.174E-10 0.992E-09 0.186E-10 0.000E+00 0.000E+00 0.000E+00 0.000E+00
497.992 89.0 0.229E-10 0.974E-09 0.462E-11 0.000E+00 0.000E+00 0.000E+00 0.000E+00
499.866 90.0 0.260E-10 0.823E-09 0.000E+00 0.000E+00 0.000E+00 0.000E+00 0.000E+00


E_lab E*/MeV 185Bi 186Bi 187Bi 188Bi 189Bi 190Bi 191Bi
376.196 24.0 0.000E+00 0.000E+00 0.000E+00 0.321E-11 0.476E-11 0.702E-14 0.418E-10
378.070 25.0 0.000E+00 0.000E+00 0.000E+00 0.191E-10 0.788E-11 0.876E-13 0.143E-09
379.944 26.0 0.000E+00 0.000E+00 0.000E+00 0.107E-07 0.912E-08 0.298E-10 0.891E-07
381.817 27.0 0.000E+00 0.000E+00 0.000E+00 0.601E-07 0.224E-07 0.325E-09 0.328E-06
383.691 28.0 0.000E+00 0.000E+00 0.428E-12 0.295E-06 0.439E-07 0.301E-08 0.106E-05
385.565 29.0 0.000E+00 0.000E+00 0.124E-10 0.132E-05 0.810E-07 0.243E-07 0.317E-05
387.439 30.0 0.000E+00 0.000E+00 0.220E-09 0.528E-05 0.145E-06 0.172E-06 0.888E-05
389.313 31.0 0.000E+00 0.000E+00 0.273E-08 0.184E-04 0.249E-06 0.105E-05 0.226E-04
391.186 32.0 0.000E+00 0.000E+00 0.241E-07 0.518E-04 0.389E-06 0.507E-05 0.490E-04
393.060 33.0 0.000E+00 0.000E+00 0.137E-06 0.105E-03 0.499E-06 0.171E-04 0.804E-04
394.934 34.0 0.000E+00 0.000E+00 0.498E-06 0.148E-03 0.492E-06 0.393E-04 0.954E-04
396.808 35.0 0.000E+00 0.000E+00 0.129E-05 0.156E-03 0.383E-06 0.677E-04 0.874E-04
398.681 36.0 0.000E+00 0.000E+00 0.273E-05 0.138E-03 0.255E-06 0.987E-04 0.683E-04
400.555 37.0 0.000E+00 0.000E+00 0.498E-05 0.108E-03 0.166E-06 0.130E-03 0.488E-04
402.429 38.0 0.000E+00 0.000E+00 0.813E-05 0.795E-04 0.143E-06 0.158E-03 0.331E-04
404.303 39.0 0.000E+00 0.000E+00 0.120E-04 0.557E-04 0.216E-06 0.180E-03 0.217E-04
406.177 40.0 0.000E+00 0.000E+00 0.160E-04 0.377E-04 0.463E-06 0.193E-03 0.140E-04
408.050 41.0 0.000E+00 0.000E+00 0.193E-04 0.249E-04 0.102E-05 0.196E-03 0.887E-05
409.924 42.0 0.000E+00 0.107E-09 0.214E-04 0.161E-04 0.203E-05 0.189E-03 0.556E-05
411.798 43.0 0.000E+00 0.455E-09 0.217E-04 0.102E-04 0.368E-05 0.174E-03 0.345E-05
413.672 44.0 0.000E+00 0.161E-08 0.205E-04 0.644E-05 0.611E-05 0.153E-03 0.212E-05
415.546 45.0 0.000E+00 0.493E-08 0.183E-04 0.401E-05 0.102E-04 0.130E-03 0.130E-05
417.419 46.0 0.000E+00 0.133E-07 0.154E-04 0.247E-05 0.152E-04 0.107E-03 0.788E-06
419.293 47.0 0.000E+00 0.322E-07 0.125E-04 0.151E-05 0.212E-04 0.854E-04 0.475E-06
421.167 48.0 0.000E+00 0.700E-07 0.972E-05 0.916E-06 0.275E-04 0.664E-04 0.284E-06
423.041 49.0 0.000E+00 0.138E-06 0.734E-05 0.553E-06 0.336E-04 0.505E-04 0.168E-06
424.914 50.0 0.000E+00 0.249E-06 0.541E-05 0.334E-06 0.386E-04 0.376E-04 0.980E-07
426.788 51.0 0.000E+00 0.410E-06 0.390E-05 0.204E-06 0.421E-04 0.275E-04 0.563E-07
428.662 52.0 0.000E+00 0.623E-06 0.276E-05 0.131E-06 0.436E-04 0.198E-04 0.310E-07
430.536 53.0 0.515E-11 0.875E-06 0.192E-05 0.101E-06 0.433E-04 0.141E-04 0.158E-07
432.410 54.0 0.207E-10 0.114E-05 0.132E-05 0.109E-06 0.412E-04 0.989E-05 0.698E-08
434.283 55.0 0.715E-10 0.138E-05 0.896E-06 0.160E-06 0.378E-04 0.687E-05 0.000E+00
436.157 56.0 0.218E-09 0.156E-05 0.602E-06 0.266E-06 0.335E-04 0.473E-05 0.000E+00
438.031 57.0 0.591E-09 0.167E-05 0.401E-06 0.445E-06 0.289E-04 0.322E-05 0.000E+00
439.905 58.0 0.144E-08 0.169E-05 0.266E-06 0.714E-06 0.242E-04 0.218E-05 0.000E+00
441.779 59.0 0.319E-08 0.163E-05 0.175E-06 0.108E-05 0.199E-04 0.146E-05 0.000E+00
443.652 60.0 0.640E-08 0.151E-05 0.114E-06 0.155E-05 0.160E-04 0.975E-06 0.000E+00
445.526 61.0 0.117E-07 0.135E-05 0.745E-07 0.211E-05 0.126E-04 0.646E-06 0.000E+00
447.400 62.0 0.197E-07 0.117E-05 0.487E-07 0.271E-05 0.977E-05 0.425E-06 0.000E+00
449.274 63.0 0.303E-07 0.987E-06 0.323E-07 0.332E-05 0.746E-05 0.278E-06 0.000E+00
451.147 64.0 0.433E-07 0.811E-06 0.229E-07 0.388E-05 0.562E-05 0.180E-06 0.000E+00
453.021 65.0 0.575E-07 0.653E-06 0.191E-07 0.434E-05 0.419E-05 0.116E-06 0.000E+00
454.895 66.0 0.714E-07 0.516E-06 0.208E-07 0.466E-05 0.308E-05 0.740E-07 0.000E+00
456.769 67.0 0.836E-07 0.401E-06 0.287E-07 0.483E-05 0.225E-05 0.468E-07 0.000E+00
458.643 68.0 0.928E-07 0.307E-06 0.440E-07 0.484E-05 0.161E-05 0.292E-07 0.000E+00
460.516 69.0 0.983E-07 0.232E-06 0.680E-07 0.470E-05 0.114E-05 0.177E-07 0.000E+00
462.390 70.0 0.997E-07 0.173E-06 0.102E-06 0.444E-05 0.805E-06 0.101E-07 0.000E+00
464.264 71.0 0.975E-07 0.128E-06 0.145E-06 0.409E-05 0.550E-06 0.539E-08 0.000E+00
466.138 72.0 0.922E-07 0.940E-07 0.197E-06 0.368E-05 0.359E-06 0.162E-08 0.000E+00
468.012 73.0 0.847E-07 0.683E-07 0.255E-06 0.324E-05 0.169E-06 0.000E+00 0.000E+00
469.885 74.0 0.758E-07 0.493E-07 0.314E-06 0.280E-05 0.635E-07 0.000E+00 0.000E+00
471.759 75.0 0.663E-07 0.354E-07 0.372E-06 0.238E-05 0.255E-07 0.000E+00 0.000E+00
473.633 76.0 0.568E-07 0.253E-07 0.423E-06 0.199E-05 0.686E-08 0.000E+00 0.000E+00
475.507 77.0 0.478E-07 0.180E-07 0.464E-06 0.164E-05 0.000E+00 0.000E+00 0.000E+00
477.380 78.0 0.396E-07 0.130E-07 0.492E-06 0.134E-05 0.000E+00 0.000E+00 0.000E+00
479.254 79.0 0.323E-07 0.954E-08 0.507E-06 0.107E-05 0.000E+00 0.000E+00 0.000E+00
481.128 80.0 0.260E-07 0.746E-08 0.507E-06 0.837E-06 0.000E+00 0.000E+00 0.000E+00
483.002 81.0 0.206E-07 0.651E-08 0.495E-06 0.635E-06 0.000E+00 0.000E+00 0.000E+00
484.876 82.0 0.162E-07 0.662E-08 0.472E-06 0.454E-06 0.000E+00 0.000E+00 0.000E+00
486.749 83.0 0.126E-07 0.773E-08 0.441E-06 0.284E-06 0.000E+00 0.000E+00 0.000E+00
488.623 84.0 0.000E+00 0.000E+00 0.000E+00 0.000E+00 0.000E+00 0.000E+00 0.000E+00
490.497 85.0 0.000E+00 0.000E+00 0.000E+00 0.000E+00 0.000E+00 0.000E+00 0.000E+00
492.371 86.0 0.000E+00 0.000E+00 0.000E+00 0.000E+00 0.000E+00 0.000E+00 0.000E+00
494.245 87.0 0.000E+00 0.000E+00 0.000E+00 0.000E+00 0.000E+00 0.000E+00 0.000E+00
496.118 88.0 0.000E+00 0.000E+00 0.000E+00 0.000E+00 0.000E+00 0.000E+00 0.000E+00
497.992 89.0 0.000E+00 0.000E+00 0.000E+00 0.000E+00 0.000E+00 0.000E+00 0.000E+00
499.866 90.0 0.000E+00 0.000E+00 0.000E+00 0.000E+00 0.000E+00 0.000E+00 0.000E+00


