E_lab E*/MeV 180Pb 181Pb 182Pb 183Pb 184Pb 185Pb 186Pb
357.767 20.0 0.000E+00 0.000E+00 0.000E+00 0.000E+00 0.000E+00 0.330E-03 0.234E-06
359.767 21.0 0.000E+00 0.000E+00 0.000E+00 0.000E+00 0.276E-07 0.675E-03 0.258E-06
361.767 22.0 0.000E+00 0.000E+00 0.000E+00 0.000E+00 0.859E-06 0.105E-02 0.208E-06
363.767 23.0 0.000E+00 0.000E+00 0.000E+00 0.000E+00 0.859E-05 0.131E-02 0.145E-07
365.767 24.0 0.000E+00 0.000E+00 0.000E+00 0.000E+00 0.437E-04 0.140E-02 0.000E+00
367.767 25.0 0.000E+00 0.000E+00 0.000E+00 0.000E+00 0.151E-03 0.132E-02 0.000E+00
369.767 26.0 0.000E+00 0.000E+00 0.000E+00 0.000E+00 0.415E-03 0.113E-02 0.000E+00
371.767 27.0 0.000E+00 0.000E+00 0.000E+00 0.000E+00 0.950E-03 0.895E-03 0.000E+00
373.767 28.0 0.000E+00 0.000E+00 0.000E+00 0.000E+00 0.177E-02 0.665E-03 0.000E+00
375.767 29.0 0.000E+00 0.000E+00 0.000E+00 0.000E+00 0.258E-02 0.466E-03 0.000E+00
377.767 30.0 0.000E+00 0.000E+00 0.000E+00 0.000E+00 0.309E-02 0.311E-03 0.000E+00
379.767 31.0 0.000E+00 0.000E+00 0.000E+00 0.000E+00 0.318E-02 0.199E-03 0.000E+00
381.767 32.0 0.000E+00 0.000E+00 0.000E+00 0.301E-08 0.291E-02 0.122E-03 0.000E+00
383.767 33.0 0.000E+00 0.000E+00 0.000E+00 0.733E-07 0.243E-02 0.729E-04 0.000E+00
385.767 34.0 0.000E+00 0.000E+00 0.000E+00 0.687E-06 0.189E-02 0.422E-04 0.000E+00
387.767 35.0 0.000E+00 0.000E+00 0.000E+00 0.349E-05 0.139E-02 0.238E-04 0.000E+00
389.767 36.0 0.000E+00 0.000E+00 0.000E+00 0.116E-04 0.970E-03 0.131E-04 0.000E+00
391.767 37.0 0.000E+00 0.000E+00 0.000E+00 0.289E-04 0.651E-03 0.709E-05 0.000E+00
393.767 38.0 0.000E+00 0.000E+00 0.000E+00 0.597E-04 0.423E-03 0.364E-05 0.000E+00
395.767 39.0 0.000E+00 0.000E+00 0.000E+00 0.108E-03 0.266E-03 0.176E-05 0.000E+00
397.767 40.0 0.000E+00 0.000E+00 0.000E+00 0.174E-03 0.164E-03 0.800E-06 0.000E+00
399.767 41.0 0.000E+00 0.000E+00 0.000E+00 0.249E-03 0.990E-04 0.000E+00 0.000E+00
401.767 42.0 0.000E+00 0.000E+00 0.339E-10 0.313E-03 0.588E-04 0.000E+00 0.000E+00
403.767 43.0 0.000E+00 0.000E+00 0.803E-09 0.349E-03 0.345E-04 0.000E+00 0.000E+00
405.767 44.0 0.000E+00 0.000E+00 0.825E-08 0.353E-03 0.200E-04 0.000E+00 0.000E+00
407.767 45.0 0.000E+00 0.000E+00 0.489E-07 0.328E-03 0.115E-04 0.000E+00 0.000E+00
409.767 46.0 0.000E+00 0.000E+00 0.194E-06 0.286E-03 0.659E-05 0.000E+00 0.000E+00
411.767 47.0 0.000E+00 0.000E+00 0.578E-06 0.236E-03 0.375E-05 0.000E+00 0.000E+00
413.767 48.0 0.000E+00 0.000E+00 0.140E-05 0.186E-03 0.212E-05 0.000E+00 0.000E+00
415.767 49.0 0.000E+00 0.000E+00 0.289E-05 0.142E-03 0.120E-05 0.000E+00 0.000E+00
417.767 50.0 0.000E+00 0.000E+00 0.521E-05 0.106E-03 0.667E-06 0.000E+00 0.000E+00
419.767 51.0 0.000E+00 0.000E+00 0.820E-05 0.764E-04 0.361E-06 0.000E+00 0.000E+00
421.767 52.0 0.000E+00 0.000E+00 0.114E-04 0.542E-04 0.188E-06 0.000E+00 0.000E+00
423.767 53.0 0.000E+00 0.000E+00 0.142E-04 0.377E-04 0.900E-07 0.000E+00 0.000E+00
425.767 54.0 0.000E+00 0.000E+00 0.162E-04 0.259E-04 0.377E-08 0.000E+00 0.000E+00
427.767 55.0 0.000E+00 0.828E-11 0.170E-04 0.176E-04 0.000E+00 0.000E+00 0.000E+00
429.767 56.0 0.000E+00 0.712E-10 0.167E-04 0.118E-04 0.000E+00 0.000E+00 0.000E+00
431.767 57.0 0.000E+00 0.410E-09 0.155E-04 0.784E-05 0.000E+00 0.000E+00 0.000E+00
433.767 58.0 0.000E+00 0.171E-08 0.138E-04 0.517E-05 0.000E+00 0.000E+00 0.000E+00
437.767 60.0 0.000E+00 0.148E-07 0.976E-05 0.220E-05 0.000E+00 0.000E+00 0.000E+00
437.767 60.0 0.000E+00 0.148E-07 0.976E-05 0.220E-05 0.000E+00 0.000E+00 0.000E+00
439.767 61.0 0.000E+00 0.337E-07 0.786E-05 0.143E-05 0.000E+00 0.000E+00 0.000E+00
441.767 62.0 0.000E+00 0.680E-07 0.618E-05 0.922E-06 0.000E+00 0.000E+00 0.000E+00
443.767 63.0 0.000E+00 0.123E-06 0.477E-05 0.593E-06 0.000E+00 0.000E+00 0.000E+00
445.767 64.0 0.000E+00 0.204E-06 0.361E-05 0.380E-06 0.000E+00 0.000E+00 0.000E+00
447.767 65.0 0.000E+00 0.307E-06 0.269E-05 0.242E-06 0.000E+00 0.000E+00 0.000E+00
449.767 66.0 0.207E-12 0.424E-06 0.198E-05 0.154E-06 0.000E+00 0.000E+00 0.000E+00
451.767 67.0 0.149E-11 0.544E-06 0.144E-05 0.967E-07 0.000E+00 0.000E+00 0.000E+00
453.767 68.0 0.795E-11 0.651E-06 0.103E-05 0.606E-07 0.000E+00 0.000E+00 0.000E+00
455.767 69.0 0.329E-10 0.735E-06 0.738E-06 0.371E-07 0.000E+00 0.000E+00 0.000E+00
457.767 70.0 0.110E-09 0.786E-06 0.522E-06 0.223E-07 0.000E+00 0.000E+00 0.000E+00
459.767 71.0 0.313E-09 0.803E-06 0.367E-06 0.130E-07 0.000E+00 0.000E+00 0.000E+00
461.767 72.0 0.768E-09 0.789E-06 0.256E-06 0.632E-08 0.000E+00 0.000E+00 0.000E+00
463.767 73.0 0.167E-08 0.748E-06 0.178E-06 0.143E-08 0.000E+00 0.000E+00 0.000E+00
465.767 74.0 0.324E-08 0.688E-06 0.123E-06 0.000E+00 0.000E+00 0.000E+00 0.000E+00
467.767 75.0 0.567E-08 0.616E-06 0.844E-07 0.000E+00 0.000E+00 0.000E+00 0.000E+00
469.767 76.0 0.905E-08 0.538E-06 0.578E-07 0.000E+00 0.000E+00 0.000E+00 0.000E+00
471.767 77.0 0.133E-07 0.461E-06 0.394E-07 0.000E+00 0.000E+00 0.000E+00 0.000E+00
473.767 78.0 0.181E-07 0.387E-06 0.267E-07 0.000E+00 0.000E+00 0.000E+00 0.000E+00
475.767 79.0 0.231E-07 0.319E-06 0.180E-07 0.000E+00 0.000E+00 0.000E+00 0.000E+00
477.767 80.0 0.278E-07 0.260E-06 0.121E-07 0.000E+00 0.000E+00 0.000E+00 0.000E+00


E_lab E*/MeV 179Tl 180Tl 181Tl 182Tl 183Tl 184Tl 185Tl
357.767 20.0 0.000E+00 0.000E+00 0.000E+00 0.000E+00 0.000E+00 0.322E-06 0.202E-03
359.767 21.0 0.000E+00 0.000E+00 0.000E+00 0.000E+00 0.000E+00 0.285E-05 0.449E-03
361.767 22.0 0.000E+00 0.000E+00 0.000E+00 0.000E+00 0.000E+00 0.165E-04 0.773E-03
363.767 23.0 0.000E+00 0.000E+00 0.000E+00 0.000E+00 0.000E+00 0.665E-04 0.108E-02
365.767 24.0 0.000E+00 0.000E+00 0.000E+00 0.000E+00 0.000E+00 0.208E-03 0.127E-02
367.767 25.0 0.000E+00 0.000E+00 0.000E+00 0.000E+00 0.000E+00 0.549E-03 0.132E-02
369.767 26.0 0.000E+00 0.000E+00 0.000E+00 0.000E+00 0.000E+00 0.125E-02 0.124E-02
371.767 27.0 0.000E+00 0.000E+00 0.000E+00 0.000E+00 0.000E+00 0.249E-02 0.108E-02
373.767 28.0 0.000E+00 0.000E+00 0.000E+00 0.000E+00 0.172E-08 0.436E-02 0.873E-03
375.767 29.0 0.000E+00 0.000E+00 0.000E+00 0.000E+00 0.517E-07 0.672E-02 0.667E-03
377.767 30.0 0.000E+00 0.000E+00 0.000E+00 0.000E+00 0.574E-06 0.916E-02 0.483E-03
379.767 31.0 0.000E+00 0.000E+00 0.000E+00 0.000E+00 0.355E-05 0.111E-01 0.334E-03
381.767 32.0 0.000E+00 0.000E+00 0.000E+00 0.000E+00 0.150E-04 0.120E-01 0.221E-03
383.767 33.0 0.000E+00 0.000E+00 0.000E+00 0.000E+00 0.482E-04 0.118E-01 0.142E-03
385.767 34.0 0.000E+00 0.000E+00 0.000E+00 0.000E+00 0.126E-03 0.107E-01 0.875E-04
387.767 35.0 0.000E+00 0.000E+00 0.000E+00 0.000E+00 0.283E-03 0.896E-02 0.525E-04
389.767 36.0 0.000E+00 0.000E+00 0.000E+00 0.000E+00 0.555E-03 0.709E-02 0.307E-04
391.767 37.0 0.000E+00 0.000E+00 0.000E+00 0.000E+00 0.974E-03 0.533E-02 0.175E-04
393.767 38.0 0.000E+00 0.000E+00 0.000E+00 0.000E+00 0.154E-02 0.383E-02 0.981E-05
395.767 39.0 0.000E+00 0.000E+00 0.000E+00 0.427E-09 0.222E-02 0.266E-02 0.538E-05
397.767 40.0 0.000E+00 0.000E+00 0.000E+00 0.690E-08 0.290E-02 0.179E-02 0.285E-05
399.767 41.0 0.000E+00 0.000E+00 0.000E+00 0.502E-07 0.348E-02 0.117E-02 0.143E-05
401.767 42.0 0.000E+00 0.000E+00 0.000E+00 0.230E-06 0.384E-02 0.748E-03 0.657E-06
403.767 43.0 0.000E+00 0.000E+00 0.000E+00 0.789E-06 0.393E-02 0.470E-03 0.255E-06
405.767 44.0 0.000E+00 0.000E+00 0.000E+00 0.225E-05 0.377E-02 0.291E-03 0.000E+00
407.767 45.0 0.000E+00 0.000E+00 0.000E+00 0.554E-05 0.341E-02 0.178E-03 0.000E+00
409.767 46.0 0.000E+00 0.000E+00 0.000E+00 0.122E-04 0.294E-02 0.107E-03 0.000E+00
411.767 47.0 0.000E+00 0.000E+00 0.000E+00 0.243E-04 0.243E-02 0.642E-04 0.000E+00
413.767 48.0 0.000E+00 0.000E+00 0.000E+00 0.443E-04 0.193E-02 0.382E-04 0.000E+00
415.767 49.0 0.000E+00 0.000E+00 0.000E+00 0.746E-04 0.149E-02 0.226E-04 0.000E+00
417.767 50.0 0.000E+00 0.000E+00 0.000E+00 0.116E-03 0.112E-02 0.133E-04 0.000E+00
419.767 51.0 0.000E+00 0.000E+00 0.418E-09 0.166E-03 0.824E-03 0.775E-05 0.000E+00
421.767 52.0 0.000E+00 0.000E+00 0.250E-08 0.222E-03 0.594E-03 0.450E-05 0.000E+00
423.767 53.0 0.000E+00 0.000E+00 0.113E-07 0.275E-03 0.421E-03 0.259E-05 0.000E+00
425.767 54.0 0.000E+00 0.000E+00 0.408E-07 0.318E-03 0.294E-03 0.144E-05 0.000E+00
427.767 55.0 0.000E+00 0.000E+00 0.124E-06 0.345E-03 0.203E-03 0.790E-06 0.000E+00
429.767 56.0 0.000E+00 0.000E+00 0.325E-06 0.354E-03 0.139E-03 0.413E-06 0.000E+00
431.767 57.0 0.000E+00 0.000E+00 0.755E-06 0.346E-03 0.936E-04 0.185E-06 0.000E+00
433.767 58.0 0.000E+00 0.000E+00 0.158E-05 0.323E-03 0.627E-04 0.192E-07 0.000E+00
437.767 60.0 0.000E+00 0.000E+00 0.530E-05 0.252E-03 0.275E-04 0.000E+00 0.000E+00
437.767 60.0 0.000E+00 0.000E+00 0.530E-05 0.252E-03 0.275E-04 0.000E+00 0.000E+00
439.767 61.0 0.000E+00 0.000E+00 0.862E-05 0.212E-03 0.181E-04 0.000E+00 0.000E+00
441.767 62.0 0.000E+00 0.000E+00 0.130E-04 0.174E-03 0.118E-04 0.000E+00 0.000E+00
443.767 63.0 0.000E+00 0.180E-10 0.184E-04 0.139E-03 0.764E-05 0.000E+00 0.000E+00
445.767 64.0 0.000E+00 0.956E-10 0.227E-04 0.109E-03 0.492E-05 0.000E+00 0.000E+00
447.767 65.0 0.000E+00 0.389E-09 0.280E-04 0.844E-04 0.316E-05 0.000E+00 0.000E+00
449.767 66.0 0.000E+00 0.132E-08 0.326E-04 0.641E-04 0.201E-05 0.000E+00 0.000E+00
451.767 67.0 0.000E+00 0.386E-08 0.362E-04 0.480E-04 0.128E-05 0.000E+00 0.000E+00
453.767 68.0 0.000E+00 0.101E-07 0.384E-04 0.356E-04 0.803E-06 0.000E+00 0.000E+00
455.767 69.0 0.000E+00 0.240E-07 0.391E-04 0.260E-04 0.502E-06 0.000E+00 0.000E+00
457.767 70.0 0.000E+00 0.521E-07 0.385E-04 0.189E-04 0.309E-06 0.000E+00 0.000E+00
459.767 71.0 0.000E+00 0.104E-06 0.366E-04 0.136E-04 0.187E-06 0.000E+00 0.000E+00
461.767 72.0 0.000E+00 0.194E-06 0.339E-04 0.968E-05 0.107E-06 0.000E+00 0.000E+00
463.767 73.0 0.000E+00 0.337E-06 0.305E-04 0.685E-05 0.582E-07 0.000E+00 0.000E+00
465.767 74.0 0.000E+00 0.545E-06 0.269E-04 0.482E-05 0.251E-07 0.000E+00 0.000E+00
467.767 75.0 0.236E-11 0.827E-06 0.232E-04 0.337E-05 0.000E+00 0.000E+00 0.000E+00
469.767 76.0 0.914E-11 0.118E-05 0.196E-04 0.234E-05 0.000E+00 0.000E+00 0.000E+00
471.767 77.0 0.309E-10 0.160E-05 0.163E-04 0.162E-05 0.000E+00 0.000E+00 0.000E+00
473.767 78.0 0.933E-10 0.204E-05 0.134E-04 0.111E-05 0.000E+00 0.000E+00 0.000E+00
475.767 79.0 0.254E-09 0.250E-05 0.108E-04 0.760E-06 0.000E+00 0.000E+00 0.000E+00
477.767 80.0 0.628E-09 0.292E-05 0.864E-05 0.517E-06 0.000E+00 0.000E+00 0.000E+00


E_lab E*/MeV 178Hg 179Hg 180Hg 181Hg 182Hg 183Hg 184Hg
357.767 20.0 0.000E+00 0.000E+00 0.000E+00 0.286E-09 0.507E-05 0.000E+00 0.149E-05
359.767 21.0 0.000E+00 0.000E+00 0.000E+00 0.526E-08 0.183E-04 0.000E+00 0.663E-05
361.767 22.0 0.000E+00 0.000E+00 0.000E+00 0.418E-07 0.509E-04 0.000E+00 0.228E-04
363.767 23.0 0.000E+00 0.000E+00 0.000E+00 0.224E-06 0.112E-03 0.240E-09 0.636E-04
365.767 24.0 0.000E+00 0.000E+00 0.000E+00 0.943E-06 0.204E-03 0.620E-08 0.152E-03
367.767 25.0 0.000E+00 0.000E+00 0.000E+00 0.336E-05 0.314E-03 0.614E-07 0.324E-03
369.767 26.0 0.000E+00 0.000E+00 0.000E+00 0.106E-04 0.420E-03 0.348E-06 0.627E-03
371.767 27.0 0.000E+00 0.000E+00 0.000E+00 0.295E-04 0.499E-03 0.139E-05 0.112E-02
373.767 28.0 0.000E+00 0.000E+00 0.000E+00 0.738E-04 0.533E-03 0.444E-05 0.183E-02
375.767 29.0 0.000E+00 0.000E+00 0.000E+00 0.165E-03 0.521E-03 0.122E-04 0.277E-02
377.767 30.0 0.000E+00 0.000E+00 0.602E-09 0.331E-03 0.471E-03 0.309E-04 0.388E-02
379.767 31.0 0.000E+00 0.000E+00 0.591E-08 0.601E-03 0.397E-03 0.731E-04 0.503E-02
381.767 32.0 0.000E+00 0.000E+00 0.353E-07 0.993E-03 0.315E-03 0.162E-03 0.603E-02
383.767 33.0 0.000E+00 0.000E+00 0.157E-06 0.150E-02 0.237E-03 0.335E-03 0.672E-02
385.767 34.0 0.000E+00 0.000E+00 0.567E-06 0.206E-02 0.169E-03 0.641E-03 0.699E-02
387.767 35.0 0.000E+00 0.000E+00 0.176E-05 0.260E-02 0.116E-03 0.113E-02 0.682E-02
389.767 36.0 0.000E+00 0.000E+00 0.480E-05 0.299E-02 0.767E-04 0.186E-02 0.627E-02
391.767 37.0 0.000E+00 0.000E+00 0.117E-04 0.315E-02 0.491E-04 0.284E-02 0.546E-02
393.767 38.0 0.000E+00 0.000E+00 0.255E-04 0.307E-02 0.313E-04 0.407E-02 0.454E-02
395.767 39.0 0.000E+00 0.000E+00 0.507E-04 0.278E-02 0.214E-04 0.549E-02 0.361E-02
397.767 40.0 0.000E+00 0.000E+00 0.920E-04 0.237E-02 0.187E-04 0.701E-02 0.277E-02
399.767 41.0 0.000E+00 0.000E+00 0.154E-03 0.191E-02 0.244E-04 0.845E-02 0.205E-02
401.767 42.0 0.000E+00 0.000E+00 0.239E-03 0.148E-02 0.415E-04 0.967E-02 0.148E-02
403.767 43.0 0.000E+00 0.192E-08 0.344E-03 0.110E-02 0.761E-04 0.105E-01 0.104E-02
405.767 44.0 0.000E+00 0.820E-08 0.463E-03 0.790E-03 0.136E-03 0.108E-01 0.713E-03
407.767 45.0 0.000E+00 0.296E-07 0.582E-03 0.553E-03 0.233E-03 0.107E-01 0.481E-03
409.767 46.0 0.000E+00 0.946E-07 0.682E-03 0.378E-03 0.377E-03 0.101E-01 0.319E-03
411.767 47.0 0.000E+00 0.273E-06 0.750E-03 0.253E-03 0.577E-03 0.916E-02 0.209E-03
413.767 48.0 0.000E+00 0.716E-06 0.775E-03 0.167E-03 0.839E-03 0.802E-02 0.135E-03
415.767 49.0 0.000E+00 0.171E-05 0.758E-03 0.108E-03 0.116E-02 0.679E-02 0.861E-04
417.767 50.0 0.000E+00 0.374E-05 0.705E-03 0.695E-04 0.153E-02 0.558E-02 0.546E-04
419.767 51.0 0.000E+00 0.748E-05 0.627E-03 0.444E-04 0.193E-02 0.447E-02 0.343E-04
421.767 52.0 0.000E+00 0.138E-04 0.536E-03 0.287E-04 0.232E-02 0.350E-02 0.214E-04
423.767 53.0 0.000E+00 0.234E-04 0.443E-03 0.197E-04 0.266E-02 0.268E-02 0.133E-04
425.767 54.0 0.000E+00 0.370E-04 0.355E-03 0.161E-04 0.293E-02 0.202E-02 0.818E-05
427.767 55.0 0.584E-09 0.546E-04 0.277E-03 0.178E-04 0.310E-02 0.149E-02 0.501E-05
429.767 56.0 0.209E-08 0.756E-04 0.212E-03 0.258E-04 0.316E-02 0.109E-02 0.305E-05
431.767 57.0 0.663E-08 0.982E-04 0.158E-03 0.421E-04 0.310E-02 0.782E-03 0.184E-05
433.767 58.0 0.189E-07 0.120E-03 0.116E-03 0.695E-04 0.295E-02 0.555E-03 0.110E-05
437.767 60.0 0.114E-06 0.152E-03 0.600E-04 0.168E-03 0.243E-02 0.271E-03 0.385E-06
437.767 60.0 0.114E-06 0.152E-03 0.600E-04 0.168E-03 0.243E-02 0.271E-03 0.385E-06
439.767 61.0 0.245E-06 0.159E-03 0.423E-04 0.244E-03 0.213E-02 0.187E-03 0.219E-06
441.767 62.0 0.488E-06 0.158E-03 0.295E-04 0.337E-03 0.181E-02 0.128E-03 0.122E-06
443.767 63.0 0.899E-06 0.151E-03 0.205E-04 0.444E-03 0.151E-02 0.869E-04 0.644E-07
445.767 64.0 0.154E-05 0.140E-03 0.142E-04 0.559E-03 0.124E-02 0.586E-04 0.276E-07
447.767 65.0 0.248E-05 0.125E-03 0.101E-04 0.675E-03 0.996E-03 0.392E-04 0.000E+00
449.767 66.0 0.375E-05 0.108E-03 0.756E-05 0.784E-03 0.788E-03 0.261E-04 0.000E+00
451.767 67.0 0.534E-05 0.916E-04 0.643E-05 0.875E-03 0.615E-03 0.172E-04 0.000E+00
453.767 68.0 0.719E-05 0.758E-04 0.663E-05 0.943E-03 0.473E-03 0.113E-04 0.000E+00
455.767 69.0 0.917E-05 0.615E-04 0.825E-05 0.983E-03 0.360E-03 0.740E-05 0.000E+00
457.767 70.0 0.111E-04 0.489E-04 0.115E-04 0.993E-03 0.271E-03 0.480E-05 0.000E+00
459.767 71.0 0.129E-04 0.384E-04 0.166E-04 0.974E-03 0.202E-03 0.309E-05 0.000E+00
461.767 72.0 0.142E-04 0.296E-04 0.239E-04 0.930E-03 0.149E-03 0.198E-05 0.000E+00
463.767 73.0 0.151E-04 0.226E-04 0.334E-04 0.867E-03 0.888E-04 0.126E-05 0.000E+00
465.767 74.0 0.155E-04 0.171E-04 0.452E-04 0.789E-03 0.521E-04 0.798E-06 0.000E+00
467.767 75.0 0.154E-04 0.127E-04 0.589E-04 0.704E-03 0.320E-04 0.499E-06 0.000E+00
469.767 76.0 0.148E-04 0.943E-05 0.739E-04 0.616E-03 0.202E-04 0.308E-06 0.000E+00
471.767 77.0 0.139E-04 0.695E-05 0.896E-04 0.530E-03 0.130E-04 0.186E-06 0.000E+00
473.767 78.0 0.127E-04 0.511E-05 0.105E-03 0.448E-03 0.864E-05 0.110E-06 0.000E+00
475.767 79.0 0.113E-04 0.380E-05 0.119E-03 0.374E-03 0.640E-05 0.614E-07 0.000E+00
477.767 80.0 0.991E-05 0.292E-05 0.131E-03 0.306E-03 0.442E-05 0.293E-07 0.000E+00


