          Programm HIVAP,  Autor  W.Reisdorf   Version fuer "rzri6f" vom  7. 6. 1994

           Bearbeitung F.P.Heßberger
           
  Al-27 + Pb-206 ---> Am-233    23. 2. 2007  14:20                      
           

 Unterprogramm SEPENF

 benutzt Sierks Programm BARFIT 
 Q-Wert   -84.344 MeV
 Massen aus der Datei "mlz.dat" 

         Exp. Schaleneffekte,  SHELL0=    -.85
          Am  228   Am  229   Am  230   Am  231   Am  232   Am  233
              -.61      -.89      -.91     -1.27     -1.31     -1.72

           BARFAC=    .850      BAR0=    .000

          Separationsenergien (BN,BP,BA) und Spaltbarrieren
          Am  228   Am  229   Am  230   Am  231   Am  232   Am  233
              7.57      8.61      7.38      8.39      7.14      8.12
              1.23      1.32      1.74      1.83      2.28      2.30
             -8.69     -8.34     -8.00     -7.71     -7.43     -7.17
              2.63      2.98      3.07      3.49      3.59      4.07
             -1.34      -.90     -1.30      -.88     -1.26      -.89

 benutzter Q-Wert   -84.344 MeV    effektiver Q-Wert   -84.344 MeV

Extra-Push Parameter: E_push =     .00 MeV   x_eq_m=  .630   xth=  .700   Apush=15.000   E_ch=  10.472   xcn=  .810   x_eq_eff=  .490

 HIVAP  CASOUT

  Al-27 + Pb-206 ---> Am-233    23. 2. 2007  14:20                      


     E_lab  A*MeV   E*/MeV     SI_fus      SI_VR     SI_Spalt  L_krit     b_Spalt

   120.282    4.45    22.0   .9690E-03   .1508E-07   .9689E-03      .0      100.00
   124.807    4.62    26.0   .2389E+00   .3469E-06   .2389E+00      .0       99.99
   129.331    4.79    30.0   .5031E+01   .1259E-05   .5030E+01     5.0       99.99
   133.855    4.96    34.0   .3134E+02   .3368E-05   .3133E+02    26.0       99.98
   138.379    5.13    38.0   .9861E+02   .1549E-05   .9858E+02    36.0       99.97
   142.904    5.29    42.0   .2003E+03   .6211E-06   .2002E+03    45.0       99.96
   147.428    5.46    46.0   .3111E+03   .2267E-06   .3109E+03    50.0       99.94
   151.952    5.63    50.0   .4118E+03   .6783E-07   .4115E+03    54.0       99.92
   156.476    5.80    54.0   .4946E+03   .3625E-07   .4941E+03    57.0       99.90
   161.001    5.96    58.0   .5590E+03   .1606E-07   .5583E+03    60.0       99.87
   165.525    6.13    62.0   .6086E+03   .4883E-08   .6076E+03    62.0       99.84

     Querschnitte / mbarn

  E*/MeV   228Am     229Am     230Am     231Am     232Am     233Am  
    22.0  .000E+00  .000E+00  .000E+00  .148E-07  .233E-09  .000E+00
    26.0  .000E+00  .000E+00  .556E-09  .346E-06  .519E-09  .000E+00
    30.0  .000E+00  .000E+00  .918E-06  .342E-06  .000E+00  .000E+00
    34.0  .000E+00  .222E-09  .328E-05  .926E-07  .000E+00  .000E+00
    38.0  .000E+00  .975E-07  .145E-05  .000E+00  .000E+00  .000E+00
    42.0  .551E-12  .354E-06  .267E-06  .000E+00  .000E+00  .000E+00
    46.0  .126E-08  .194E-06  .318E-07  .000E+00  .000E+00  .000E+00
    50.0  .188E-07  .490E-07  .000E+00  .000E+00  .000E+00  .000E+00
    54.0  .275E-07  .876E-08  .000E+00  .000E+00  .000E+00  .000E+00
    58.0  .148E-07  .124E-08  .000E+00  .000E+00  .000E+00  .000E+00
    62.0  .488E-08  .000E+00  .000E+00  .000E+00  .000E+00  .000E+00
                                                                        
           



 Ende HIVAP 
