          Programm HIVAP,  Autor  W.Reisdorf   Version fuer "rzri6f" vom  7. 6. 1994

           Bearbeitung F.P.Heßberger
           
  Ar-40 + Ho-165 ---> At-205    13. 1. 2003  16:31                      
           

 Unterprogramm SEPENF

 benutzt Sierks Programm BARFIT 
 Q-Wert   -86.976 MeV
 Massen aus der Datei "mlz.dat" 

         Exp. Schaleneffekte,  SHELL0=     .00
          At  198   At  199   At  200   At  201   At  202   At  203   At  204   At  205
             -1.36     -2.36     -2.77     -3.39     -3.86     -4.65     -4.95     -5.91

           BARFAC=   1.000      BAR0=    .000

          Separationsenergien (BN,BP,BA) und Spaltbarrieren
          At  198   At  199   At  200   At  201   At  202   At  203   At  204   At  205
              8.71      9.87      8.27      9.92      8.07      9.52      8.07      9.06
               .66       .31       .70       .72      1.16      1.13      1.81      1.71
             -6.89     -6.74     -6.89     -6.71     -6.58     -6.50     -6.13     -6.17
              8.84     10.06     10.67     11.48     12.14     13.12     13.59     14.72
             -1.45     -1.35     -2.08     -1.20     -1.84     -1.21     -1.36     -1.03

 benutzter Q-Wert   -86.976 MeV    effektiver Q-Wert   -86.976 MeV

Extra-Push Parameter: E_push =     .00 MeV   x_eq_m=  .642   xth=  .700   Apush=15.000   E_ch=  12.833   xcn=  .731   x_eq_eff=  .563


E_lab = 145.334 MeV    E* =  30.000 MeV   nicht gerechnet, SIGFUS kleiner als 1 nb



 HIVAP  CASOUT

  Ar-40 + Ho-165 ---> At-205    13. 1. 2003  16:31                      


     E_lab  A*MeV   E*/MeV     SI_fus      SI_VR     SI_Spalt  L_krit     b_Spalt

   149.061    3.73    33.0   .5932E-04   .5541E-04   .2098E-05      .0        3.54
   152.788    3.82    36.0   .8948E-02   .8119E-02   .4997E-03      .0        5.58
   156.516    3.91    39.0   .3454E+00   .2976E+00   .3382E-01      .0        9.79
   160.243    4.01    42.0   .2870E+01   .2244E+01   .4986E+00      .0       17.37
   163.970    4.10    45.0   .1241E+02   .8476E+01   .3333E+01    22.0       26.86
   167.697    4.19    48.0   .3611E+02   .2081E+02   .1348E+02    34.0       37.32
   171.425    4.29    51.0   .7869E+02   .3667E+02   .3803E+02    43.0       48.33
   175.152    4.38    54.0   .1381E+03   .4986E+02   .8138E+02    50.0       58.92
   178.879    4.47    57.0   .2069E+03   .5588E+02   .1411E+03    55.0       68.19
   182.607    4.57    60.0   .2765E+03   .5460E+02   .2094E+03    59.0       75.73
   186.334    4.66    63.0   .3408E+03   .4904E+02   .2774E+03    62.0       81.38
   190.061    4.75    66.0   .3969E+03   .4213E+02   .3388E+03    64.0       85.38
   193.788    4.84    69.0   .4441E+03   .3528E+02   .3917E+03    66.0       88.20
   197.516    4.94    72.0   .4833E+03   .2909E+02   .4361E+03    68.0       90.24
   201.243    5.03    75.0   .5159E+03   .2379E+02   .4732E+03    70.0       91.72
   204.970    5.12    78.0   .5433E+03   .1924E+02   .5043E+03    72.0       92.81

     Querschnitte / mbarn

  E*/MeV   198At     199At     200At     201At     202At     203At     204At     205At  
    33.0  .000E+00  .000E+00  .000E+00  .000E+00  .208E-04  .345E-04  .105E-06  .100E-10
    36.0  .000E+00  .000E+00  .000E+00  .136E-06  .589E-02  .222E-02  .262E-05  .000E+00
    39.0  .000E+00  .000E+00  .000E+00  .252E-02  .258E+00  .366E-01  .359E-04  .000E+00
    42.0  .000E+00  .000E+00  .000E+00  .243E+00  .187E+01  .130E+00  .132E-03  .000E+00
    45.0  .000E+00  .000E+00  .000E+00  .289E+01  .539E+01  .193E+00  .150E-03  .000E+00
    48.0  .000E+00  .000E+00  .180E-02  .124E+02  .826E+01  .161E+00  .807E-04  .000E+00
    51.0  .000E+00  .000E+00  .292E+00  .286E+02  .774E+01  .864E-01  .252E-04  .000E+00
    54.0  .000E+00  .000E+00  .383E+01  .411E+02  .486E+01  .328E-01  .000E+00  .000E+00
    57.0  .000E+00  .426E-03  .141E+02  .396E+02  .221E+01  .946E-02  .000E+00  .000E+00
    60.0  .000E+00  .641E-01  .265E+02  .272E+02  .778E+00  .222E-02  .000E+00  .000E+00
    63.0  .000E+00  .952E+00  .335E+02  .144E+02  .229E+00  .448E-03  .000E+00  .000E+00
    66.0  .000E+00  .414E+01  .317E+02  .624E+01  .593E-01  .781E-04  .000E+00  .000E+00
    69.0  .463E-03  .920E+01  .237E+02  .234E+01  .142E-01  .754E-05  .000E+00  .000E+00
    72.0  .218E-01  .137E+02  .146E+02  .790E+00  .324E-02  .000E+00  .000E+00  .000E+00
    75.0  .222E+00  .157E+02  .764E+01  .247E+00  .712E-03  .000E+00  .000E+00  .000E+00
    78.0  .909E+00  .147E+02  .351E+01  .731E-01  .149E-03  .000E+00  .000E+00  .000E+00

 HIVAP  CASOUT

  Ar-40 + Ho-165 ---> At-205    13. 1. 2003  16:31                      


     E_lab  A*MeV   E*/MeV     SI_fus      SI_VR     SI_Spalt  L_krit     b_Spalt

   208.697    5.22    81.0   .5667E+03   .1525E+02   .5307E+03    73.0       93.65
   212.425    5.31    84.0   .5866E+03   .1186E+02   .5531E+03    77.0       94.28

     Querschnitte / mbarn

  E*/MeV   198At     199At     200At     201At     202At     203At     204At     205At  
    81.0  .212E+01  .117E+02  .146E+01  .207E-01  .276E-04  .000E+00  .000E+00  .000E+00
    84.0  .341E+01  .789E+01  .559E+00  .569E-02  .104E-05  .000E+00  .000E+00  .000E+00
                                                                        
           



 Ende HIVAP 
