          Programm HIVAP,  Autor  W.Reisdorf   Version fuer "rzri6f" vom  7. 6. 1994

           Bearbeitung F.P.Heßberger
           
 Ar-40 + Bi-209 --> Md-249,  17. August 2001   9:45                     
           

 Unterprogramm SEPENF

 benutzt Sierks Programm BARFIT 
 Q-Wert  -130.579 MeV
 Massen aus der Datei "mlz.dat" 

         Exp. Schaleneffekte,  SHELL0=    -.73
          Md  245   Md  246   Md  247   Md  248   Md  249
             -3.23     -3.03     -3.57     -3.54     -3.55

           BARFAC=    .850      BAR0=    .000

          Separationsenergien (BN,BP,BA) und Spaltbarrieren
          Md  245   Md  246   Md  247   Md  248   Md  249
              8.50      7.28      7.61      7.03      7.90
              1.52      1.73      1.35      1.72      1.91
             -8.56     -8.56     -8.93     -8.71     -8.47
              4.00      3.84      4.40      4.41      4.46
              -.64      -.79     -1.20     -1.50      -.85

 benutzter Q-Wert  -130.579 MeV    effektiver Q-Wert  -130.579 MeV

 HIVAP  CASOUT

 Ar-40 + Bi-209 --> Md-249,  17. August 2001   9:45                     


     E_lab  A*MeV   E*/MeV     SI_fus      SI_VR     SI_Spalt  L_krit     b_Spalt

   172.250    4.31    14.0   .6429E-04   .1213E-06   .6417E-04      .0       99.81
   174.632    4.37    16.0   .1577E-02   .4400E-06   .1576E-02      .0       99.97
   177.015    4.43    18.0   .2907E-01   .1212E-05   .2906E-01      .0      100.00
   179.398    4.48    20.0   .2438E+00   .5816E-05   .2438E+00      .0      100.00
   181.781    4.54    22.0   .1059E+01   .2329E-04   .1059E+01      .0      100.00
   184.163    4.60    24.0   .3252E+01   .2983E-04   .3252E+01      .0      100.00
   186.546    4.66    26.0   .8094E+01   .2065E-04   .8094E+01    19.0      100.00
   188.929    4.72    28.0   .1719E+02   .1101E-04   .1719E+02    29.0      100.00
   191.312    4.78    30.0   .3215E+02   .7577E-05   .3214E+02    37.0       99.99
   193.695    4.84    32.0   .5379E+02   .6654E-05   .5379E+02    43.0       99.99
   196.077    4.90    34.0   .8207E+02   .4672E-05   .8206E+02    48.0       99.99
   198.460    4.96    36.0   .1157E+03   .2545E-05   .1157E+03    57.0       99.99
   200.843    5.02    38.0   .1524E+03   .1245E-05   .1524E+03    57.0       99.99
   203.226    5.08    40.0   .1897E+03   .6777E-06   .1896E+03    57.0       99.98
   205.608    5.14    42.0   .2249E+03   .4242E-06   .2248E+03    57.0       99.98
   207.991    5.20    44.0   .2561E+03   .2567E-06   .2560E+03    57.0       99.97

     Querschnitte / mbarn

  E*/MeV   245Md     246Md     247Md     248Md     249Md  
    14.0  .000E+00  .000E+00  .000E+00  .121E-06  .000E+00
    16.0  .000E+00  .000E+00  .242E-09  .440E-06  .000E+00
    18.0  .000E+00  .000E+00  .190E-06  .102E-05  .000E+00
    20.0  .000E+00  .000E+00  .471E-05  .111E-05  .000E+00
    22.0  .000E+00  .000E+00  .227E-04  .616E-06  .000E+00
    24.0  .000E+00  .195E-09  .296E-04  .247E-06  .000E+00
    26.0  .000E+00  .436E-07  .205E-04  .770E-07  .000E+00
    28.0  .000E+00  .750E-06  .103E-04  .000E+00  .000E+00
    30.0  .000E+00  .338E-05  .420E-05  .000E+00  .000E+00
    32.0  .263E-10  .518E-05  .148E-05  .000E+00  .000E+00
    34.0  .207E-08  .420E-05  .469E-06  .000E+00  .000E+00
    36.0  .297E-07  .238E-05  .136E-06  .000E+00  .000E+00
    38.0  .135E-06  .108E-05  .320E-07  .000E+00  .000E+00
    40.0  .254E-06  .423E-06  .000E+00  .000E+00  .000E+00
    42.0  .273E-06  .151E-06  .000E+00  .000E+00  .000E+00
    44.0  .206E-06  .510E-07  .000E+00  .000E+00  .000E+00

 HIVAP  CASOUT

 Ar-40 + Bi-209 --> Md-249,  17. August 2001   9:45                     


     E_lab  A*MeV   E*/MeV     SI_fus      SI_VR     SI_Spalt  L_krit     b_Spalt

   210.374    5.26    46.0   .2820E+03   .1406E-06   .2819E+03    57.0       99.97
   212.757    5.32    48.0   .3020E+03   .6972E-07   .3018E+03    57.0       99.96
   215.140    5.38    50.0   .3163E+03   .3150E-07   .3161E+03    57.0       99.95
   217.522    5.44    52.0   .3255E+03   .1346E-07   .3253E+03    57.0       99.94

     Querschnitte / mbarn

  E*/MeV   245Md     246Md     247Md     248Md     249Md  
    46.0  .124E-06  .165E-07  .000E+00  .000E+00  .000E+00
    48.0  .647E-07  .501E-08  .000E+00  .000E+00  .000E+00
    50.0  .305E-07  .958E-09  .000E+00  .000E+00  .000E+00
    52.0  .135E-07  .000E+00  .000E+00  .000E+00  .000E+00
                                                                        
           



 Ende HIVAP 
