          Programm HIVAP,  Autor  W.Reisdorf   Version fuer "rzri6f" vom  7. 6. 1994

           Bearbeitung F.P.Heßberger
           
  Ca-48 + Er-170 ---> Ra-218    3. 12. 2002  14:10                      
           

 Unterprogramm SEPENF

 benutzt Sierks Programm BARFIT 
 Q-Wert  -110.964 MeV
 Massen aus der Datei "mlz.dat" 

         Exp. Schaleneffekte,  SHELL0=     .00
          Ra  209   Ra  210   Ra  211   Ra  212   Ra  213   Ra  214   Ra  215   Ra  216   Ra  217   Ra  218
             -4.03     -4.53     -5.20     -5.86     -6.07     -6.29     -5.45     -4.62     -3.99     -3.36

           BARFAC=    .810      BAR0=    .000

          Separationsenergien (BN,BP,BA) und Spaltbarrieren
          Ra  209   Ra  210   Ra  211   Ra  212   Ra  213   Ra  214   Ra  215   Ra  216   Ra  217   Ra  218
              8.03      9.43      7.90      9.26      7.37      8.27      5.63      7.32      5.48      7.31
              2.55      2.92      2.87      3.48      3.31      3.64      3.79      4.31      4.38      4.95
             -7.15     -7.16     -7.05     -6.73     -6.86     -7.27     -8.87     -9.53     -9.16     -8.55
              8.81      9.44     10.22     11.00     11.33     11.65     10.92     10.18      9.65      9.11
              -.78       .00      -.76       .00      -.53       .00      -.92       .00      -.99       .00

 benutzter Q-Wert  -110.964 MeV    effektiver Q-Wert  -110.964 MeV

Extra-Push Parameter: E_push =     .00 MeV   x_eq_m=  .673   xth=  .720   Apush=15.000   E_ch=  13.338   xcn=  .748   x_eq_eff=  .606


E_lab = 167.942 MeV    E* =  20.000 MeV   nicht gerechnet, SIGFUS kleiner als 1 nb



 HIVAP  CASOUT

  Ca-48 + Er-170 ---> Ra-218    3. 12. 2002  14:10                      


     E_lab  A*MeV   E*/MeV     SI_fus      SI_VR     SI_Spalt  L_krit     b_Spalt

   170.507    3.55    22.0   .1306E-04   .1093E-04   .2116E-05      .0       16.20
   173.071    3.61    24.0   .4518E-03   .3548E-03   .9633E-04      .0       21.32
   188.460    3.93    36.0   .2092E+02   .6183E+01   .1470E+02    30.0       70.27
   191.024    3.98    38.0   .3964E+02   .9375E+01   .3019E+02    38.0       76.17
   180.766    3.77    30.0   .1042E+01   .5676E+00   .4723E+00      .0       45.35
   183.330    3.82    32.0   .3603E+01   .1615E+01   .1983E+01      .0       55.03
   185.895    3.87    34.0   .9539E+01   .3487E+01   .6035E+01    20.0       63.27
   188.460    3.93    36.0   .2092E+02   .6183E+01   .1470E+02    30.0       70.27
   191.024    3.98    38.0   .3964E+02   .9375E+01   .3019E+02    38.0       76.17
   193.589    4.03    40.0   .6651E+02   .1240E+02   .5398E+02    45.0       81.16
   196.154    4.09    42.0   .1010E+03   .1461E+02   .8618E+02    51.0       85.34
   198.719    4.14    44.0   .1412E+03   .1561E+02   .1253E+03    55.0       88.73
   201.283    4.19    46.0   .1846E+03   .1547E+02   .1688E+03    59.0       91.41
   203.848    4.25    48.0   .2288E+03   .1444E+02   .2138E+03    61.0       93.48
   206.413    4.30    50.0   .2716E+03   .1289E+02   .2581E+03    64.0       95.04
   208.977    4.35    52.0   .3116E+03   .1114E+02   .2998E+03    66.0       96.20

     Querschnitte / mbarn

  E*/MeV   209Ra     210Ra     211Ra     212Ra     213Ra     214Ra     215Ra     216Ra     217Ra     218Ra  
    22.0  .000E+00  .000E+00  .000E+00  .000E+00  .000E+00  .000E+00  .990E-07  .105E-04  .333E-06  .197E-09
    24.0  .000E+00  .000E+00  .000E+00  .000E+00  .000E+00  .000E+00  .634E-04  .288E-03  .299E-05  .102E-08
    36.0  .000E+00  .000E+00  .000E+00  .000E+00  .518E-04  .384E+01  .228E+01  .614E-01  .921E-04  .000E+00
    38.0  .000E+00  .000E+00  .000E+00  .000E+00  .908E-02  .731E+01  .202E+01  .359E-01  .368E-04  .000E+00
    30.0  .000E+00  .000E+00  .000E+00  .000E+00  .000E+00  .185E-01  .485E+00  .642E-01  .252E-03  .000E+00
    32.0  .000E+00  .000E+00  .000E+00  .000E+00  .000E+00  .276E+00  .125E+01  .889E-01  .277E-03  .000E+00
    34.0  .000E+00  .000E+00  .000E+00  .000E+00  .000E+00  .140E+01  .200E+01  .846E-01  .185E-03  .000E+00
    36.0  .000E+00  .000E+00  .000E+00  .000E+00  .518E-04  .384E+01  .228E+01  .614E-01  .921E-04  .000E+00
    38.0  .000E+00  .000E+00  .000E+00  .000E+00  .908E-02  .731E+01  .202E+01  .359E-01  .368E-04  .000E+00
    40.0  .000E+00  .000E+00  .000E+00  .000E+00  .204E+00  .107E+02  .145E+01  .176E-01  .111E-04  .000E+00
    42.0  .000E+00  .000E+00  .000E+00  .000E+00  .126E+01  .125E+02  .878E+00  .742E-02  .000E+00  .000E+00
    44.0  .000E+00  .000E+00  .000E+00  .279E-04  .358E+01  .116E+02  .459E+00  .276E-02  .000E+00  .000E+00
    46.0  .000E+00  .000E+00  .000E+00  .222E-02  .637E+01  .888E+01  .212E+00  .930E-03  .000E+00  .000E+00
    48.0  .000E+00  .000E+00  .000E+00  .394E-01  .849E+01  .582E+01  .881E-01  .288E-03  .000E+00  .000E+00
    50.0  .000E+00  .000E+00  .000E+00  .254E+00  .924E+01  .336E+01  .337E-01  .824E-04  .000E+00  .000E+00
    52.0  .000E+00  .000E+00  .000E+00  .820E+00  .855E+01  .176E+01  .121E-01  .214E-04  .000E+00  .000E+00

 HIVAP  CASOUT

  Ca-48 + Er-170 ---> Ra-218    3. 12. 2002  14:10                      


     E_lab  A*MeV   E*/MeV     SI_fus      SI_VR     SI_Spalt  L_krit     b_Spalt

   211.542    4.41    54.0   .3482E+03   .9421E+01   .3379E+03    68.0       97.03
   214.107    4.46    56.0   .3810E+03   .7860E+01   .3719E+03    70.0       97.60
   216.671    4.51    58.0   .4101E+03   .6495E+01   .4016E+03    75.0       97.94
   219.236    4.57    60.0   .4355E+03   .5328E+01   .4272E+03    75.0       98.08
   221.801    4.62    62.0   .4575E+03   .4345E+01   .4486E+03    75.0       98.06
   224.366    4.67    64.0   .4760E+03   .3526E+01   .4660E+03    75.0       97.89
   226.930    4.73    66.0   .4911E+03   .2848E+01   .4794E+03    75.0       97.62
   229.495    4.78    68.0   .5027E+03   .2288E+01   .4892E+03    75.0       97.31
   232.060    4.83    70.0   .5109E+03   .1828E+01   .4956E+03    75.0       97.00
   234.624    4.89    72.0   .5160E+03   .1452E+01   .4990E+03    75.0       96.72
   237.189    4.94    74.0   .5182E+03   .1148E+01   .5001E+03    75.0       96.50
   239.754    4.99    76.0   .5183E+03   .9018E+00   .4993E+03    75.0       96.33
   242.319    5.05    78.0   .5165E+03   .7045E+00   .4971E+03    75.0       96.24
   244.883    5.10    80.0   .5135E+03   .4753E+01   .4939E+03    75.0       96.19
   247.448    5.16    82.0   .5096E+03   .4488E+01   .4902E+03    75.0       96.18
   250.013    5.21    84.0   .5053E+03   .4236E+01   .4860E+03    75.0       96.18

     Querschnitte / mbarn

  E*/MeV   209Ra     210Ra     211Ra     212Ra     213Ra     214Ra     215Ra     216Ra     217Ra     218Ra  
    54.0  .000E+00  .000E+00  .358E-05  .168E+01  .689E+01  .846E+00  .414E-02  .383E-05  .000E+00  .000E+00
    56.0  .000E+00  .000E+00  .208E-03  .254E+01  .493E+01  .382E+00  .137E-02  .000E+00  .000E+00  .000E+00
    58.0  .000E+00  .000E+00  .358E-02  .313E+01  .319E+01  .165E+00  .443E-03  .000E+00  .000E+00  .000E+00
    60.0  .000E+00  .000E+00  .256E-01  .333E+01  .190E+01  .681E-01  .140E-03  .000E+00  .000E+00  .000E+00
    62.0  .000E+00  .000E+00  .970E-01  .316E+01  .106E+01  .273E-01  .434E-04  .000E+00  .000E+00  .000E+00
    64.0  .000E+00  .138E-05  .235E+00  .273E+01  .554E+00  .107E-01  .125E-04  .000E+00  .000E+00  .000E+00
    66.0  .000E+00  .424E-04  .416E+00  .215E+01  .277E+00  .412E-02  .315E-05  .000E+00  .000E+00  .000E+00
    68.0  .000E+00  .514E-03  .587E+00  .157E+01  .133E+00  .156E-02  .000E+00  .000E+00  .000E+00  .000E+00
    70.0  .000E+00  .312E-02  .702E+00  .106E+01  .619E-01  .585E-03  .000E+00  .000E+00  .000E+00  .000E+00
    72.0  .000E+00  .114E-01  .739E+00  .674E+00  .280E-01  .216E-03  .000E+00  .000E+00  .000E+00  .000E+00
    74.0  .808E-07  .284E-01  .702E+00  .405E+00  .124E-01  .785E-04  .000E+00  .000E+00  .000E+00  .000E+00
    76.0  .224E-05  .537E-01  .611E+00  .232E+00  .540E-02  .278E-04  .000E+00  .000E+00  .000E+00  .000E+00
    78.0  .269E-04  .823E-01  .492E+00  .128E+00  .231E-02  .953E-05  .000E+00  .000E+00  .000E+00  .000E+00
    80.0  .173E-03  .107E+00  .371E+00  .677E-01  .975E-03  .309E-05  .000E+00  .000E+00  .000E+00  .421E+01
    82.0  .691E-03  .123E+00  .263E+00  .349E-01  .406E-03  .602E-06  .000E+00  .000E+00  .000E+00  .407E+01
    84.0  .192E-02  .127E+00  .177E+00  .175E-01  .167E-03  .000E+00  .000E+00  .000E+00  .000E+00  .391E+01

 HIVAP  CASOUT

  Ca-48 + Er-170 ---> Ra-218    3. 12. 2002  14:10                      


     E_lab  A*MeV   E*/MeV     SI_fus      SI_VR     SI_Spalt  L_krit     b_Spalt

   252.577    5.26    86.0   .5006E+03   .3997E+01   .4816E+03    75.0       96.20
   255.142    5.32    88.0   .4958E+03   .3785E+01   .4770E+03    75.0       96.22
   257.707    5.37    90.0   .4910E+03   .3794E+01   .4725E+03    75.0       96.23

     Querschnitte / mbarn

  E*/MeV   209Ra     210Ra     211Ra     212Ra     213Ra     214Ra     215Ra     216Ra     217Ra     218Ra  
    86.0  .407E-02  .121E+00  .114E+00  .863E-02  .673E-04  .000E+00  .000E+00  .000E+00  .000E+00  .375E+01
    88.0  .697E-02  .106E+00  .700E-01  .417E-02  .267E-04  .000E+00  .000E+00  .000E+00  .000E+00  .360E+01
    90.0  .101E-01  .877E-01  .416E-01  .198E-02  .103E-04  .000E+00  .000E+00  .000E+00  .199E+00  .345E+01
                                                                        
           



 Ende HIVAP 
