          Programm HIVAP,  Autor  W.Reisdorf   Version fuer "rzri6f" vom  7. 6. 1994

           Bearbeitung F.P.Heßberger
           
  Ca-48 + Hg-202 ---> Fm-250    27. 6. 2002  15:25                      
           

 Unterprogramm SEPENF

 benutzt Sierks Programm BARFIT 
 Q-Wert  -145.632 MeV
 Massen aus der Datei "mlz.dat" 

         Exp. Schaleneffekte,  SHELL0=   -1.20
          Fm  247   Fm  248   Fm  249   Fm  250
             -3.86     -3.95     -4.09     -4.23

           BARFAC=   1.000      BAR0=    .000

          Separationsenergien (BN,BP,BA) und Spaltbarrieren
          Fm  247   Fm  248   Fm  249   Fm  250
              6.66      7.71      6.45      7.52
              3.70      3.95      4.07      4.34
             -8.20     -8.00     -7.71     -7.55
              5.15      5.28      5.46      5.64
              -.59       .00      -.60       .00

 benutzter Q-Wert  -145.632 MeV    effektiver Q-Wert  -145.632 MeV

Extra-Push Parameter: E_push =    1.26 MeV   x_eq_m=  .741   xth=  .720   Apush=15.000   E_ch=  13.070   xcn=  .846   x_eq_eff=  .648


E_lab = 192.614 MeV    E* =  10.000 MeV   nicht gerechnet, SIGFUS kleiner als 1 nb



 HIVAP  CASOUT

  Ca-48 + Hg-202 ---> Fm-250    27. 6. 2002  15:25                      


     E_lab  A*MeV   E*/MeV     SI_fus      SI_VR     SI_Spalt  L_krit     b_Spalt

   195.089    4.06    12.0   .1288E-05   .2696E-07   .1262E-05      .0       97.91
   197.564    4.12    14.0   .3717E-04   .7552E-06   .3641E-04      .0       97.97
   200.040    4.17    16.0   .9729E-03   .3606E-05   .9693E-03      .0       99.63
   202.515    4.22    18.0   .2109E-01   .1462E-04   .2108E-01      .0       99.93
   204.990    4.27    20.0   .2358E+00   .1014E-03   .2357E+00      .0       99.96
   207.465    4.32    22.0   .1264E+01   .4004E-03   .1264E+01      .0       99.97
   209.941    4.37    24.0   .4423E+01   .5094E-03   .4422E+01    14.0       99.99
   212.416    4.43    26.0   .1160E+02   .3425E-03   .1160E+02    23.0      100.00
   214.891    4.48    28.0   .2437E+02   .2354E-03   .2437E+02    29.0      100.00
   217.366    4.53    30.0   .4286E+02   .2792E-03   .4286E+02    34.0      100.00
   219.842    4.58    32.0   .6555E+02   .2552E-03   .6555E+02    38.0      100.00
   222.317    4.63    34.0   .9020E+02   .1452E-03   .9020E+02    41.0      100.00
   224.792    4.68    36.0   .1149E+03   .6056E-04   .1149E+03    44.0      100.00
   227.267    4.73    38.0   .1387E+03   .2104E-04   .1387E+03    47.0       99.99
   229.743    4.79    40.0   .1610E+03   .6560E-05   .1610E+03    49.0       99.99

     Querschnitte / mbarn

  E*/MeV   247Fm     248Fm     249Fm     250Fm  
    12.0  .000E+00  .000E+00  .267E-07  .285E-09
    14.0  .000E+00  .000E+00  .755E-06  .481E-09
    16.0  .000E+00  .408E-07  .356E-05  .592E-09
    18.0  .000E+00  .464E-05  .998E-05  .000E+00
    20.0  .000E+00  .877E-04  .137E-04  .000E+00
    22.0  .240E-09  .392E-03  .889E-05  .000E+00
    24.0  .571E-06  .505E-03  .372E-05  .000E+00
    26.0  .167E-04  .325E-03  .118E-05  .000E+00
    28.0  .962E-04  .139E-03  .254E-06  .000E+00
    30.0  .234E-03  .455E-04  .000E+00  .000E+00
    32.0  .243E-03  .124E-04  .000E+00  .000E+00
    34.0  .142E-03  .296E-05  .000E+00  .000E+00
    36.0  .599E-04  .652E-06  .000E+00  .000E+00
    38.0  .209E-04  .129E-06  .000E+00  .000E+00
    40.0  .655E-05  .660E-08  .000E+00  .000E+00
                                                                        
           



 Ende HIVAP 
