          Programm HIVAP,  Autor  W.Reisdorf   Version fuer "rzri6f" vom  7. 6. 1994

           Bearbeitung F.P.Heßberger
           
  Ca-48 + Er-166 ---> Ra-214    3. 12. 2002  14:15                      
           

 Unterprogramm SEPENF

 benutzt Sierks Programm BARFIT 
 Q-Wert  -109.227 MeV
 Massen aus der Datei "mlz.dat" 

         Exp. Schaleneffekte,  SHELL0=     .00
          Ra  205   Ra  206   Ra  207   Ra  208   Ra  209   Ra  210   Ra  211   Ra  212   Ra  213   Ra  214
             -2.13     -2.47     -3.00     -3.53     -4.03     -4.53     -5.20     -5.86     -6.07     -6.29

           BARFAC=    .810      BAR0=    .000

          Separationsenergien (BN,BP,BA) und Spaltbarrieren
          Ra  205   Ra  206   Ra  207   Ra  208   Ra  209   Ra  210   Ra  211   Ra  212   Ra  213   Ra  214
              8.37     10.09      8.33      9.84      8.03      9.43      7.90      9.26      7.37      8.27
              2.18      2.29      2.41      2.71      2.55      2.92      2.87      3.48      3.31      3.64
             -7.51     -7.42     -7.28     -7.28     -7.15     -7.16     -7.05     -6.73     -6.86     -7.27
              6.38      6.86      7.52      8.19      8.81      9.44     10.22     11.00     11.33     11.65
              -.94       .00      -.84       .00      -.78       .00      -.76       .00      -.53       .00

 benutzter Q-Wert  -109.227 MeV    effektiver Q-Wert  -109.227 MeV

Extra-Push Parameter: E_push =     .00 MeV   x_eq_m=  .681   xth=  .720   Apush=15.000   E_ch=  13.638   xcn=  .754   x_eq_eff=  .615


E_lab = 166.594 MeV    E* =  20.000 MeV   nicht gerechnet, SIGFUS kleiner als 1 nb




E_lab = 169.172 MeV    E* =  22.000 MeV   nicht gerechnet, SIGFUS kleiner als 1 nb



 HIVAP  CASOUT

  Ca-48 + Er-166 ---> Ra-214    3. 12. 2002  14:15                      


     E_lab  A*MeV   E*/MeV     SI_fus      SI_VR     SI_Spalt  L_krit     b_Spalt

   171.750    3.58    24.0   .6302E-05   .5073E-05   .1205E-05      .0       19.12
   187.220    3.90    36.0   .7623E+01   .1738E+01   .5844E+01    16.0       76.66
   189.799    3.95    38.0   .1732E+02   .2824E+01   .1441E+02    28.0       83.18
   179.485    3.74    30.0   .1119E+00   .6077E-01   .5048E-01      .0       45.13
   182.064    3.79    32.0   .7343E+00   .3093E+00   .4208E+00      .0       57.31
   184.642    3.85    34.0   .2744E+01   .8604E+00   .1868E+01      .0       68.09
   187.220    3.90    36.0   .7623E+01   .1738E+01   .5844E+01    16.0       76.66
   189.799    3.95    38.0   .1732E+02   .2824E+01   .1441E+02    28.0       83.18
   192.377    4.01    40.0   .3375E+02   .3902E+01   .2968E+02    36.0       87.94
   194.955    4.06    42.0   .5791E+02   .4665E+01   .5297E+02    43.0       91.47
   197.534    4.12    44.0   .8953E+02   .4878E+01   .8424E+02    49.0       94.09
   200.112    4.17    46.0   .1270E+03   .4541E+01   .1219E+03    53.0       95.98
   202.690    4.22    48.0   .1678E+03   .3899E+01   .1631E+03    56.0       97.25
   205.269    4.28    50.0   .2094E+03   .3174E+01   .2054E+03    59.0       98.07
   207.847    4.33    52.0   .2498E+03   .2478E+01   .2463E+03    61.0       98.61
   210.425    4.38    54.0   .2874E+03   .1856E+01   .2844E+03    63.0       98.96

     Querschnitte / mbarn

  E*/MeV   205Ra     206Ra     207Ra     208Ra     209Ra     210Ra     211Ra     212Ra     213Ra     214Ra  
    24.0  .000E+00  .000E+00  .000E+00  .000E+00  .000E+00  .000E+00  .000E+00  .431E-05  .759E-06  .714E-09
    36.0  .000E+00  .000E+00  .000E+00  .000E+00  .000E+00  .906E-03  .130E+01  .440E+00  .122E-02  .000E+00
    38.0  .000E+00  .000E+00  .000E+00  .000E+00  .000E+00  .326E-01  .241E+01  .385E+00  .659E-03  .000E+00
    30.0  .000E+00  .000E+00  .000E+00  .000E+00  .000E+00  .000E+00  .951E-02  .507E-01  .509E-03  .900E-07
    32.0  .000E+00  .000E+00  .000E+00  .000E+00  .000E+00  .000E+00  .112E+00  .196E+00  .136E-02  .117E-06
    34.0  .000E+00  .000E+00  .000E+00  .000E+00  .000E+00  .221E-05  .494E+00  .365E+00  .166E-02  .000E+00
    36.0  .000E+00  .000E+00  .000E+00  .000E+00  .000E+00  .906E-03  .130E+01  .440E+00  .122E-02  .000E+00
    38.0  .000E+00  .000E+00  .000E+00  .000E+00  .000E+00  .326E-01  .241E+01  .385E+00  .659E-03  .000E+00
    40.0  .000E+00  .000E+00  .000E+00  .000E+00  .000E+00  .270E+00  .337E+01  .260E+00  .289E-03  .000E+00
    42.0  .000E+00  .000E+00  .000E+00  .000E+00  .000E+00  .918E+00  .360E+01  .142E+00  .107E-03  .000E+00
    44.0  .000E+00  .000E+00  .000E+00  .000E+00  .499E-05  .181E+01  .300E+01  .653E-01  .335E-04  .000E+00
    46.0  .000E+00  .000E+00  .000E+00  .000E+00  .662E-03  .251E+01  .200E+01  .261E-01  .751E-05  .000E+00
    48.0  .000E+00  .000E+00  .000E+00  .000E+00  .136E-01  .276E+01  .112E+01  .932E-02  .000E+00  .000E+00
    50.0  .000E+00  .000E+00  .000E+00  .000E+00  .802E-01  .255E+01  .537E+00  .305E-02  .000E+00  .000E+00
    52.0  .000E+00  .000E+00  .000E+00  .000E+00  .216E+00  .203E+01  .231E+00  .940E-03  .000E+00  .000E+00
    54.0  .000E+00  .000E+00  .000E+00  .392E-05  .365E+00  .140E+01  .918E-01  .276E-03  .000E+00  .000E+00

 HIVAP  CASOUT

  Ca-48 + Er-166 ---> Ra-214    3. 12. 2002  14:15                      


     E_lab  A*MeV   E*/MeV     SI_fus      SI_VR     SI_Spalt  L_krit     b_Spalt

   213.003    4.44    56.0   .3217E+03   .1347E+01   .3191E+03    65.0       99.18
   215.582    4.49    58.0   .3525E+03   .9652E+00   .3500E+03    67.0       99.30
   218.160    4.55    60.0   .3797E+03   .6932E+00   .3772E+03    72.0       99.34
   220.738    4.60    62.0   .4036E+03   .4981E+00   .4009E+03    72.0       99.34
   223.317    4.65    64.0   .4242E+03   .3540E+00   .4212E+03    72.0       99.30
   225.895    4.71    66.0   .4415E+03   .2475E+00   .4383E+03    72.0       99.27
   228.473    4.76    68.0   .4556E+03   .1711E+00   .4521E+03    72.0       99.24
   231.052    4.81    70.0   .4663E+03   .1183E+00   .4627E+03    72.0       99.23
   233.630    4.87    72.0   .4738E+03   .8214E-01   .4702E+03    72.0       99.24
   236.208    4.92    74.0   .4784E+03   .5698E-01   .4748E+03    72.0       99.25
   238.787    4.97    76.0   .4803E+03   .3920E-01   .4767E+03    72.0       99.25
   241.365    5.03    78.0   .4802E+03   .2666E-01   .4765E+03    72.0       99.24
   243.943    5.08    80.0   .4784E+03   .1799E-01   .4746E+03    72.0       99.22
   246.522    5.14    82.0   .4754E+03   .1212E-01   .4716E+03    72.0       99.19
   249.100    5.19    84.0   .4717E+03   .1225E-01   .4677E+03    72.0       99.15
   251.678    5.24    86.0   .4676E+03   .6932E-02   .4634E+03    72.0       99.10

     Querschnitte / mbarn

  E*/MeV   205Ra     206Ra     207Ra     208Ra     209Ra     210Ra     211Ra     212Ra     213Ra     214Ra  
    56.0  .000E+00  .000E+00  .000E+00  .129E-03  .462E+00  .850E+00  .344E-01  .784E-04  .000E+00  .000E+00
    58.0  .000E+00  .000E+00  .000E+00  .130E-02  .486E+00  .466E+00  .124E-01  .211E-04  .000E+00  .000E+00
    60.0  .000E+00  .000E+00  .000E+00  .581E-02  .449E+00  .234E+00  .432E-02  .486E-05  .000E+00  .000E+00
    62.0  .000E+00  .000E+00  .000E+00  .150E-01  .371E+00  .111E+00  .148E-02  .000E+00  .000E+00  .000E+00
    64.0  .000E+00  .000E+00  .000E+00  .270E-01  .277E+00  .495E-01  .500E-03  .000E+00  .000E+00  .000E+00
    66.0  .000E+00  .000E+00  .119E-05  .378E-01  .188E+00  .213E-01  .167E-03  .000E+00  .000E+00  .000E+00
    68.0  .000E+00  .000E+00  .168E-04  .447E-01  .117E+00  .889E-02  .549E-04  .000E+00  .000E+00  .000E+00
    70.0  .000E+00  .000E+00  .104E-03  .464E-01  .682E-01  .362E-02  .176E-04  .000E+00  .000E+00  .000E+00
    72.0  .000E+00  .000E+00  .357E-03  .430E-01  .373E-01  .145E-02  .542E-05  .000E+00  .000E+00  .000E+00
    74.0  .000E+00  .000E+00  .830E-03  .362E-01  .194E-01  .570E-03  .147E-05  .000E+00  .000E+00  .000E+00
    76.0  .000E+00  .186E-07  .147E-02  .278E-01  .968E-02  .221E-03  .000E+00  .000E+00  .000E+00  .000E+00
    78.0  .000E+00  .229E-06  .214E-02  .198E-01  .467E-02  .848E-04  .000E+00  .000E+00  .000E+00  .000E+00
    80.0  .000E+00  .146E-05  .267E-02  .131E-01  .219E-02  .319E-04  .000E+00  .000E+00  .000E+00  .000E+00
    82.0  .000E+00  .580E-05  .292E-02  .817E-02  .101E-02  .118E-04  .000E+00  .000E+00  .000E+00  .000E+00
    84.0  .000E+00  .162E-04  .286E-02  .485E-02  .453E-03  .423E-05  .000E+00  .000E+00  .000E+00  .407E-02
    86.0  .000E+00  .350E-04  .253E-02  .276E-02  .201E-03  .145E-05  .000E+00  .000E+00  .000E+00  .141E-02

 HIVAP  CASOUT

  Ca-48 + Er-166 ---> Ra-214    3. 12. 2002  14:15                      


     E_lab  A*MeV   E*/MeV     SI_fus      SI_VR     SI_Spalt  L_krit     b_Spalt

   254.256    5.30    88.0   .4632E+03   .4166E-02   .4588E+03    72.0       99.04
   256.835    5.35    90.0   .4588E+03   .2621E-02   .4541E+03    72.0       98.98

     Querschnitte / mbarn

  E*/MeV   205Ra     206Ra     207Ra     208Ra     209Ra     210Ra     211Ra     212Ra     213Ra     214Ra  
    88.0  .979E-09  .616E-04  .206E-02  .151E-02  .876E-04  .437E-06  .000E+00  .000E+00  .000E+00  .444E-03
    90.0  .936E-08  .916E-04  .156E-02  .804E-03  .377E-04  .566E-07  .000E+00  .000E+00  .000E+00  .129E-03
                                                                        
           



 Ende HIVAP 
