          Programm HIVAP,  Autor  W.Reisdorf   Version fuer "rzri6f" vom  7. 6. 1994

           Bearbeitung F.P.Heßberger
           
  Cl-35 + Te-124 ---> La-159    17. 3. 2003  16:40                      
           

 Unterprogramm SEPENF

 benutzt Sierks Programm BARFIT 
 Q-Wert   -59.342 MeV
 Massen aus der Datei "mlz.dat" 

         Exp. Schaleneffekte,  SHELL0=     .00
          Tm  150   Tm  151   Tm  152   Tm  153   Tm  154   Tm  155   Tm  156   Tm  157   Tm  158   Tm  159
             -2.83     -3.57     -2.83     -2.37     -1.59     -1.14      -.20      -.12       .46       .45
          Er  149   Er  150   Er  151   Er  152   Er  153   Er  154   Er  155   Er  156   Er  157   Er  158
             -2.76     -3.41     -2.77     -2.13     -1.50      -.86      -.44      -.02       .25       .53
          Ho  148   Ho  149   Ho  150   Ho  151   Ho  152   Ho  153   Ho  154   Ho  155   Ho  156   Ho  157
             -2.53     -3.35     -2.53     -2.00     -1.15      -.85      -.19       .08       .60       .51
          Dy  147   Dy  148   Dy  149   Dy  150   Dy  151   Dy  152   Dy  153   Dy  154   Dy  155   Dy  156
             -2.57     -3.29     -2.58     -1.87     -1.36      -.85      -.33       .19       .34       .49

           BARFAC=   1.000      BAR0=    .000

          Separationsenergien (BN,BP,BA) und Spaltbarrieren
          Tm  150   Tm  151   Tm  152   Tm  153   Tm  154   Tm  155   Tm  156   Tm  157   Tm  158   Tm  159
             10.82     12.53      9.47     10.33      8.96      9.97      8.51      9.61      8.01      9.83
               .28       .39       .80       .94      1.43      1.56      2.18      1.85      2.63      2.45
             -3.10     -2.71     -3.44     -5.12     -4.95     -4.60     -4.34     -4.04     -3.78     -3.44
             22.15     23.42     23.19     23.22     22.92     22.94     22.45     22.79     22.62     23.02
             -1.92     -1.07     -1.56     -1.22     -1.70     -1.27     -1.57     -1.40     -2.11     -1.37
          Er  149   Er  150   Er  151   Er  152   Er  153   Er  154   Er  155   Er  156   Er  157   Er  158
             10.40     12.42      9.06     10.19      8.47      9.84      7.89      9.94      7.23     10.01
              2.58      2.99      3.26      3.83      4.05      4.58      4.71      5.16      4.95      5.43
             -2.79     -2.31     -3.03     -4.73     -4.63     -4.28     -4.12     -3.76     -3.64     -2.94
             23.78     24.95     24.82     24.66     24.49     24.30     24.31     24.30     24.42     24.53
             -1.13       .00      -.69       .00      -.80       .00     -1.14       .00     -1.50       .00
          Ho  148   Ho  149   Ho  150   Ho  151   Ho  152   Ho  153   Ho  154   Ho  155   Ho  156   Ho  157
             10.20     12.01      8.79      9.62      8.25      9.32      7.75      9.49      7.45      9.53
              1.21      1.33      1.75      1.88      2.40      2.13      2.77      2.95      3.56      3.65
             -2.42     -1.95     -2.75     -4.58     -4.51     -4.06     -4.04     -3.13     -3.00     -2.01
             25.25     26.57     26.24     26.18     25.78     25.91     25.66     25.78     25.63     26.08
             -1.98     -1.10     -1.56     -1.24     -1.74     -1.49     -2.22     -1.38     -2.11     -1.16
          Dy  147   Dy  148   Dy  149   Dy  150   Dy  151   Dy  152   Dy  153   Dy  154   Dy  155   Dy  156
              9.78     11.89      8.37      9.49      7.73      9.59      7.11      9.31      6.84      9.44
              3.54      3.98      4.17      4.80      4.79      5.80      5.59      6.35      6.21      6.56
             -2.08     -1.54     -2.33     -4.16     -4.18     -3.73     -3.55     -2.95     -2.59     -1.75
             26.96     28.16     27.92     27.66     27.58     27.47     27.35     27.21     27.41     27.59
             -1.18       .00      -.68       .00     -1.04       .00     -1.21       .00     -1.41       .00

 benutzter Q-Wert   -59.342 MeV    effektiver Q-Wert   -59.342 MeV

Extra-Push Parameter: E_push =     .00 MeV   x_eq_m=  .547   xth=  .720   Apush=15.000   E_ch=  12.924   xcn=  .607   x_eq_eff=  .492

 HIVAP  CASOUT

  Cl-35 + Te-124 ---> La-159    17. 3. 2003  16:40                      


     E_lab  A*MeV   E*/MeV     SI_fus      SI_VR     SI_Spalt  L_krit     b_Spalt

   160.000    4.57    65.4   .5193E+03   .4901E+03   .2489E+02    61.0        4.79
   165.000    4.71    69.3   .6096E+03   .5379E+03   .6477E+02    65.0       10.63
   170.000    4.86    73.2   .6925E+03   .5551E+03   .1275E+03    70.0       18.41
   175.000    5.00    77.1   .7660E+03   .5486E+03   .2032E+03    73.0       26.52
   180.000    5.14    81.0   .8271E+03   .5273E+03   .2785E+03    75.0       33.68
   185.000    5.29    84.9   .8738E+03   .5000E+03   .3434E+03    79.0       39.30
   190.000    5.43    88.8   .9060E+03   .4653E+03   .3917E+03    79.0       43.24
   195.000    5.57    92.7   .9244E+03   .4389E+03   .4230E+03    79.0       45.76
   200.000    5.71    96.6   .9297E+03   .4065E+03   .4401E+03    79.0       47.34
   205.000    5.86   100.5   .9241E+03   .3695E+03   .4484E+03    79.0       48.52
   210.000    6.00   104.4   .9109E+03   .3373E+03   .4517E+03    79.0       49.59
   215.000    6.14   108.3   .8935E+03   .3041E+03   .4531E+03    79.0       50.71

     Querschnitte / mbarn

  E*/MeV   150Tm     151Tm     152Tm     153Tm     154Tm     155Tm     156Tm     157Tm     158Tm     159Tm  
    65.4  .000E+00  .000E+00  .000E+00  .266E+00  .268E+02  .841E+02  .356E+02  .195E+01  .349E-02  .000E+00
    69.3  .000E+00  .000E+00  .000E+00  .172E+01  .355E+02  .770E+02  .247E+02  .820E+00  .886E-03  .000E+00
    73.2  .000E+00  .000E+00  .781E-03  .478E+01  .391E+02  .615E+02  .125E+02  .234E+00  .146E-03  .000E+00
    77.1  .000E+00  .000E+00  .274E-01  .846E+01  .380E+02  .409E+02  .463E+01  .500E-01  .711E-05  .000E+00
    81.0  .000E+00  .000E+00  .192E+00  .113E+02  .328E+02  .222E+02  .135E+01  .879E-02  .000E+00  .000E+00
    84.9  .000E+00  .137E-03  .656E+00  .125E+02  .247E+02  .990E+01  .332E+00  .137E-02  .000E+00  .000E+00
    88.8  .000E+00  .329E-02  .135E+01  .120E+02  .159E+02  .371E+01  .735E-01  .182E-03  .000E+00  .000E+00
    92.7  .000E+00  .235E-01  .199E+01  .102E+02  .880E+01  .121E+01  .151E-01  .148E-04  .000E+00  .399E+01
    96.6  .000E+00  .788E-01  .233E+01  .761E+01  .418E+01  .357E+00  .287E-02  .000E+00  .000E+00  .608E+01
   100.5  .942E-05  .175E+00  .232E+01  .497E+01  .175E+01  .965E-01  .447E-03  .000E+00  .000E+00  .766E+01
   104.4  .159E-03  .276E+00  .201E+01  .285E+01  .653E+00  .239E-01  .474E-04  .000E+00  .191E-01  .851E+01
   108.3  .106E-02  .344E+00  .153E+01  .145E+01  .222E+00  .492E-02  .545E-05  .000E+00  .252E-01  .876E+01

  E*/MeV   149Er     150Er     151Er     152Er     153Er     154Er     155Er     156Er     157Er     158Er  
    65.4  .000E+00  .000E+00  .000E+00  .199E-04  .332E+01  .838E+02  .115E+03  .276E+02  .774E+00  .125E-02
    69.3  .000E+00  .000E+00  .000E+00  .654E-02  .145E+02  .112E+03  .109E+03  .215E+02  .456E+00  .495E-03
    73.2  .000E+00  .000E+00  .000E+00  .221E+00  .352E+02  .125E+03  .921E+02  .135E+02  .189E+00  .128E-03
    77.1  .000E+00  .000E+00  .129E-04  .194E+01  .596E+02  .125E+03  .679E+02  .663E+01  .562E-01  .216E-04
    81.0  .000E+00  .000E+00  .213E-02  .763E+01  .798E+02  .111E+03  .427E+02  .254E+01  .129E-01  .996E-06
    84.9  .000E+00  .000E+00  .581E-01  .182E+02  .902E+02  .881E+02  .228E+02  .792E+00  .243E-02  .000E+00
    88.8  .000E+00  .000E+00  .472E+00  .313E+02  .889E+02  .618E+02  .103E+02  .211E+00  .376E-03  .000E+00
    92.7  .000E+00  .600E-03  .205E+01  .424E+02  .781E+02  .381E+02  .402E+01  .502E-01  .426E-04  .000E+00
    96.6  .000E+00  .128E-01  .535E+01  .481E+02  .612E+02  .208E+02  .139E+01  .104E-01  .316E-05  .000E+00
   100.5  .000E+00  .103E+00  .989E+01  .473E+02  .430E+02  .100E+02  .431E+00  .159E-02  .000E+00  .000E+00
   104.4  .000E+00  .432E+00  .143E+02  .411E+02  .271E+02  .432E+01  .121E+00  .220E-03  .000E+00  .000E+00
   108.3  .797E-04  .116E+01  .170E+02  .320E+02  .153E+02  .167E+01  .298E-01  .319E-04  .000E+00  .000E+00

  E*/MeV   148Ho     149Ho     150Ho     151Ho     152Ho     153Ho     154Ho     155Ho     156Ho     157Ho  
    65.4  .000E+00  .000E+00  .971E-01  .133E+02  .275E+02  .122E+02  .162E+02  .166E+02  .182E+01  .352E-01
    69.3  .000E+00  .354E-04  .823E+00  .213E+02  .281E+02  .153E+02  .252E+02  .164E+02  .157E+01  .251E-01
    73.2  .000E+00  .301E-02  .304E+01  .270E+02  .267E+02  .241E+02  .314E+02  .145E+02  .117E+01  .139E-01
    77.1  .000E+00  .536E-01  .691E+01  .299E+02  .240E+02  .364E+02  .330E+02  .115E+02  .722E+00  .571E-02
    81.0  .000E+00  .376E+00  .114E+02  .295E+02  .232E+02  .470E+02  .320E+02  .793E+01  .361E+00  .178E-02
    84.9  .177E-04  .131E+01  .153E+02  .268E+02  .283E+02  .562E+02  .258E+02  .348E+01  .146E+00  .436E-03
    88.8  .657E-03  .311E+01  .174E+02  .232E+02  .382E+02  .563E+02  .192E+02  .153E+01  .486E-01  .869E-04
    92.7  .820E-02  .511E+01  .171E+02  .222E+02  .482E+02  .510E+02  .121E+02  .507E+00  .141E-01  .138E-04
    96.6  .475E-01  .701E+01  .155E+02  .263E+02  .566E+02  .401E+02  .647E+01  .164E+00  .359E-02  .147E-05
   100.5  .181E+00  .818E+01  .132E+02  .352E+02  .547E+02  .277E+02  .266E+01  .458E-01  .813E-03  .128E-06
   104.4  .397E+00  .750E+01  .123E+02  .431E+02  .527E+02  .178E+02  .868E+00  .125E-01  .148E-03  .000E+00
   108.3  .757E+00  .752E+01  .136E+02  .513E+02  .416E+02  .109E+02  .291E+00  .249E-02  .193E-04  .000E+00

  E*/MeV   147Dy     148Dy     149Dy     150Dy     151Dy     152Dy     153Dy     154Dy     155Dy     156Dy  
    65.4  .000E+00  .000E+00  .000E+00  .316E+00  .905E+01  .112E+02  .178E+01  .444E+00  .245E+00  .167E-01
    69.3  .000E+00  .000E+00  .859E-03  .196E+01  .157E+02  .119E+02  .182E+01  .797E+00  .267E+00  .151E-01
    73.2  .000E+00  .000E+00  .299E-01  .612E+01  .211E+02  .117E+02  .219E+01  .114E+01  .263E+00  .124E-01
    77.1  .000E+00  .149E-04  .334E+00  .132E+02  .245E+02  .108E+02  .267E+01  .155E+01  .237E+00  .891E-02
    81.0  .000E+00  .170E-02  .187E+01  .220E+02  .255E+02  .943E+01  .345E+01  .135E+01  .195E+00  .557E-02
    84.9  .000E+00  .331E-01  .589E+01  .300E+02  .242E+02  .907E+01  .405E+01  .115E+01  .144E+00  .292E-02
    88.8  .000E+00  .309E+00  .134E+02  .350E+02  .212E+02  .569E+01  .377E+01  .933E+00  .947E-01  .129E-02
    92.7  .298E-04  .144E+01  .219E+02  .358E+02  .182E+02  .105E+02  .313E+01  .653E+00  .551E-01  .484E-03
    96.6  .891E-03  .451E+01  .305E+02  .332E+02  .163E+02  .960E+01  .231E+01  .397E+00  .281E-01  .158E-03
   100.5  .145E-01  .102E+02  .359E+02  .286E+02  .163E+02  .717E+01  .158E+01  .198E+00  .127E-01  .452E-04
   104.4  .944E-01  .165E+02  .365E+02  .245E+02  .164E+02  .574E+01  .993E+00  .946E-01  .507E-02  .108E-04
   108.3  .440E+00  .239E+02  .341E+02  .215E+02  .144E+02  .380E+01  .538E+00  .359E-01  .182E-02  .207E-05

 Z-Verteilung  
 E*/MeV     Dy         Ho         Er         Tm  
   65.4   .230E+02  .877E+02  .231E+03  .149E+03
   69.3   .324E+02  .109E+03  .257E+03  .140E+03
   73.2   .425E+02  .128E+03  .267E+03  .118E+03
   77.1   .533E+02  .142E+03  .261E+03  .921E+02
   81.0   .638E+02  .152E+03  .244E+03  .680E+02
   84.9   .745E+02  .157E+03  .220E+03  .481E+02
   88.8   .804E+02  .159E+03  .193E+03  .331E+02
   92.7   .916E+02  .156E+03  .165E+03  .262E+02
   96.6   .968E+02  .152E+03  .137E+03  .206E+02
  100.5   .100E+03  .142E+03  .111E+03  .170E+02
  104.4   .101E+03  .135E+03  .873E+02  .143E+02
  108.3   .986E+02  .126E+03  .672E+02  .123E+02

 Z und A Mittelwerte    
   E*/MeV     MW.Z  St.Abw.Z      MW.A  St.Abw.A
    65.4     68.03       .82    154.39      1.28
    69.3     67.94       .84    154.12      1.34
    73.2     67.83       .85    153.82      1.38
    77.1     67.71       .86    153.49      1.42
    81.0     67.60       .86    153.15      1.44
    84.9     67.48       .86    152.79      1.45
    88.8     67.38       .85    152.44      1.48
    92.7     67.29       .86    152.16      1.61
    96.6     67.20       .86    151.87      1.72
   100.5     67.12       .86    151.57      1.83
   104.4     67.04       .85    151.32      1.91
   108.3     66.98       .84    151.06      1.99
                                                                        
           



 Ende HIVAP 
