          Programm HIVAP,  Autor  W.Reisdorf   Version fuer "rzri6f" vom  7. 6. 1994

           Bearbeitung F.P.Heßberger
           
  Cr-54 + Pb-208 ---> Sg-262    23. 6. 2003  14:00                      
           

 Unterprogramm SEPENF

 benutzt Sierks Programm BARFIT 
 Q-Wert  -187.151 MeV
 Massen aus der Datei "mlz.dat" 

         Exp. Schaleneffekte,  SHELL0=    -.10
          Sg  259   Sg  260   Sg  261   Sg  262
             -3.70     -3.81     -3.68     -3.55

           BARFAC=   1.000      BAR0=    .000

          Separationsenergien (BN,BP,BA) und Spaltbarrieren
          Sg  259   Sg  260   Sg  261   Sg  262
              7.16      8.08      6.51      7.75
              2.64      2.92      2.77      3.00
             -9.63     -9.94     -9.71     -9.57
              4.00      4.13      4.02      3.91
              -.52       .00      -.68       .00

 benutzter Q-Wert  -187.151 MeV    effektiver Q-Wert  -187.151 MeV

Extra-Push Parameter: E_push =   18.78 MeV   x_eq_m=  .801   xth=  .723   Apush=15.000   E_ch=  13.853   xcn=  .901   x_eq_eff=  .711

 HIVAP  CASOUT

  Cr-54 + Pb-208 ---> Sg-262    23. 6. 2003  14:00                      


     E_lab  A*MeV   E*/MeV     SI_fus      SI_VR     SI_Spalt  L_krit     b_Spalt

   248.334    4.60    10.0   .3774E-04   .1265E-07   .3773E-04      .0       99.97
   250.854    4.65    12.0   .9820E-03   .7202E-06   .9813E-03      .0       99.93
   253.373    4.69    14.0   .1125E-01   .2328E-05   .1125E-01      .0       99.98
   255.892    4.74    16.0   .5375E-01   .1126E-05   .5375E-01      .0      100.00
   258.411    4.79    18.0   .1452E+00   .3610E-06   .1452E+00      .0      100.00
   260.931    4.83    20.0   .3476E+00   .5111E-06   .3476E+00      .0      100.00
   263.450    4.88    22.0   .6751E+00   .5120E-06   .6751E+00      .0      100.00
   265.969    4.93    24.0   .1247E+01   .2652E-06   .1247E+01      .0      100.00
   268.488    4.97    26.0   .2116E+01   .1002E-06   .2116E+01     9.0      100.00
   271.008    5.02    28.0   .3389E+01   .4471E-07   .3389E+01    17.0      100.00
   273.527    5.07    30.0   .5214E+01   .4598E-07   .5214E+01    23.0      100.00
   276.046    5.11    32.0   .7570E+01   .4166E-07   .7570E+01    27.0      100.00
   278.565    5.16    34.0   .1062E+02   .2629E-07   .1062E+02    30.0      100.00
   281.084    5.21    36.0   .1448E+02   .1321E-07   .1448E+02    33.0      100.00

     Querschnitte / mbarn

  E*/MeV   259Sg     260Sg     261Sg     262Sg  
    10.0  .000E+00  .000E+00  .125E-07  .182E-09
    12.0  .000E+00  .000E+00  .720E-06  .000E+00
    14.0  .000E+00  .000E+00  .233E-05  .000E+00
    16.0  .000E+00  .244E-08  .112E-05  .000E+00
    18.0  .000E+00  .699E-07  .291E-06  .000E+00
    20.0  .000E+00  .438E-06  .735E-07  .000E+00
    22.0  .000E+00  .497E-06  .148E-07  .000E+00
    24.0  .293E-10  .262E-06  .285E-08  .000E+00
    26.0  .146E-08  .987E-07  .000E+00  .000E+00
    28.0  .135E-07  .312E-07  .000E+00  .000E+00
    30.0  .368E-07  .920E-08  .000E+00  .000E+00
    32.0  .391E-07  .255E-08  .000E+00  .000E+00
    34.0  .257E-07  .635E-09  .000E+00  .000E+00
    36.0  .131E-07  .902E-10  .000E+00  .000E+00
                                                                        
           



 Ende HIVAP 
