          Programm HIVAP,  Autor  W.Reisdorf   Version fuer "rzri6f" vom  7. 6. 1994

           Bearbeitung F.P.Heßberger
           
 Fe-58 + Pb-209 --> 109-267,  18. Oktober 2001   11:50                  
           

 Unterprogramm SEPENF

 benutzt Sierks Programm BARFIT 
 Q-Wert  -209.041 MeV
 Massen aus der Datei "mlz.dat" 

         Exp. Schaleneffekte,  SHELL0=    1.00
          Mt  264   Mt  265   Mt  266   Mt  267
             -1.90     -2.24     -1.89     -1.74

           BARFAC=    .850      BAR0=    .000

          Separationsenergien (BN,BP,BA) und Spaltbarrieren
          Mt  264   Mt  265   Mt  266   Mt  267
              7.33      8.17      7.15      7.80
               .07      -.43       .02       .55
            -11.48    -11.68    -11.28    -11.37
              1.93      2.28      1.95      1.81
             -1.08     -1.02     -1.17      -.74

 benutzter Q-Wert  -209.041 MeV    effektiver Q-Wert  -209.041 MeV

 HIVAP  CASOUT

 Fe-58 + Pb-209 --> 109-267,  18. Oktober 2001   11:50                  


     E_lab  A*MeV   E*/MeV     SI_fus      SI_VR     SI_Spalt  L_krit     b_Spalt

   279.827    4.82    10.0   .1942E-04   .3366E-09   .1942E-04      .0      100.00
   281.105    4.85    11.0   .9991E-04   .1674E-08   .9991E-04      .0      100.00
   282.383    4.87    12.0   .4910E-03   .3569E-08   .4909E-03      .0      100.00
   283.660    4.89    13.0   .2088E-02   .5614E-08   .2088E-02      .0      100.00
   284.938    4.91    14.0   .6679E-02   .6279E-08   .6679E-02      .0      100.00
   286.215    4.93    15.0   .1625E-01   .4930E-08   .1625E-01      .0      100.00
   287.493    4.96    16.0   .3487E-01   .3383E-08   .3487E-01      .0      100.00
   288.770    4.98    17.0   .6456E-01   .2193E-08   .6456E-01      .0      100.00
   290.048    5.00    18.0   .1036E+00   .1874E-08   .1036E+00      .0      100.00
   291.325    5.02    19.0   .1597E+00   .2786E-08   .1597E+00      .0      100.00
   292.603    5.04    20.0   .2478E+00   .3746E-08   .2478E+00      .0      100.00
   295.158    5.09    22.0   .5032E+00   .2805E-08   .5032E+00      .0      100.00
   297.713    5.13    24.0   .9304E+00   .1489E-08   .9304E+00      .0      100.00
   300.268    5.18    26.0   .1596E+01   .6227E-09   .1596E+01     6.0      100.00

     Querschnitte / mbarn

  E*/MeV   264Mt     265Mt     266Mt     267Mt  
    10.0  .000E+00  .000E+00  .337E-09  .000E+00
    11.0  .000E+00  .000E+00  .167E-08  .000E+00
    12.0  .000E+00  .000E+00  .357E-08  .000E+00
    13.0  .000E+00  .000E+00  .561E-08  .000E+00
    14.0  .000E+00  .000E+00  .628E-08  .000E+00
    15.0  .000E+00  .000E+00  .493E-08  .000E+00
    16.0  .000E+00  .524E-11  .338E-08  .000E+00
    17.0  .000E+00  .139E-09  .205E-08  .000E+00
    18.0  .000E+00  .834E-09  .104E-08  .000E+00
    19.0  .000E+00  .227E-08  .516E-09  .000E+00
    20.0  .000E+00  .347E-08  .280E-09  .000E+00
    22.0  .000E+00  .277E-08  .388E-10  .000E+00
    24.0  .126E-13  .149E-08  .000E+00  .000E+00
    26.0  .371E-11  .619E-09  .000E+00  .000E+00
                                                                        
           



 Ende HIVAP 
