          Programm HIVAP,  Autor  W.Reisdorf   Version fuer "rzri6f" vom  7. 6. 1994

           Bearbeitung F.P.Heßberger
           
  Mg-24 + Pb-206 ---> Pu-230    14. 3. 2007  17:15                      
           

 Unterprogramm SEPENF

 benutzt Sierks Programm BARFIT 
 Q-Wert   -74.738 MeV
 Massen aus der Datei "mlz.dat" 

         Exp. Schaleneffekte,  SHELL0=    -.85
          Pu  225   Pu  226   Pu  227   Pu  228   Pu  229   Pu  230
              -.95      -.88      -.95     -1.02     -1.17     -1.33

           BARFAC=    .850      BAR0=    .000

          Separationsenergien (BN,BP,BA) und Spaltbarrieren
          Pu  225   Pu  226   Pu  227   Pu  228   Pu  229   Pu  230
              7.25      8.69      7.14      8.52      6.95      8.30
              2.56      2.98      3.08      3.50      3.60      4.04
             -9.29     -8.86     -8.44     -8.08     -7.72     -7.40
              3.27      3.27      3.42      3.56      3.79      4.01
              -.79       .00      -.76       .00      -.74       .00

 benutzter Q-Wert   -74.738 MeV    effektiver Q-Wert   -74.738 MeV

Extra-Push Parameter: E_push =     .00 MeV   x_eq_m=  .608   xth=  .700   Apush=15.000   E_ch=   9.964   xcn=  .803   x_eq_eff=  .461

 HIVAP  CASOUT

  Mg-24 + Pb-206 ---> Pu-230    14. 3. 2007  17:15                      


     E_lab  A*MeV   E*/MeV     SI_fus      SI_VR     SI_Spalt  L_krit     b_Spalt

   108.008    4.50    22.0   .3597E-04   .4938E-09   .3597E-04      .0      100.00
   112.474    4.69    26.0   .1776E-01   .2521E-07   .1776E-01      .0       99.99
   116.940    4.87    30.0   .1414E+01   .6238E-06   .1414E+01      .0       99.98
   121.407    5.06    34.0   .1578E+02   .5332E-05   .1578E+02    18.0       99.97
   125.873    5.24    38.0   .6858E+02   .3965E-05   .6855E+02    30.0       99.96
   130.339    5.43    42.0   .1664E+03   .1792E-05   .1663E+03    38.0       99.94
   134.805    5.62    46.0   .2849E+03   .6716E-06   .2846E+03    45.0       99.92
   139.271    5.80    50.0   .4012E+03   .2098E-06   .4007E+03    51.0       99.89
   143.737    5.99    54.0   .5041E+03   .1221E-06   .5034E+03    54.0       99.87
   148.203    6.18    58.0   .5886E+03   .5788E-07   .5877E+03    57.0       99.84
   152.669    6.36    62.0   .6541E+03   .1822E-07   .6528E+03    59.0       99.80

     Querschnitte / mbarn

  E*/MeV   225Pu     226Pu     227Pu     228Pu     229Pu     230Pu  
    22.0  .000E+00  .000E+00  .000E+00  .482E-09  .117E-10  .000E+00
    26.0  .000E+00  .000E+00  .580E-10  .251E-07  .688E-10  .000E+00
    30.0  .000E+00  .000E+00  .525E-06  .992E-07  .000E+00  .000E+00
    34.0  .000E+00  .139E-09  .528E-05  .492E-07  .000E+00  .000E+00
    38.0  .000E+00  .157E-06  .381E-05  .000E+00  .000E+00  .000E+00
    42.0  .164E-11  .909E-06  .884E-06  .000E+00  .000E+00  .000E+00
    46.0  .377E-08  .551E-06  .116E-06  .000E+00  .000E+00  .000E+00
    50.0  .617E-07  .141E-06  .711E-08  .000E+00  .000E+00  .000E+00
    54.0  .972E-07  .249E-07  .000E+00  .000E+00  .000E+00  .000E+00
    58.0  .543E-07  .354E-08  .000E+00  .000E+00  .000E+00  .000E+00
    62.0  .182E-07  .000E+00  .000E+00  .000E+00  .000E+00  .000E+00
                                                                        
           



 Ende HIVAP 
