          Programm HIVAP,  Autor  W.Reisdorf   Version fuer "rzri6f" vom  7. 6. 1994

           Bearbeitung F.P.Heßberger
           
  Mg-24 + Pb-208 ---> Pu-232    14. 3. 2007  17:15                      
           

 Unterprogramm SEPENF

 benutzt Sierks Programm BARFIT 
 Q-Wert   -74.053 MeV
 Massen aus der Datei "mlz.dat" 

         Exp. Schaleneffekte,  SHELL0=    -.85
          Pu  227   Pu  228   Pu  229   Pu  230   Pu  231   Pu  232
              -.95     -1.02     -1.17     -1.33     -1.53     -1.73

           BARFAC=    .850      BAR0=    .000

          Separationsenergien (BN,BP,BA) und Spaltbarrieren
          Pu  227   Pu  228   Pu  229   Pu  230   Pu  231   Pu  232
              7.14      8.52      6.95      8.30      6.69      8.10
              3.08      3.50      3.60      4.04      4.13      4.55
             -8.44     -8.08     -7.72     -7.40     -7.09     -6.72
              3.42      3.56      3.79      4.01      4.28      4.54
              -.76       .00      -.74       .00      -.77       .00

 benutzter Q-Wert   -74.053 MeV    effektiver Q-Wert   -74.053 MeV

Extra-Push Parameter: E_push =     .00 MeV   x_eq_m=  .605   xth=  .700   Apush=15.000   E_ch=   9.854   xcn=  .800   x_eq_eff=  .457

 HIVAP  CASOUT

  Mg-24 + Pb-208 ---> Pu-232    14. 3. 2007  17:15                      


     E_lab  A*MeV   E*/MeV     SI_fus      SI_VR     SI_Spalt  L_krit     b_Spalt

   107.136    4.46    22.0   .1676E-04   .1570E-08   .1675E-04      .0       99.99
   111.598    4.65    26.0   .9185E-02   .8750E-07   .9185E-02      .0       99.99
   116.059    4.84    30.0   .9920E+00   .3869E-05   .9919E+00      .0       99.99
   120.521    5.02    34.0   .1287E+02   .2136E-04   .1287E+02    16.0       99.98
   124.982    5.21    38.0   .6089E+02   .1516E-04   .6087E+02    29.0       99.97
   129.444    5.39    42.0   .1555E+03   .8491E-05   .1554E+03    38.0       99.95
   133.905    5.58    46.0   .2741E+03   .3078E-05   .2739E+03    45.0       99.94
   138.367    5.77    50.0   .3926E+03   .1427E-05   .3923E+03    51.0       99.92
   142.828    5.95    54.0   .4994E+03   .1025E-05   .4989E+03    54.0       99.90
   147.290    6.14    58.0   .5886E+03   .4379E-06   .5878E+03    57.0       99.88
   151.751    6.32    62.0   .6586E+03   .1239E-06   .6576E+03    60.0       99.85

     Querschnitte / mbarn

  E*/MeV   227Pu     228Pu     229Pu     230Pu     231Pu     232Pu  
    22.0  .000E+00  .000E+00  .000E+00  .153E-08  .409E-10  .000E+00
    26.0  .000E+00  .000E+00  .103E-08  .860E-07  .443E-09  .000E+00
    30.0  .000E+00  .000E+00  .340E-05  .467E-06  .000E+00  .000E+00
    34.0  .000E+00  .700E-08  .211E-04  .265E-06  .000E+00  .000E+00
    38.0  .000E+00  .193E-05  .132E-04  .296E-07  .000E+00  .000E+00
    42.0  .215E-09  .558E-05  .291E-05  .000E+00  .000E+00  .000E+00
    46.0  .976E-07  .261E-05  .371E-06  .000E+00  .000E+00  .000E+00
    50.0  .824E-06  .579E-06  .235E-07  .000E+00  .000E+00  .000E+00
    54.0  .933E-06  .924E-07  .000E+00  .000E+00  .000E+00  .000E+00
    58.0  .426E-06  .122E-07  .000E+00  .000E+00  .000E+00  .000E+00
    62.0  .124E-06  .000E+00  .000E+00  .000E+00  .000E+00  .000E+00
                                                                        
           



 Ende HIVAP 
