          Programm HIVAP,  Autor  W.Reisdorf   Version fuer "rzri6f" vom  7. 6. 1994

           Bearbeitung F.P.Heßberger
           
  Mg-25 + Pb-206 ---> Pu-231    14. 3. 2007  17:20                      
           

 Unterprogramm SEPENF

 benutzt Sierks Programm BARFIT 
 Q-Wert   -75.377 MeV
 Massen aus der Datei "mlz.dat" 

         Exp. Schaleneffekte,  SHELL0=    -.85
          Pu  226   Pu  227   Pu  228   Pu  229   Pu  230   Pu  231
              -.88      -.95     -1.02     -1.17     -1.33     -1.53

           BARFAC=    .850      BAR0=    .000

          Separationsenergien (BN,BP,BA) und Spaltbarrieren
          Pu  226   Pu  227   Pu  228   Pu  229   Pu  230   Pu  231
              8.69      7.14      8.52      6.95      8.30      6.69
              2.98      3.08      3.50      3.60      4.04      4.13
             -8.86     -8.44     -8.08     -7.72     -7.40     -7.09
              3.27      3.42      3.56      3.79      4.01      4.28
               .00      -.76       .00      -.74       .00      -.77

 benutzter Q-Wert   -75.377 MeV    effektiver Q-Wert   -75.377 MeV

Extra-Push Parameter: E_push =     .00 MeV   x_eq_m=  .613   xth=  .700   Apush=15.000   E_ch=  10.097   xcn=  .801   x_eq_eff=  .469

 HIVAP  CASOUT

  Mg-25 + Pb-206 ---> Pu-231    14. 3. 2007  17:20                      


     E_lab  A*MeV   E*/MeV     SI_fus      SI_VR     SI_Spalt  L_krit     b_Spalt

   109.195    4.37    22.0   .1989E-03   .1130E-07   .1989E-03      .0       99.99
   113.680    4.55    26.0   .8325E-01   .4659E-06   .8324E-01      .0       99.99
   118.165    4.73    30.0   .3320E+01   .3494E-05   .3319E+01      .0       99.99
   122.651    4.91    34.0   .2693E+02   .6486E-05   .2693E+02    23.0       99.98
   127.136    5.09    38.0   .9586E+02   .3722E-05   .9582E+02    33.0       99.96
   131.622    5.26    42.0   .2052E+03   .4195E-05   .2051E+03    42.0       99.95
   136.107    5.44    46.0   .3267E+03   .1906E-05   .3264E+03    48.0       99.93
   140.593    5.62    50.0   .4405E+03   .5359E-06   .4401E+03    53.0       99.91
   145.078    5.80    54.0   .5379E+03   .1615E-06   .5373E+03    56.0       99.89
   149.564    5.98    58.0   .6152E+03   .4590E-07   .6143E+03    59.0       99.86
   154.049    6.16    62.0   .6741E+03   .9768E-08   .6729E+03    61.0       99.82

     Querschnitte / mbarn

  E*/MeV   226Pu     227Pu     228Pu     229Pu     230Pu     231Pu  
    22.0  .000E+00  .000E+00  .000E+00  .113E-07  .384E-10  .000E+00
    26.0  .000E+00  .000E+00  .656E-08  .459E-06  .000E+00  .000E+00
    30.0  .000E+00  .000E+00  .262E-05  .873E-06  .000E+00  .000E+00
    34.0  .000E+00  .546E-08  .617E-05  .313E-06  .000E+00  .000E+00
    38.0  .000E+00  .132E-05  .239E-05  .523E-08  .000E+00  .000E+00
    42.0  .149E-09  .380E-05  .397E-06  .000E+00  .000E+00  .000E+00
    46.0  .244E-07  .184E-05  .420E-07  .000E+00  .000E+00  .000E+00
    50.0  .105E-06  .431E-06  .000E+00  .000E+00  .000E+00  .000E+00
    54.0  .886E-07  .729E-07  .000E+00  .000E+00  .000E+00  .000E+00
    58.0  .356E-07  .103E-07  .000E+00  .000E+00  .000E+00  .000E+00
    62.0  .977E-08  .000E+00  .000E+00  .000E+00  .000E+00  .000E+00
                                                                        
           



 Ende HIVAP 
