          Programm HIVAP,  Autor  W.Reisdorf   Version fuer "rzri6f" vom  7. 6. 1994

           Bearbeitung F.P.Heßberger
           
  Si-28 + Pb-204 ---> Cm-232    23. 2. 2007  14:33                      
           

 Unterprogramm SEPENF

 benutzt Sierks Programm BARFIT 
 Q-Wert   -93.197 MeV
 Massen aus der Datei "mlz.dat" 

         Exp. Schaleneffekte,  SHELL0=    -.85
          Cm  227   Cm  228   Cm  229   Cm  230   Cm  231   Cm  232
              -.47      -.46      -.60      -.75      -.98     -1.20

           BARFAC=    .850      BAR0=    .000

          Separationsenergien (BN,BP,BA) und Spaltbarrieren
          Cm  227   Cm  228   Cm  229   Cm  230   Cm  231   Cm  232
              7.76      9.18      7.65      9.02      7.46      8.79
              1.79      2.19      2.27      2.68      2.76      3.17
             -9.77     -9.36     -8.97     -8.64     -8.32     -8.05
              1.97      2.02      2.23      2.44      2.73      3.02
              -.79       .00      -.76       .00      -.74       .00

 benutzter Q-Wert   -93.197 MeV    effektiver Q-Wert   -93.197 MeV

Extra-Push Parameter: E_push =     .00 MeV   x_eq_m=  .648   xth=  .700   Apush=15.000   E_ch=  10.828   xcn=  .824   x_eq_eff=  .509

 HIVAP  CASOUT

  Si-28 + Pb-204 ---> Cm-232    23. 2. 2007  14:33                      


     E_lab  A*MeV   E*/MeV     SI_fus      SI_VR     SI_Spalt  L_krit     b_Spalt

   131.008    4.68    22.0   .1340E-02   .1412E-09   .1340E-02      .0      100.00
   135.557    4.84    26.0   .2488E+00   .2479E-08   .2487E+00      .0       99.99
   140.106    5.00    30.0   .4381E+01   .4038E-08   .4380E+01      .0       99.99
   144.655    5.17    34.0   .2568E+02   .2336E-07   .2568E+02    26.0       99.98
   149.204    5.33    38.0   .8068E+02   .1515E-07   .8065E+02    37.0       99.96
   153.753    5.49    42.0   .1669E+03   .3758E-08   .1668E+03    44.0       99.94
   158.302    5.65    46.0   .2632E+03   .6987E-09   .2630E+03    49.0       99.92
   162.851    5.82    50.0   .3506E+03   .8277E-10   .3502E+03    53.0       99.89
   167.401    5.98    54.0   .4218E+03   .6665E-10   .4212E+03    55.0       99.86
   171.950    6.14    58.0   .4776E+03   .5106E-10   .4767E+03    58.0       99.82
   176.499    6.30    62.0   .5216E+03   .2478E-10   .5204E+03    60.0       99.77

     Querschnitte / mbarn

  E*/MeV   227Cm     228Cm     229Cm     230Cm     231Cm     232Cm  
    22.0  .000E+00  .000E+00  .000E+00  .127E-09  .146E-10  .000E+00
    26.0  .000E+00  .000E+00  .198E-13  .248E-08  .000E+00  .000E+00
    30.0  .000E+00  .000E+00  .199E-08  .205E-08  .000E+00  .000E+00
    34.0  .000E+00  .000E+00  .230E-07  .365E-09  .000E+00  .000E+00
    38.0  .000E+00  .146E-10  .151E-07  .000E+00  .000E+00  .000E+00
    42.0  .000E+00  .211E-09  .355E-08  .000E+00  .000E+00  .000E+00
    46.0  .410E-13  .206E-09  .493E-09  .000E+00  .000E+00  .000E+00
    50.0  .102E-10  .726E-10  .000E+00  .000E+00  .000E+00  .000E+00
    54.0  .508E-10  .158E-10  .000E+00  .000E+00  .000E+00  .000E+00
    58.0  .511E-10  .000E+00  .000E+00  .000E+00  .000E+00  .000E+00
    62.0  .248E-10  .000E+00  .000E+00  .000E+00  .000E+00  .000E+00
                                                                        
           



 Ende HIVAP 
