          Programm HIVAP,  Autor  W.Reisdorf   Version fuer "rzri6f" vom  7. 6. 1994

           Bearbeitung F.P.Heßberger
           
  Si-28 + Pb-206 ---> Cm-234    23. 2. 2007  14:36                      
           

 Unterprogramm SEPENF

 benutzt Sierks Programm BARFIT 
 Q-Wert   -92.281 MeV
 Massen aus der Datei "mlz.dat" 

         Exp. Schaleneffekte,  SHELL0=    -.85
          Cm  229   Cm  230   Cm  231   Cm  232   Cm  233   Cm  234
              -.60      -.75      -.98     -1.20     -1.46     -1.71

           BARFAC=    .850      BAR0=    .000

          Separationsenergien (BN,BP,BA) und Spaltbarrieren
          Cm  229   Cm  230   Cm  231   Cm  232   Cm  233   Cm  234
              7.65      9.02      7.46      8.79      7.22      8.52
              2.27      2.68      2.76      3.17      3.25      3.65
             -8.97     -8.64     -8.32     -8.05     -7.78     -7.56
              2.23      2.44      2.73      3.02      3.33      3.65
              -.76       .00      -.74       .00      -.72       .00

 benutzter Q-Wert   -92.281 MeV    effektiver Q-Wert   -92.281 MeV

Extra-Push Parameter: E_push =     .00 MeV   x_eq_m=  .644   xth=  .700   Apush=15.000   E_ch=  10.716   xcn=  .821   x_eq_eff=  .505

 HIVAP  CASOUT

  Si-28 + Pb-206 ---> Cm-234    23. 2. 2007  14:36                      


     E_lab  A*MeV   E*/MeV     SI_fus      SI_VR     SI_Spalt  L_krit     b_Spalt

   129.814    4.64    22.0   .4996E-03   .4887E-09   .4996E-03      .0      100.00
   134.358    4.80    26.0   .1308E+00   .1166E-07   .1308E+00      .0      100.00
   138.902    4.96    30.0   .3090E+01   .3355E-07   .3090E+01      .0       99.99
   143.445    5.12    34.0   .2063E+02   .1806E-06   .2062E+02    23.0       99.98
   147.989    5.29    38.0   .7048E+02   .1089E-06   .7046E+02    35.0       99.97
   152.533    5.45    42.0   .1542E+03   .2904E-07   .1542E+03    44.0       99.96
   157.076    5.61    46.0   .2526E+03   .6834E-08   .2524E+03    49.0       99.94
   161.620    5.77    50.0   .3449E+03   .1283E-08   .3446E+03    53.0       99.92
   166.164    5.93    54.0   .4216E+03   .7539E-09   .4211E+03    56.0       99.90
   170.708    6.10    58.0   .4820E+03   .4113E-09   .4813E+03    58.0       99.87
   175.251    6.26    62.0   .5294E+03   .1540E-09   .5285E+03    61.0       99.83

     Querschnitte / mbarn

  E*/MeV   229Cm     230Cm     231Cm     232Cm     233Cm     234Cm  
    22.0  .000E+00  .000E+00  .000E+00  .461E-09  .275E-10  .000E+00
    26.0  .000E+00  .000E+00  .102E-11  .117E-07  .000E+00  .000E+00
    30.0  .000E+00  .000E+00  .214E-07  .121E-07  .000E+00  .000E+00
    34.0  .000E+00  .119E-12  .177E-06  .319E-08  .000E+00  .000E+00
    38.0  .000E+00  .666E-09  .108E-06  .000E+00  .000E+00  .000E+00
    42.0  .000E+00  .531E-08  .237E-07  .000E+00  .000E+00  .000E+00
    46.0  .347E-11  .376E-08  .307E-08  .000E+00  .000E+00  .000E+00
    50.0  .213E-09  .107E-08  .000E+00  .000E+00  .000E+00  .000E+00
    54.0  .551E-09  .202E-09  .000E+00  .000E+00  .000E+00  .000E+00
    58.0  .394E-09  .172E-10  .000E+00  .000E+00  .000E+00  .000E+00
    62.0  .154E-09  .000E+00  .000E+00  .000E+00  .000E+00  .000E+00
                                                                        
           



 Ende HIVAP 
