          Programm HIVAP,  Autor  W.Reisdorf   Version fuer "rzri6f" vom  7. 6. 1994

           Bearbeitung F.P.Heßberger
           
   52Cr + 142Nd ---> 194Po   10.3.2020 (A. Sitarcik)                    
           

 Unterprogramm SEPENF

 benutzt Sierks Programm BARFIT 
 Q-Wert  -130.367 MeV
 Massen aus der Datei "mlz.dat" 

         Exp. Schaleneffekte,  SHELL0=    0.00
          Po  188   Po  189   Po  190   Po  191   Po  192   Po  193   Po  194
              0.55     -0.34      0.34     -0.63     -0.03     -1.07     -0.55
          Bi  187   Bi  188   Bi  189   Bi  190   Bi  191   Bi  192   Bi  193
             -1.03     -1.92     -1.24     -2.20     -1.60     -2.63     -2.11
          Pb  186   Pb  187   Pb  188   Pb  189   Pb  190   Pb  191   Pb  192
             -1.05     -1.94     -1.26     -2.22     -1.62     -2.65     -2.13

           BARFAC=   0.680      BAR0=   0.000

          Separationsenergien (BN,BP,BA) und Spaltbarrieren
          Po  188   Po  189   Po  190   Po  191   Po  192   Po  193   Po  194
             11.20      9.44     10.89      9.14     10.58      8.85     10.29
              0.24      0.50      0.75      1.01      1.26      1.51      1.76
             -9.12     -8.90     -8.69     -8.47     -8.26     -8.03     -7.82
              3.85      4.91      4.41      5.54      5.12      6.31      5.96
              0.00     -0.80      0.00     -0.80      0.00     -0.79      0.00
          Bi  187   Bi  188   Bi  189   Bi  190   Bi  191   Bi  192   Bi  193
             10.95      9.18     10.64      8.88     10.33      8.59     10.04
             -0.96     -0.69     -0.43     -0.17      0.09      0.35      0.60
             -7.16     -6.93     -6.73     -6.50     -6.30     -6.07     -5.86
              6.20      7.27      6.77      7.91      7.48      8.68      8.32
             -0.80     -1.60     -0.80     -1.60     -0.80     -1.59     -0.79
          Pb  186   Pb  187   Pb  188   Pb  189   Pb  190   Pb  191   Pb  192
             10.68      8.92     10.38      8.62     10.08      8.33      9.78
              2.71      2.97      3.22      3.47      3.72      3.97      4.22
             -5.19     -4.97     -4.76     -4.54     -4.33     -4.11     -3.90
              7.05      8.13      7.63      8.77      8.35      9.55      9.19
              0.00     -0.80      0.00     -0.80      0.00     -0.80      0.00

 benutzter Q-Wert  -130.367 MeV    effektiver Q-Wert  -130.367 MeV

 HIVAP  CASOUT

   52Cr + 142Nd ---> 194Po   10.3.2020 (A. Sitarcik)                    


     E_lab  A*MeV   E*/MeV     SI_fus      SI_VR     SI_Spalt  L_krit     b_Spalt

   205.431    3.95    20.0  0.7707E-04  0.1444E-05  0.7563E-04     0.0       98.13
   208.163    4.00    22.0  0.1946E-02  0.2473E-04  0.1921E-02     0.0       98.73
   210.895    4.06    24.0  0.4175E-01  0.3929E-03  0.4135E-01     0.0       99.06
   213.628    4.11    26.0  0.4832E+00  0.3679E-02  0.4795E+00     0.0       99.24
   216.360    4.16    28.0  0.2519E+01  0.1574E-01  0.2504E+01     0.0       99.37
   219.093    4.21    30.0  0.8276E+01  0.4338E-01  0.8232E+01    16.0       99.47
   221.825    4.27    32.0  0.2047E+02  0.9308E-01  0.2037E+02    27.0       99.54
   224.557    4.32    34.0  0.4126E+02  0.1593E+00  0.4109E+02    35.0       99.60
   227.290    4.37    36.0  0.7097E+02  0.2226E+00  0.7074E+02    42.0       99.67
   230.022    4.42    38.0  0.1080E+03  0.2690E+00  0.1077E+03    47.0       99.73
   232.755    4.48    40.0  0.1496E+03  0.2974E+00  0.1492E+03    52.0       99.78
   235.487    4.53    42.0  0.1932E+03  0.3076E+00  0.1929E+03    57.0       99.82
   238.219    4.58    44.0  0.2371E+03  0.2964E+00  0.2368E+03    61.0       99.85
   240.952    4.63    46.0  0.2800E+03  0.2685E+00  0.2797E+03    72.0       99.88
   243.684    4.69    48.0  0.3208E+03  0.2332E+00  0.3205E+03    72.0       99.90
   246.416    4.74    50.0  0.3582E+03  0.2014E+00  0.3579E+03    72.0       99.91

     Querschnitte / mbarn

  E*/MeV   188Po     189Po     190Po     191Po     192Po     193Po     194Po  
    20.0 0.000E+00 0.000E+00 0.000E+00 0.000E+00 0.175E-10 0.705E-06 0.461E-09
    22.0 0.000E+00 0.000E+00 0.000E+00 0.000E+00 0.575E-07 0.675E-05 0.150E-08
    24.0 0.000E+00 0.000E+00 0.000E+00 0.000E+00 0.107E-04 0.466E-04 0.000E+00
    26.0 0.000E+00 0.000E+00 0.000E+00 0.000E+00 0.330E-03 0.157E-03 0.000E+00
    28.0 0.000E+00 0.000E+00 0.000E+00 0.000E+00 0.184E-02 0.210E-03 0.000E+00
    30.0 0.000E+00 0.000E+00 0.000E+00 0.000E+00 0.335E-02 0.165E-03 0.000E+00
    32.0 0.000E+00 0.000E+00 0.000E+00 0.422E-06 0.344E-02 0.946E-04 0.000E+00
    34.0 0.000E+00 0.000E+00 0.000E+00 0.229E-04 0.245E-02 0.427E-04 0.000E+00
    36.0 0.000E+00 0.000E+00 0.000E+00 0.217E-03 0.134E-02 0.159E-04 0.000E+00
    38.0 0.000E+00 0.000E+00 0.000E+00 0.904E-03 0.603E-03 0.473E-05 0.000E+00
    40.0 0.000E+00 0.000E+00 0.000E+00 0.187E-02 0.234E-03 0.540E-06 0.000E+00
    42.0 0.000E+00 0.000E+00 0.288E-07 0.213E-02 0.824E-04 0.000E+00 0.000E+00
    44.0 0.000E+00 0.000E+00 0.107E-05 0.167E-02 0.272E-04 0.000E+00 0.000E+00
    46.0 0.000E+00 0.000E+00 0.108E-04 0.104E-02 0.859E-05 0.000E+00 0.000E+00
    48.0 0.000E+00 0.000E+00 0.446E-04 0.562E-03 0.259E-05 0.000E+00 0.000E+00
    50.0 0.000E+00 0.000E+00 0.893E-04 0.275E-03 0.662E-06 0.000E+00 0.000E+00

  E*/MeV   187Bi     188Bi     189Bi     190Bi     191Bi     192Bi     193Bi  
    20.0 0.000E+00 0.000E+00 0.000E+00 0.000E+00 0.000E+00 0.729E-08 0.605E-06
    22.0 0.000E+00 0.000E+00 0.000E+00 0.000E+00 0.000E+00 0.105E-05 0.124E-04
    24.0 0.000E+00 0.000E+00 0.000E+00 0.000E+00 0.000E+00 0.584E-04 0.166E-03
    26.0 0.000E+00 0.000E+00 0.000E+00 0.000E+00 0.290E-09 0.100E-02 0.953E-03
    28.0 0.000E+00 0.000E+00 0.000E+00 0.000E+00 0.888E-06 0.596E-02 0.206E-02
    30.0 0.000E+00 0.000E+00 0.000E+00 0.000E+00 0.718E-04 0.202E-01 0.248E-02
    32.0 0.000E+00 0.000E+00 0.000E+00 0.000E+00 0.124E-02 0.454E-01 0.205E-02
    34.0 0.000E+00 0.000E+00 0.000E+00 0.000E+00 0.789E-02 0.687E-01 0.127E-02
    36.0 0.000E+00 0.000E+00 0.000E+00 0.000E+00 0.256E-01 0.727E-01 0.630E-03
    38.0 0.000E+00 0.000E+00 0.000E+00 0.817E-07 0.538E-01 0.572E-01 0.260E-03
    40.0 0.000E+00 0.000E+00 0.000E+00 0.463E-05 0.825E-01 0.357E-01 0.935E-04
    42.0 0.000E+00 0.000E+00 0.000E+00 0.707E-04 0.975E-01 0.188E-01 0.304E-04
    44.0 0.000E+00 0.000E+00 0.000E+00 0.458E-03 0.915E-01 0.873E-02 0.912E-05
    46.0 0.000E+00 0.000E+00 0.000E+00 0.162E-02 0.709E-01 0.371E-02 0.252E-05
    48.0 0.000E+00 0.000E+00 0.878E-08 0.384E-02 0.470E-01 0.148E-02 0.547E-06
    50.0 0.000E+00 0.000E+00 0.415E-06 0.695E-02 0.278E-01 0.567E-03 0.000E+00

  E*/MeV   186Pb     187Pb     188Pb     189Pb     190Pb     191Pb     192Pb  
    20.0 0.000E+00 0.000E+00 0.000E+00 0.663E-09 0.998E-07 0.000E+00 0.252E-07
    22.0 0.000E+00 0.000E+00 0.000E+00 0.935E-07 0.305E-05 0.000E+00 0.132E-05
    24.0 0.000E+00 0.000E+00 0.000E+00 0.683E-05 0.640E-04 0.439E-08 0.408E-04
    26.0 0.000E+00 0.000E+00 0.000E+00 0.165E-03 0.562E-03 0.125E-05 0.510E-03
    28.0 0.000E+00 0.000E+00 0.116E-06 0.131E-02 0.177E-02 0.527E-04 0.254E-02
    30.0 0.000E+00 0.000E+00 0.833E-05 0.563E-02 0.292E-02 0.719E-03 0.779E-02
    32.0 0.000E+00 0.000E+00 0.150E-03 0.161E-01 0.316E-02 0.436E-02 0.170E-01
    34.0 0.000E+00 0.000E+00 0.126E-02 0.330E-01 0.248E-02 0.147E-01 0.275E-01
    36.0 0.000E+00 0.000E+00 0.583E-02 0.488E-01 0.153E-02 0.325E-01 0.334E-01
    38.0 0.000E+00 0.629E-08 0.167E-01 0.530E-01 0.103E-02 0.540E-01 0.315E-01
    40.0 0.000E+00 0.492E-06 0.336E-01 0.438E-01 0.207E-02 0.734E-01 0.241E-01
    42.0 0.000E+00 0.881E-05 0.517E-01 0.292E-01 0.657E-02 0.860E-01 0.155E-01
    44.0 0.000E+00 0.737E-04 0.643E-01 0.165E-01 0.156E-01 0.887E-01 0.876E-02
    46.0 0.000E+00 0.369E-03 0.660E-01 0.824E-02 0.311E-01 0.811E-01 0.447E-02
    48.0 0.000E+00 0.121E-02 0.567E-01 0.378E-02 0.504E-01 0.660E-01 0.211E-02
    50.0 0.436E-07 0.285E-02 0.419E-01 0.173E-02 0.701E-01 0.483E-01 0.945E-03

 Z-Verteilung  
 E*/MeV     Pb         Bi         Po  
   20.0  0.126E-06 0.613E-06 0.706E-06
   22.0  0.447E-05 0.135E-04 0.681E-05
   24.0  0.112E-03 0.224E-03 0.573E-04
   26.0  0.124E-02 0.195E-02 0.487E-03
   28.0  0.567E-02 0.803E-02 0.205E-02
   30.0  0.171E-01 0.228E-01 0.352E-02
   32.0  0.408E-01 0.487E-01 0.353E-02
   34.0  0.789E-01 0.779E-01 0.251E-02
   36.0  0.122E+00 0.989E-01 0.157E-02
   38.0  0.156E+00 0.111E+00 0.151E-02
   40.0  0.177E+00 0.118E+00 0.211E-02
   42.0  0.189E+00 0.116E+00 0.222E-02
   44.0  0.194E+00 0.101E+00 0.170E-02
   46.0  0.191E+00 0.762E-01 0.106E-02
   48.0  0.180E+00 0.524E-01 0.609E-03
   50.0  0.166E+00 0.353E-01 0.365E-03

 Z und A Mittelwerte    
   E*/MeV     MW.Z  St.Abw.Z      MW.A  St.Abw.A
    20.0     83.40      0.64    192.77      0.77
    22.0     83.09      0.67    192.52      1.02
    24.0     82.86      0.64    192.16      1.15
    26.0     82.80      0.65    191.86      1.14
    28.0     82.77      0.66    191.67      1.11
    30.0     82.69      0.61    191.52      1.13
    32.0     82.60      0.56    191.37      1.19
    34.0     82.52      0.53    191.18      1.24
    36.0     82.46      0.51    190.96      1.27
    38.0     82.42      0.51    190.75      1.27
    40.0     82.41      0.51    190.56      1.27
    42.0     82.39      0.50    190.40      1.29
    44.0     82.35      0.49    190.24      1.31
    46.0     82.29      0.46    190.10      1.31
    48.0     82.23      0.43    190.00      1.26
    50.0     82.18      0.39    189.93      1.17

 HIVAP  CASOUT

   52Cr + 142Nd ---> 194Po   10.3.2020 (A. Sitarcik)                    


     E_lab  A*MeV   E*/MeV     SI_fus      SI_VR     SI_Spalt  L_krit     b_Spalt

   249.149    4.79    52.0  0.3908E+03  0.1786E+00  0.3905E+03    72.0       99.92
   251.881    4.84    54.0  0.4173E+03  0.1633E+00  0.4170E+03    72.0       99.92
   254.614    4.90    56.0  0.4368E+03  0.1503E+00  0.4365E+03    72.0       99.92
   257.346    4.95    58.0  0.4495E+03  0.1355E+00  0.4491E+03    72.0       99.92
   260.078    5.00    60.0  0.4562E+03  0.1183E+00  0.4558E+03    72.0       99.92
   262.811    5.05    62.0  0.4582E+03  0.1009E+00  0.4579E+03    72.0       99.92
   265.543    5.11    64.0  0.4572E+03  0.8562E-01  0.4568E+03    72.0       99.91
   268.276    5.16    66.0  0.4544E+03  0.7351E-01  0.4540E+03    72.0       99.91
   271.008    5.21    68.0  0.4506E+03  0.6409E-01  0.4501E+03    72.0       99.90
   273.740    5.26    70.0  0.4463E+03  0.5575E-01  0.4458E+03    72.0       99.89

     Querschnitte / mbarn

  E*/MeV   188Po     189Po     190Po     191Po     192Po     193Po     194Po  
    52.0 0.000E+00 0.000E+00 0.109E-03 0.126E-03 0.000E+00 0.000E+00 0.000E+00
    54.0 0.000E+00 0.121E-08 0.980E-04 0.549E-04 0.000E+00 0.000E+00 0.000E+00
    56.0 0.000E+00 0.314E-07 0.717E-04 0.231E-04 0.000E+00 0.000E+00 0.000E+00
    58.0 0.000E+00 0.295E-06 0.456E-04 0.949E-05 0.000E+00 0.000E+00 0.000E+00
    60.0 0.000E+00 0.135E-05 0.263E-04 0.382E-05 0.000E+00 0.000E+00 0.000E+00
    62.0 0.000E+00 0.354E-05 0.141E-04 0.151E-05 0.000E+00 0.000E+00 0.000E+00
    64.0 0.914E-11 0.603E-05 0.720E-05 0.587E-06 0.000E+00 0.000E+00 0.000E+00
    66.0 0.325E-09 0.756E-05 0.352E-05 0.212E-06 0.000E+00 0.000E+00 0.000E+00
    68.0 0.416E-08 0.762E-05 0.167E-05 0.643E-07 0.000E+00 0.000E+00 0.000E+00
    70.0 0.249E-07 0.655E-05 0.770E-06 0.000E+00 0.000E+00 0.000E+00 0.000E+00

  E*/MeV   187Bi     188Bi     189Bi     190Bi     191Bi     192Bi     193Bi  
    52.0 0.000E+00 0.000E+00 0.654E-05 0.103E-01 0.150E-01 0.211E-03 0.000E+00
    54.0 0.000E+00 0.000E+00 0.482E-04 0.128E-01 0.755E-02 0.763E-04 0.000E+00
    56.0 0.000E+00 0.000E+00 0.206E-03 0.135E-01 0.361E-02 0.270E-04 0.000E+00
    58.0 0.000E+00 0.000E+00 0.594E-03 0.122E-01 0.165E-02 0.932E-05 0.000E+00
    60.0 0.000E+00 0.000E+00 0.128E-02 0.969E-02 0.730E-03 0.312E-05 0.000E+00
    62.0 0.000E+00 0.134E-07 0.218E-02 0.693E-02 0.314E-03 0.984E-06 0.000E+00
    64.0 0.000E+00 0.199E-06 0.303E-02 0.454E-02 0.132E-03 0.247E-06 0.000E+00
    66.0 0.000E+00 0.154E-05 0.352E-02 0.277E-02 0.542E-04 0.000E+00 0.000E+00
    68.0 0.000E+00 0.722E-05 0.351E-02 0.159E-02 0.218E-04 0.000E+00 0.000E+00
    70.0 0.000E+00 0.234E-04 0.309E-02 0.877E-03 0.861E-05 0.000E+00 0.000E+00

  E*/MeV   186Pb     187Pb     188Pb     189Pb     190Pb     191Pb     192Pb  
    52.0 0.856E-06 0.528E-02 0.274E-01 0.118E-02 0.866E-01 0.321E-01 0.405E-03
    54.0 0.835E-05 0.817E-02 0.162E-01 0.193E-02 0.966E-01 0.196E-01 0.167E-03
    56.0 0.499E-04 0.108E-01 0.884E-02 0.416E-02 0.977E-01 0.112E-01 0.673E-04
    58.0 0.199E-03 0.124E-01 0.454E-02 0.800E-02 0.898E-01 0.600E-02 0.263E-04
    60.0 0.571E-03 0.123E-01 0.224E-02 0.132E-01 0.751E-01 0.307E-02 0.101E-04
    62.0 0.125E-02 0.107E-01 0.112E-02 0.192E-01 0.576E-01 0.150E-02 0.374E-05
    64.0 0.221E-02 0.835E-02 0.789E-03 0.250E-01 0.408E-01 0.712E-03 0.135E-05
    66.0 0.323E-02 0.591E-02 0.113E-02 0.296E-01 0.270E-01 0.328E-03 0.463E-06
    68.0 0.401E-02 0.387E-02 0.227E-02 0.318E-01 0.168E-01 0.147E-03 0.144E-06
    70.0 0.430E-02 0.237E-02 0.433E-02 0.314E-01 0.932E-02 0.641E-04 0.740E-08

 Z-Verteilung  
 E*/MeV     Pb         Bi         Po  
   52.0  0.153E+00 0.255E-01 0.235E-03
   54.0  0.143E+00 0.205E-01 0.153E-03
   56.0  0.133E+00 0.173E-01 0.948E-04
   58.0  0.121E+00 0.144E-01 0.554E-04
   60.0  0.107E+00 0.117E-01 0.315E-04
   62.0  0.914E-01 0.942E-02 0.192E-04
   64.0  0.779E-01 0.769E-02 0.138E-04
   66.0  0.672E-01 0.634E-02 0.113E-04
   68.0  0.590E-01 0.513E-02 0.935E-05
   70.0  0.518E-01 0.399E-02 0.734E-05

 Z und A Mittelwerte    
   E*/MeV     MW.Z  St.Abw.Z      MW.A  St.Abw.A
    52.0     82.15      0.36    189.87      1.07
    54.0     82.13      0.34    189.81      1.00
    56.0     82.12      0.32    189.74      0.97
    58.0     82.11      0.31    189.65      0.99
    60.0     82.10      0.30    189.54      1.02
    62.0     82.09      0.29    189.41      1.04
    64.0     82.09      0.29    189.27      1.06
    66.0     82.09      0.28    189.11      1.07
    68.0     82.08      0.27    188.95      1.07
    70.0     82.07      0.26    188.79      1.04
                                                                        
           



 Ende HIVAP 
