          Programm HIVAP,  Autor  W.Reisdorf   Version fuer "rzri6f" vom  7. 6. 1994

           Bearbeitung F.P.Heﬂberger
           
   90Zr 103Rh 193At IFUS10 barfac0.43 sigr3.0 09/11/2023 10:33 Sitarcik 
           

 Unterprogramm SEPENF

 benutzt Sierks Programm BARFIT 
 Q-Wert  -176.768 MeV
 Massen aus der Datei "mlz.dat" 

         Exp. Schaleneffekte,  SHELL0=    0.00
          At  184   At  185   At  186   At  187   At  188   At  189   At  190   At  191   At  192   At  193
             -0.96     -0.15     -0.95     -0.13     -0.92     -0.10     -0.88     -0.07     -0.87     -0.14
          Po  183   Po  184   Po  185   Po  186   Po  187   Po  188   Po  189   Po  190   Po  191   Po  192
             -0.41      0.51     -0.23      0.60     -0.21      0.55     -0.34      0.34     -0.63     -0.03
          Bi  182   Bi  183   Bi  184   Bi  185   Bi  186   Bi  187   Bi  188   Bi  189   Bi  190   Bi  191
             -2.02     -1.09     -1.82     -0.98     -1.79     -1.03     -1.92     -1.24     -2.20     -1.60
          Pb  181   Pb  182   Pb  183   Pb  184   Pb  185   Pb  186   Pb  187   Pb  188   Pb  189   Pb  190
             -2.05     -1.11     -1.85     -1.00     -1.81     -1.05     -1.94     -1.26     -2.22     -1.62

           BARFAC=   0.430      BAR0=   0.000

          Separationsenergien (BN,BP,BA) und Spaltbarrieren
          At  184   At  185   At  186   At  187   At  188   At  189   At  190   At  191   At  192   At  193
             10.83     12.24     10.41     11.81     10.00     11.40      9.60     11.01      9.25     10.70
             -2.63     -2.25     -1.92     -1.64     -1.40     -1.20     -1.04     -0.93     -0.82     -0.71
             -9.93     -9.63     -9.36     -9.14     -8.96     -8.83     -8.72     -8.66     -8.59     -8.53
              2.77      2.06      2.97      2.25      3.15      2.43      3.31      2.61      3.51      2.88
             -1.62     -0.81     -1.61     -0.80     -1.60     -0.80     -1.60     -0.80     -1.59     -0.79
          Po  183   Po  184   Po  185   Po  186   Po  187   Po  188   Po  189   Po  190   Po  191   Po  192
             10.41     11.86     10.08     11.54      9.75     11.20      9.44     10.89      9.14     10.58
             -1.08     -0.82     -0.54     -0.28     -0.02      0.24      0.50      0.75      1.01      1.26
            -10.16     -9.96     -9.74     -9.53     -9.32     -9.12     -8.90     -8.69     -8.47     -8.26
              2.62      1.81      2.67      1.95      2.88      2.23      3.23      2.67      3.74      3.25
             -0.81      0.00     -0.81      0.00     -0.80      0.00     -0.80      0.00     -0.80      0.00
          Bi  182   Bi  183   Bi  184   Bi  185   Bi  186   Bi  187   Bi  188   Bi  189   Bi  190   Bi  191
             10.14     11.60      9.81     11.27      9.49     10.95      9.18     10.64      8.88     10.33
             -2.30     -2.03     -1.76     -1.49     -1.22     -0.96     -0.69     -0.43     -0.17      0.09
             -8.19     -7.99     -7.78     -7.58     -7.36     -7.16     -6.93     -6.73     -6.50     -6.30
              4.69      3.88      4.73      4.01      4.94      4.30      5.30      4.74      5.81      5.32
             -1.63     -0.81     -1.62     -0.81     -1.61     -0.80     -1.60     -0.80     -1.60     -0.80
          Pb  181   Pb  182   Pb  183   Pb  184   Pb  185   Pb  186   Pb  187   Pb  188   Pb  189   Pb  190
              9.86     11.33      9.54     11.00      9.22     10.68      8.92     10.38      8.62     10.08
              1.42      1.68      1.94      2.20      2.46      2.71      2.97      3.22      3.47      3.72
             -6.22     -6.03     -5.81     -5.61     -5.39     -5.19     -4.97     -4.76     -4.54     -4.33
              5.21      4.40      5.27      4.55      5.48      4.84      5.85      5.29      6.36      5.87
             -0.82      0.00     -0.81      0.00     -0.81      0.00     -0.80      0.00     -0.80      0.00

 benutzter Q-Wert  -176.768 MeV    effektiver Q-Wert  -176.768 MeV

 HIVAP  CASOUT

   90Zr 103Rh 193At IFUS10 barfac0.43 sigr3.0 09/11/2023 10:33 Sitarcik 


     E_lab  A*MeV   E*/MeV     SI_fus      SI_VR     SI_Spalt  L_krit     b_Spalt

   346.215    3.85     8.0  0.7449E-04  0.1104E-07  0.7448E-04     0.0       99.99
   348.089    3.87     9.0  0.3763E-03  0.3869E-07  0.3763E-03     0.0       99.99
   349.963    3.89    10.0  0.1798E-02  0.1878E-06  0.1798E-02     0.0       99.99
   351.837    3.91    11.0  0.7419E-02  0.7708E-06  0.7418E-02     0.0       99.99
   353.711    3.93    12.0  0.2405E-01  0.2162E-05  0.2404E-01     0.0       99.99
   355.584    3.95    13.0  0.6101E-01  0.4732E-05  0.6100E-01     0.0       99.99
   357.458    3.97    14.0  0.1312E+00  0.9653E-05  0.1311E+00     0.0       99.99
   359.332    3.99    15.0  0.2565E+00  0.2008E-04  0.2565E+00     0.0       99.99
   361.206    4.01    16.0  0.4634E+00  0.3393E-04  0.4634E+00     0.0       99.99
   363.079    4.03    17.0  0.7859E+00  0.4128E-04  0.7859E+00     0.0       99.99
   364.953    4.06    18.0  0.1268E+01  0.4368E-04  0.1268E+01     0.0      100.00
   366.827    4.08    19.0  0.1962E+01  0.4161E-04  0.1962E+01     0.0      100.00
   368.701    4.10    20.0  0.2938E+01  0.3719E-04  0.2938E+01     0.0       99.99
   370.575    4.12    21.0  0.4270E+01  0.3272E-04  0.4269E+01     0.0       99.99
   372.448    4.14    22.0  0.6047E+01  0.2930E-04  0.6044E+01     0.0       99.96
   374.322    4.16    23.0  0.8351E+01  0.2792E-04  0.8346E+01     0.0       99.93

     Querschnitte / mbarn

  E*/MeV   184At     185At     186At     187At     188At     189At     190At     191At     192At     193At  
     8.0 0.000E+00 0.000E+00 0.000E+00 0.000E+00 0.000E+00 0.000E+00 0.000E+00 0.000E+00 0.000E+00 0.842E-08
     9.0 0.000E+00 0.000E+00 0.000E+00 0.000E+00 0.000E+00 0.000E+00 0.000E+00 0.000E+00 0.000E+00 0.148E-07
    10.0 0.000E+00 0.000E+00 0.000E+00 0.000E+00 0.000E+00 0.000E+00 0.000E+00 0.000E+00 0.000E+00 0.246E-07
    11.0 0.000E+00 0.000E+00 0.000E+00 0.000E+00 0.000E+00 0.000E+00 0.000E+00 0.000E+00 0.545E-10 0.339E-07
    12.0 0.000E+00 0.000E+00 0.000E+00 0.000E+00 0.000E+00 0.000E+00 0.000E+00 0.000E+00 0.253E-07 0.403E-07
    13.0 0.000E+00 0.000E+00 0.000E+00 0.000E+00 0.000E+00 0.000E+00 0.000E+00 0.000E+00 0.703E-06 0.429E-07
    14.0 0.000E+00 0.000E+00 0.000E+00 0.000E+00 0.000E+00 0.000E+00 0.000E+00 0.000E+00 0.367E-05 0.423E-07
    15.0 0.000E+00 0.000E+00 0.000E+00 0.000E+00 0.000E+00 0.000E+00 0.000E+00 0.000E+00 0.120E-04 0.461E-07
    16.0 0.000E+00 0.000E+00 0.000E+00 0.000E+00 0.000E+00 0.000E+00 0.000E+00 0.000E+00 0.236E-04 0.420E-07
    17.0 0.000E+00 0.000E+00 0.000E+00 0.000E+00 0.000E+00 0.000E+00 0.000E+00 0.000E+00 0.282E-04 0.440E-07
    18.0 0.000E+00 0.000E+00 0.000E+00 0.000E+00 0.000E+00 0.000E+00 0.000E+00 0.000E+00 0.281E-04 0.482E-07
    19.0 0.000E+00 0.000E+00 0.000E+00 0.000E+00 0.000E+00 0.000E+00 0.000E+00 0.000E+00 0.244E-04 0.634E-07
    20.0 0.000E+00 0.000E+00 0.000E+00 0.000E+00 0.000E+00 0.000E+00 0.000E+00 0.000E+00 0.195E-04 0.663E-07
    21.0 0.000E+00 0.000E+00 0.000E+00 0.000E+00 0.000E+00 0.000E+00 0.000E+00 0.197E-09 0.152E-04 0.496E-07
    22.0 0.000E+00 0.000E+00 0.000E+00 0.000E+00 0.000E+00 0.000E+00 0.000E+00 0.573E-08 0.115E-04 0.000E+00
    23.0 0.000E+00 0.000E+00 0.000E+00 0.000E+00 0.000E+00 0.000E+00 0.000E+00 0.560E-07 0.845E-05 0.000E+00

  E*/MeV   183Po     184Po     185Po     186Po     187Po     188Po     189Po     190Po     191Po     192Po  
     8.0 0.000E+00 0.000E+00 0.000E+00 0.000E+00 0.000E+00 0.000E+00 0.000E+00 0.000E+00 0.000E+00 0.260E-08
     9.0 0.000E+00 0.000E+00 0.000E+00 0.000E+00 0.000E+00 0.000E+00 0.000E+00 0.000E+00 0.000E+00 0.236E-07
    10.0 0.000E+00 0.000E+00 0.000E+00 0.000E+00 0.000E+00 0.000E+00 0.000E+00 0.000E+00 0.000E+00 0.160E-06
    11.0 0.000E+00 0.000E+00 0.000E+00 0.000E+00 0.000E+00 0.000E+00 0.000E+00 0.000E+00 0.000E+00 0.715E-06
    12.0 0.000E+00 0.000E+00 0.000E+00 0.000E+00 0.000E+00 0.000E+00 0.000E+00 0.000E+00 0.000E+00 0.198E-05
    13.0 0.000E+00 0.000E+00 0.000E+00 0.000E+00 0.000E+00 0.000E+00 0.000E+00 0.000E+00 0.000E+00 0.359E-05
    14.0 0.000E+00 0.000E+00 0.000E+00 0.000E+00 0.000E+00 0.000E+00 0.000E+00 0.000E+00 0.000E+00 0.485E-05
    15.0 0.000E+00 0.000E+00 0.000E+00 0.000E+00 0.000E+00 0.000E+00 0.000E+00 0.000E+00 0.772E-12 0.545E-05
    16.0 0.000E+00 0.000E+00 0.000E+00 0.000E+00 0.000E+00 0.000E+00 0.000E+00 0.000E+00 0.141E-09 0.533E-05
    17.0 0.000E+00 0.000E+00 0.000E+00 0.000E+00 0.000E+00 0.000E+00 0.000E+00 0.000E+00 0.163E-08 0.470E-05
    18.0 0.000E+00 0.000E+00 0.000E+00 0.000E+00 0.000E+00 0.000E+00 0.000E+00 0.000E+00 0.108E-07 0.386E-05
    19.0 0.000E+00 0.000E+00 0.000E+00 0.000E+00 0.000E+00 0.000E+00 0.000E+00 0.000E+00 0.551E-07 0.301E-05
    20.0 0.000E+00 0.000E+00 0.000E+00 0.000E+00 0.000E+00 0.000E+00 0.000E+00 0.000E+00 0.215E-06 0.226E-05
    21.0 0.000E+00 0.000E+00 0.000E+00 0.000E+00 0.000E+00 0.000E+00 0.000E+00 0.000E+00 0.668E-06 0.165E-05
    22.0 0.000E+00 0.000E+00 0.000E+00 0.000E+00 0.000E+00 0.000E+00 0.000E+00 0.000E+00 0.168E-05 0.119E-05
    23.0 0.000E+00 0.000E+00 0.000E+00 0.000E+00 0.000E+00 0.000E+00 0.000E+00 0.000E+00 0.344E-05 0.854E-06

  E*/MeV   182Bi     183Bi     184Bi     185Bi     186Bi     187Bi     188Bi     189Bi     190Bi     191Bi  
     8.0 0.000E+00 0.000E+00 0.000E+00 0.000E+00 0.000E+00 0.000E+00 0.000E+00 0.204E-10 0.000E+00 0.000E+00
     9.0 0.000E+00 0.000E+00 0.000E+00 0.000E+00 0.000E+00 0.000E+00 0.000E+00 0.267E-09 0.000E+00 0.000E+00
    10.0 0.000E+00 0.000E+00 0.000E+00 0.000E+00 0.000E+00 0.000E+00 0.000E+00 0.291E-08 0.000E+00 0.000E+00
    11.0 0.000E+00 0.000E+00 0.000E+00 0.000E+00 0.000E+00 0.000E+00 0.000E+00 0.220E-07 0.000E+00 0.226E-13
    12.0 0.000E+00 0.000E+00 0.000E+00 0.000E+00 0.000E+00 0.000E+00 0.000E+00 0.114E-06 0.000E+00 0.115E-11
    13.0 0.000E+00 0.000E+00 0.000E+00 0.000E+00 0.000E+00 0.000E+00 0.000E+00 0.397E-06 0.000E+00 0.173E-10
    14.0 0.000E+00 0.000E+00 0.000E+00 0.000E+00 0.000E+00 0.000E+00 0.000E+00 0.110E-05 0.000E+00 0.155E-09
    15.0 0.000E+00 0.000E+00 0.000E+00 0.000E+00 0.000E+00 0.000E+00 0.000E+00 0.255E-05 0.000E+00 0.100E-08
    16.0 0.000E+00 0.000E+00 0.000E+00 0.000E+00 0.000E+00 0.000E+00 0.000E+00 0.500E-05 0.000E+00 0.491E-08
    17.0 0.000E+00 0.000E+00 0.000E+00 0.000E+00 0.000E+00 0.000E+00 0.000E+00 0.826E-05 0.000E+00 0.194E-07
    18.0 0.000E+00 0.000E+00 0.000E+00 0.000E+00 0.000E+00 0.000E+00 0.187E-10 0.116E-04 0.000E+00 0.648E-07
    19.0 0.000E+00 0.000E+00 0.000E+00 0.000E+00 0.000E+00 0.000E+00 0.283E-09 0.139E-04 0.000E+00 0.186E-06
    20.0 0.000E+00 0.000E+00 0.000E+00 0.000E+00 0.000E+00 0.000E+00 0.195E-08 0.145E-04 0.000E+00 0.470E-06
    21.0 0.000E+00 0.000E+00 0.000E+00 0.000E+00 0.000E+00 0.000E+00 0.928E-08 0.137E-04 0.000E+00 0.105E-05
    22.0 0.000E+00 0.000E+00 0.000E+00 0.000E+00 0.000E+00 0.000E+00 0.356E-07 0.119E-04 0.000E+00 0.207E-05
    23.0 0.000E+00 0.000E+00 0.000E+00 0.000E+00 0.000E+00 0.000E+00 0.115E-06 0.965E-05 0.274E-11 0.360E-05

  E*/MeV   181Pb     182Pb     183Pb     184Pb     185Pb     186Pb     187Pb     188Pb     189Pb     190Pb  
     8.0 0.000E+00 0.000E+00 0.000E+00 0.000E+00 0.000E+00 0.000E+00 0.000E+00 0.000E+00 0.000E+00 0.000E+00
     9.0 0.000E+00 0.000E+00 0.000E+00 0.000E+00 0.000E+00 0.000E+00 0.000E+00 0.000E+00 0.000E+00 0.000E+00
    10.0 0.000E+00 0.000E+00 0.000E+00 0.000E+00 0.000E+00 0.000E+00 0.000E+00 0.000E+00 0.000E+00 0.000E+00
    11.0 0.000E+00 0.000E+00 0.000E+00 0.000E+00 0.000E+00 0.000E+00 0.000E+00 0.000E+00 0.000E+00 0.000E+00
    12.0 0.000E+00 0.000E+00 0.000E+00 0.000E+00 0.000E+00 0.000E+00 0.000E+00 0.192E-11 0.000E+00 0.000E+00
    13.0 0.000E+00 0.000E+00 0.000E+00 0.000E+00 0.000E+00 0.000E+00 0.000E+00 0.192E-10 0.000E+00 0.000E+00
    14.0 0.000E+00 0.000E+00 0.000E+00 0.000E+00 0.000E+00 0.000E+00 0.000E+00 0.123E-09 0.000E+00 0.000E+00
    15.0 0.000E+00 0.000E+00 0.000E+00 0.000E+00 0.000E+00 0.000E+00 0.000E+00 0.617E-09 0.000E+00 0.000E+00
    16.0 0.000E+00 0.000E+00 0.000E+00 0.000E+00 0.000E+00 0.000E+00 0.000E+00 0.252E-08 0.000E+00 0.403E-16
    17.0 0.000E+00 0.000E+00 0.000E+00 0.000E+00 0.000E+00 0.000E+00 0.000E+00 0.884E-08 0.000E+00 0.660E-14
    18.0 0.000E+00 0.000E+00 0.000E+00 0.000E+00 0.000E+00 0.000E+00 0.000E+00 0.274E-07 0.000E+00 0.128E-12
    19.0 0.000E+00 0.000E+00 0.000E+00 0.000E+00 0.000E+00 0.000E+00 0.000E+00 0.759E-07 0.000E+00 0.131E-11
    20.0 0.000E+00 0.000E+00 0.000E+00 0.000E+00 0.000E+00 0.000E+00 0.000E+00 0.192E-06 0.000E+00 0.913E-11
    21.0 0.000E+00 0.000E+00 0.000E+00 0.000E+00 0.000E+00 0.000E+00 0.000E+00 0.440E-06 0.000E+00 0.480E-10
    22.0 0.000E+00 0.000E+00 0.000E+00 0.000E+00 0.000E+00 0.000E+00 0.613E-11 0.922E-06 0.000E+00 0.204E-09
    23.0 0.000E+00 0.000E+00 0.000E+00 0.000E+00 0.000E+00 0.000E+00 0.733E-10 0.176E-05 0.000E+00 0.729E-09

 Z-Verteilung  
 E*/MeV     Pb         Bi         Po         At  
    8.0  0.000E+00 0.204E-10 0.260E-08 0.842E-08
    9.0  0.000E+00 0.267E-09 0.236E-07 0.148E-07
   10.0  0.000E+00 0.291E-08 0.160E-06 0.246E-07
   11.0  0.000E+00 0.220E-07 0.715E-06 0.340E-07
   12.0  0.192E-11 0.114E-06 0.198E-05 0.656E-07
   13.0  0.192E-10 0.397E-06 0.359E-05 0.746E-06
   14.0  0.123E-09 0.110E-05 0.485E-05 0.371E-05
   15.0  0.617E-09 0.255E-05 0.545E-05 0.121E-04
   16.0  0.252E-08 0.500E-05 0.533E-05 0.236E-04
   17.0  0.884E-08 0.828E-05 0.471E-05 0.283E-04
   18.0  0.274E-07 0.116E-04 0.387E-05 0.282E-04
   19.0  0.759E-07 0.140E-04 0.306E-05 0.244E-04
   20.0  0.192E-06 0.150E-04 0.247E-05 0.195E-04
   21.0  0.440E-06 0.147E-04 0.232E-05 0.152E-04
   22.0  0.923E-06 0.140E-04 0.287E-05 0.115E-04
   23.0  0.176E-05 0.134E-04 0.429E-05 0.851E-05

 Z und A Mittelwerte    
   E*/MeV     MW.Z  St.Abw.Z      MW.A  St.Abw.A
     8.0     84.76      0.43    192.76      0.45
     9.0     84.38      0.50    192.36      0.56
    10.0     84.12      0.37    192.08      0.51
    11.0     84.02      0.27    191.96      0.55
    12.0     83.98      0.29    191.86      0.69
    13.0     84.07      0.49    191.76      0.84
    14.0     84.27      0.65    191.66      0.96
    15.0     84.47      0.71    191.62      1.00
    16.0     84.55      0.74    191.56      1.06
    17.0     84.48      0.81    191.40      1.20
    18.0     84.38      0.88    191.20      1.33
    19.0     84.25      0.93    190.99      1.42
    20.0     84.11      0.97    190.79      1.47
    21.0     83.99      0.98    190.64      1.48
    22.0     83.85      0.99    190.52      1.46
    23.0     83.70      0.97    190.44      1.42

 HIVAP  CASOUT

   90Zr 103Rh 193At IFUS10 barfac0.43 sigr3.0 09/11/2023 10:33 Sitarcik 


     E_lab  A*MeV   E*/MeV     SI_fus      SI_VR     SI_Spalt  L_krit     b_Spalt

   376.196    4.18    24.0  0.1126E+02  0.2900E-04  0.1125E+02     0.0       99.89
   378.070    4.20    25.0  0.1487E+02  0.3239E-04  0.1484E+02    17.0       99.85
   379.944    4.22    26.0  0.1924E+02  0.3646E-04  0.1921E+02    24.0       99.82
   381.817    4.24    27.0  0.2444E+02  0.4022E-04  0.2438E+02    30.0       99.76
   383.691    4.26    28.0  0.3051E+02  0.4302E-04  0.3042E+02    65.0       99.70
   385.565    4.28    29.0  0.3748E+02  0.4437E-04  0.3734E+02    65.0       99.65
   387.439    4.30    30.0  0.4533E+02  0.4425E-04  0.4514E+02    65.0       99.58
   389.313    4.33    31.0  0.5406E+02  0.4261E-04  0.5380E+02    65.0       99.52
   391.186    4.35    32.0  0.6359E+02  0.3948E-04  0.6325E+02    65.0       99.46
   393.060    4.37    33.0  0.7384E+02  0.3542E-04  0.7338E+02    65.0       99.38
   394.934    4.39    34.0  0.8471E+02  0.3120E-04  0.8413E+02    65.0       99.31
   396.808    4.41    35.0  0.9602E+02  0.2759E-04  0.9529E+02    65.0       99.24
   398.681    4.43    36.0  0.1077E+03  0.2505E-04  0.1068E+03    65.0       99.17
   400.555    4.45    37.0  0.1195E+03  0.2368E-04  0.1184E+03    65.0       99.10
   402.429    4.47    38.0  0.1313E+03  0.2319E-04  0.1301E+03    65.0       99.05
   404.303    4.49    39.0  0.1430E+03  0.2316E-04  0.1416E+03    65.0       99.01

     Querschnitte / mbarn

  E*/MeV   184At     185At     186At     187At     188At     189At     190At     191At     192At     193At  
    24.0 0.000E+00 0.000E+00 0.000E+00 0.000E+00 0.000E+00 0.000E+00 0.000E+00 0.262E-06 0.594E-05 0.000E+00
    25.0 0.000E+00 0.000E+00 0.000E+00 0.000E+00 0.000E+00 0.000E+00 0.000E+00 0.676E-06 0.422E-05 0.000E+00
    26.0 0.000E+00 0.000E+00 0.000E+00 0.000E+00 0.000E+00 0.000E+00 0.000E+00 0.107E-05 0.283E-05 0.000E+00
    27.0 0.000E+00 0.000E+00 0.000E+00 0.000E+00 0.000E+00 0.000E+00 0.000E+00 0.128E-05 0.192E-05 0.000E+00
    28.0 0.000E+00 0.000E+00 0.000E+00 0.000E+00 0.000E+00 0.000E+00 0.000E+00 0.127E-05 0.136E-05 0.000E+00
    29.0 0.000E+00 0.000E+00 0.000E+00 0.000E+00 0.000E+00 0.000E+00 0.000E+00 0.112E-05 0.843E-06 0.000E+00
    30.0 0.000E+00 0.000E+00 0.000E+00 0.000E+00 0.000E+00 0.000E+00 0.000E+00 0.909E-06 0.490E-06 0.000E+00
    31.0 0.000E+00 0.000E+00 0.000E+00 0.000E+00 0.000E+00 0.000E+00 0.000E+00 0.693E-06 0.267E-06 0.000E+00
    32.0 0.000E+00 0.000E+00 0.000E+00 0.000E+00 0.000E+00 0.000E+00 0.801E-12 0.502E-06 0.137E-06 0.000E+00
    33.0 0.000E+00 0.000E+00 0.000E+00 0.000E+00 0.000E+00 0.000E+00 0.258E-10 0.350E-06 0.695E-07 0.000E+00
    34.0 0.000E+00 0.000E+00 0.000E+00 0.000E+00 0.000E+00 0.000E+00 0.308E-09 0.236E-06 0.316E-07 0.000E+00
    35.0 0.000E+00 0.000E+00 0.000E+00 0.000E+00 0.000E+00 0.000E+00 0.197E-08 0.156E-06 0.148E-07 0.000E+00
    36.0 0.000E+00 0.000E+00 0.000E+00 0.000E+00 0.000E+00 0.000E+00 0.795E-08 0.101E-06 0.685E-08 0.000E+00
    37.0 0.000E+00 0.000E+00 0.000E+00 0.000E+00 0.000E+00 0.000E+00 0.223E-07 0.638E-07 0.356E-08 0.000E+00
    38.0 0.000E+00 0.000E+00 0.000E+00 0.000E+00 0.000E+00 0.000E+00 0.457E-07 0.397E-07 0.000E+00 0.000E+00
    39.0 0.000E+00 0.000E+00 0.000E+00 0.000E+00 0.000E+00 0.000E+00 0.716E-07 0.242E-07 0.000E+00 0.000E+00

  E*/MeV   183Po     184Po     185Po     186Po     187Po     188Po     189Po     190Po     191Po     192Po  
    24.0 0.000E+00 0.000E+00 0.000E+00 0.000E+00 0.000E+00 0.000E+00 0.000E+00 0.000E+00 0.579E-05 0.619E-06
    25.0 0.000E+00 0.000E+00 0.000E+00 0.000E+00 0.000E+00 0.000E+00 0.000E+00 0.000E+00 0.818E-05 0.453E-06
    26.0 0.000E+00 0.000E+00 0.000E+00 0.000E+00 0.000E+00 0.000E+00 0.000E+00 0.281E-11 0.993E-05 0.323E-06
    27.0 0.000E+00 0.000E+00 0.000E+00 0.000E+00 0.000E+00 0.000E+00 0.000E+00 0.325E-10 0.106E-04 0.215E-06
    28.0 0.000E+00 0.000E+00 0.000E+00 0.000E+00 0.000E+00 0.000E+00 0.000E+00 0.242E-09 0.102E-04 0.133E-06
    29.0 0.000E+00 0.000E+00 0.000E+00 0.000E+00 0.000E+00 0.000E+00 0.000E+00 0.127E-08 0.895E-05 0.730E-07
    30.0 0.000E+00 0.000E+00 0.000E+00 0.000E+00 0.000E+00 0.000E+00 0.000E+00 0.493E-08 0.736E-05 0.399E-07
    31.0 0.000E+00 0.000E+00 0.000E+00 0.000E+00 0.000E+00 0.000E+00 0.000E+00 0.147E-07 0.572E-05 0.206E-07
    32.0 0.000E+00 0.000E+00 0.000E+00 0.000E+00 0.000E+00 0.000E+00 0.000E+00 0.346E-07 0.424E-05 0.985E-08
    33.0 0.000E+00 0.000E+00 0.000E+00 0.000E+00 0.000E+00 0.000E+00 0.000E+00 0.665E-07 0.303E-05 0.416E-08
    34.0 0.000E+00 0.000E+00 0.000E+00 0.000E+00 0.000E+00 0.000E+00 0.000E+00 0.107E-06 0.209E-05 0.000E+00
    35.0 0.000E+00 0.000E+00 0.000E+00 0.000E+00 0.000E+00 0.000E+00 0.000E+00 0.148E-06 0.140E-05 0.000E+00
    36.0 0.000E+00 0.000E+00 0.000E+00 0.000E+00 0.000E+00 0.000E+00 0.000E+00 0.179E-06 0.921E-06 0.000E+00
    37.0 0.000E+00 0.000E+00 0.000E+00 0.000E+00 0.000E+00 0.000E+00 0.000E+00 0.195E-06 0.592E-06 0.000E+00
    38.0 0.000E+00 0.000E+00 0.000E+00 0.000E+00 0.000E+00 0.000E+00 0.493E-12 0.193E-06 0.373E-06 0.000E+00
    39.0 0.000E+00 0.000E+00 0.000E+00 0.000E+00 0.000E+00 0.000E+00 0.331E-11 0.178E-06 0.232E-06 0.000E+00

  E*/MeV   182Bi     183Bi     184Bi     185Bi     186Bi     187Bi     188Bi     189Bi     190Bi     191Bi  
    24.0 0.000E+00 0.000E+00 0.000E+00 0.000E+00 0.000E+00 0.000E+00 0.323E-06 0.744E-05 0.267E-10 0.557E-05
    25.0 0.000E+00 0.000E+00 0.000E+00 0.000E+00 0.000E+00 0.000E+00 0.795E-06 0.551E-05 0.181E-09 0.772E-05
    26.0 0.000E+00 0.000E+00 0.000E+00 0.000E+00 0.000E+00 0.000E+00 0.173E-05 0.397E-05 0.937E-09 0.964E-05
    27.0 0.000E+00 0.000E+00 0.000E+00 0.000E+00 0.000E+00 0.000E+00 0.335E-05 0.280E-05 0.392E-08 0.109E-04
    28.0 0.000E+00 0.000E+00 0.000E+00 0.000E+00 0.000E+00 0.160E-11 0.575E-05 0.193E-05 0.138E-07 0.114E-04
    29.0 0.000E+00 0.000E+00 0.000E+00 0.000E+00 0.000E+00 0.186E-10 0.880E-05 0.131E-05 0.414E-07 0.110E-04
    30.0 0.000E+00 0.000E+00 0.000E+00 0.000E+00 0.000E+00 0.127E-09 0.119E-04 0.865E-06 0.109E-06 0.990E-05
    31.0 0.000E+00 0.000E+00 0.000E+00 0.000E+00 0.000E+00 0.619E-09 0.143E-04 0.557E-06 0.256E-06 0.844E-05
    32.0 0.000E+00 0.000E+00 0.000E+00 0.000E+00 0.000E+00 0.239E-08 0.154E-04 0.347E-06 0.539E-06 0.683E-05
    33.0 0.000E+00 0.000E+00 0.000E+00 0.000E+00 0.000E+00 0.774E-08 0.150E-04 0.209E-06 0.103E-05 0.530E-05
    34.0 0.000E+00 0.000E+00 0.000E+00 0.000E+00 0.000E+00 0.215E-07 0.134E-04 0.121E-06 0.179E-05 0.396E-05
    35.0 0.000E+00 0.000E+00 0.000E+00 0.000E+00 0.000E+00 0.519E-07 0.111E-04 0.676E-07 0.285E-05 0.286E-05
    36.0 0.000E+00 0.000E+00 0.000E+00 0.000E+00 0.000E+00 0.110E-06 0.876E-05 0.339E-07 0.414E-05 0.200E-05
    37.0 0.000E+00 0.000E+00 0.000E+00 0.000E+00 0.000E+00 0.207E-06 0.658E-05 0.134E-07 0.553E-05 0.137E-05
    38.0 0.000E+00 0.000E+00 0.000E+00 0.000E+00 0.000E+00 0.344E-06 0.475E-05 0.627E-08 0.680E-05 0.915E-06
    39.0 0.000E+00 0.000E+00 0.000E+00 0.000E+00 0.000E+00 0.508E-06 0.332E-05 0.309E-08 0.775E-05 0.600E-06

  E*/MeV   181Pb     182Pb     183Pb     184Pb     185Pb     186Pb     187Pb     188Pb     189Pb     190Pb  
    24.0 0.000E+00 0.000E+00 0.000E+00 0.000E+00 0.000E+00 0.000E+00 0.409E-09 0.305E-05 0.000E+00 0.226E-08
    25.0 0.000E+00 0.000E+00 0.000E+00 0.000E+00 0.000E+00 0.000E+00 0.158E-08 0.482E-05 0.000E+00 0.622E-08
    26.0 0.000E+00 0.000E+00 0.000E+00 0.000E+00 0.000E+00 0.000E+00 0.497E-08 0.695E-05 0.000E+00 0.155E-07
    27.0 0.000E+00 0.000E+00 0.000E+00 0.000E+00 0.000E+00 0.000E+00 0.133E-07 0.911E-05 0.000E+00 0.353E-07
    28.0 0.000E+00 0.000E+00 0.000E+00 0.000E+00 0.000E+00 0.000E+00 0.311E-07 0.109E-04 0.000E+00 0.742E-07
    29.0 0.000E+00 0.000E+00 0.000E+00 0.000E+00 0.000E+00 0.000E+00 0.643E-07 0.120E-04 0.262E-11 0.145E-06
    30.0 0.000E+00 0.000E+00 0.000E+00 0.000E+00 0.000E+00 0.000E+00 0.121E-06 0.123E-04 0.167E-10 0.263E-06
    31.0 0.000E+00 0.000E+00 0.000E+00 0.000E+00 0.000E+00 0.000E+00 0.212E-06 0.117E-04 0.795E-10 0.447E-06
    32.0 0.000E+00 0.000E+00 0.000E+00 0.000E+00 0.000E+00 0.000E+00 0.363E-06 0.104E-04 0.299E-09 0.706E-06
    33.0 0.000E+00 0.000E+00 0.000E+00 0.000E+00 0.000E+00 0.000E+00 0.616E-06 0.873E-05 0.925E-09 0.104E-05
    34.0 0.000E+00 0.000E+00 0.000E+00 0.000E+00 0.000E+00 0.256E-11 0.103E-05 0.700E-05 0.242E-08 0.144E-05
    35.0 0.000E+00 0.000E+00 0.000E+00 0.000E+00 0.000E+00 0.102E-10 0.166E-05 0.538E-05 0.552E-08 0.186E-05
    36.0 0.000E+00 0.000E+00 0.000E+00 0.000E+00 0.000E+00 0.363E-10 0.254E-05 0.398E-05 0.112E-07 0.225E-05
    37.0 0.000E+00 0.000E+00 0.000E+00 0.000E+00 0.000E+00 0.118E-09 0.366E-05 0.285E-05 0.210E-07 0.256E-05
    38.0 0.000E+00 0.000E+00 0.000E+00 0.000E+00 0.000E+00 0.356E-09 0.495E-05 0.198E-05 0.370E-07 0.275E-05
    39.0 0.000E+00 0.000E+00 0.000E+00 0.000E+00 0.000E+00 0.100E-08 0.625E-05 0.135E-05 0.622E-07 0.281E-05

 Z-Verteilung  
 E*/MeV     Pb         Bi         Po         At  
   24.0  0.305E-05 0.133E-04 0.640E-05 0.621E-05
   25.0  0.483E-05 0.140E-04 0.864E-05 0.489E-05
   26.0  0.697E-05 0.153E-04 0.103E-04 0.390E-05
   27.0  0.916E-05 0.171E-04 0.108E-04 0.320E-05
   28.0  0.110E-04 0.191E-04 0.103E-04 0.263E-05
   29.0  0.123E-04 0.211E-04 0.903E-05 0.197E-05
   30.0  0.127E-04 0.228E-04 0.740E-05 0.140E-05
   31.0  0.123E-04 0.236E-04 0.576E-05 0.960E-06
   32.0  0.114E-04 0.231E-04 0.428E-05 0.639E-06
   33.0  0.104E-04 0.215E-04 0.310E-05 0.419E-06
   34.0  0.947E-05 0.193E-04 0.220E-05 0.268E-06
   35.0  0.890E-05 0.170E-04 0.155E-05 0.173E-06
   36.0  0.878E-05 0.151E-04 0.110E-05 0.116E-06
   37.0  0.910E-05 0.137E-04 0.786E-06 0.896E-07
   38.0  0.972E-05 0.128E-04 0.566E-06 0.853E-07
   39.0  0.105E-04 0.122E-04 0.410E-06 0.959E-07

 Z und A Mittelwerte    
   E*/MeV     MW.Z  St.Abw.Z      MW.A  St.Abw.A
    24.0     83.54      0.94    190.36      1.38
    25.0     83.42      0.92    190.28      1.37
    26.0     83.30      0.90    190.15      1.40
    27.0     83.20      0.88    189.98      1.45
    28.0     83.10      0.85    189.78      1.49
    29.0     83.02      0.81    189.54      1.51
    30.0     82.94      0.76    189.31      1.49
    31.0     82.89      0.71    189.11      1.45
    32.0     82.85      0.66    188.96      1.39
    33.0     82.82      0.63    188.85      1.33
    34.0     82.78      0.60    188.79      1.29
    35.0     82.75      0.58    188.78      1.27
    36.0     82.70      0.57    188.78      1.28
    37.0     82.66      0.56    188.80      1.31
    38.0     82.61      0.56    188.79      1.35
    39.0     82.57      0.55    188.76      1.39

 HIVAP  CASOUT

   90Zr 103Rh 193At IFUS10 barfac0.43 sigr3.0 09/11/2023 10:33 Sitarcik 


     E_lab  A*MeV   E*/MeV     SI_fus      SI_VR     SI_Spalt  L_krit     b_Spalt

   406.177    4.51    40.0  0.1544E+03  0.2305E-04  0.1528E+03    65.0       98.99
   408.050    4.53    41.0  0.1653E+03  0.2250E-04  0.1637E+03    65.0       98.99
   409.924    4.55    42.0  0.1757E+03  0.2136E-04  0.1740E+03    65.0       99.01
   411.798    4.58    43.0  0.1854E+03  0.1965E-04  0.1837E+03    65.0       99.06
   413.672    4.60    44.0  0.1944E+03  0.1754E-04  0.1927E+03    65.0       99.12
   415.546    4.62    45.0  0.2026E+03  0.1527E-04  0.2010E+03    65.0       99.20
   417.419    4.64    46.0  0.2100E+03  0.1307E-04  0.2085E+03    65.0       99.30
   419.293    4.66    47.0  0.2165E+03  0.1124E-04  0.2152E+03    65.0       99.40
   421.167    4.68    48.0  0.2222E+03  0.9629E-05  0.2211E+03    65.0       99.50
   423.041    4.70    49.0  0.2271E+03  0.8318E-05  0.2261E+03    65.0       99.60
   424.914    4.72    50.0  0.2311E+03  0.7268E-05  0.2304E+03    65.0       99.69
   426.788    4.74    51.0  0.2345E+03  0.6414E-05  0.2340E+03    65.0       99.77
   428.662    4.76    52.0  0.2372E+03  0.5690E-05  0.2368E+03    65.0       99.83
   430.536    4.78    53.0  0.2393E+03  0.5046E-05  0.2390E+03    65.0       99.88
   432.410    4.80    54.0  0.2409E+03  0.4452E-05  0.2407E+03    65.0       99.91
   434.283    4.83    55.0  0.2419E+03  0.3895E-05  0.2418E+03    65.0       99.94

     Querschnitte / mbarn

  E*/MeV   184At     185At     186At     187At     188At     189At     190At     191At     192At     193At  
    40.0 0.000E+00 0.000E+00 0.000E+00 0.000E+00 0.000E+00 0.000E+00 0.918E-07 0.145E-07 0.000E+00 0.000E+00
    41.0 0.000E+00 0.000E+00 0.000E+00 0.000E+00 0.000E+00 0.000E+00 0.102E-06 0.860E-08 0.000E+00 0.000E+00
    42.0 0.000E+00 0.000E+00 0.000E+00 0.000E+00 0.000E+00 0.000E+00 0.101E-06 0.497E-08 0.000E+00 0.000E+00
    43.0 0.000E+00 0.000E+00 0.000E+00 0.000E+00 0.000E+00 0.703E-13 0.921E-07 0.238E-08 0.000E+00 0.000E+00
    44.0 0.000E+00 0.000E+00 0.000E+00 0.000E+00 0.000E+00 0.886E-12 0.787E-07 0.707E-09 0.000E+00 0.000E+00
    45.0 0.000E+00 0.000E+00 0.000E+00 0.000E+00 0.000E+00 0.615E-11 0.639E-07 0.154E-09 0.000E+00 0.000E+00
    46.0 0.000E+00 0.000E+00 0.000E+00 0.000E+00 0.000E+00 0.270E-10 0.497E-07 0.000E+00 0.000E+00 0.000E+00
    47.0 0.000E+00 0.000E+00 0.000E+00 0.000E+00 0.000E+00 0.824E-10 0.374E-07 0.000E+00 0.000E+00 0.000E+00
    48.0 0.000E+00 0.000E+00 0.000E+00 0.000E+00 0.000E+00 0.186E-09 0.274E-07 0.000E+00 0.000E+00 0.000E+00
    49.0 0.000E+00 0.000E+00 0.000E+00 0.000E+00 0.000E+00 0.333E-09 0.196E-07 0.000E+00 0.000E+00 0.000E+00
    50.0 0.000E+00 0.000E+00 0.000E+00 0.000E+00 0.000E+00 0.495E-09 0.137E-07 0.000E+00 0.000E+00 0.000E+00
    51.0 0.000E+00 0.000E+00 0.000E+00 0.000E+00 0.000E+00 0.640E-09 0.945E-08 0.000E+00 0.000E+00 0.000E+00
    52.0 0.000E+00 0.000E+00 0.000E+00 0.000E+00 0.000E+00 0.741E-09 0.643E-08 0.000E+00 0.000E+00 0.000E+00
    53.0 0.000E+00 0.000E+00 0.000E+00 0.000E+00 0.000E+00 0.786E-09 0.432E-08 0.000E+00 0.000E+00 0.000E+00
    54.0 0.000E+00 0.000E+00 0.000E+00 0.000E+00 0.000E+00 0.779E-09 0.288E-08 0.000E+00 0.000E+00 0.000E+00
    55.0 0.000E+00 0.000E+00 0.000E+00 0.000E+00 0.400E-15 0.729E-09 0.190E-08 0.000E+00 0.000E+00 0.000E+00

  E*/MeV   183Po     184Po     185Po     186Po     187Po     188Po     189Po     190Po     191Po     192Po  
    40.0 0.000E+00 0.000E+00 0.000E+00 0.000E+00 0.000E+00 0.000E+00 0.171E-10 0.153E-06 0.142E-06 0.000E+00
    41.0 0.000E+00 0.000E+00 0.000E+00 0.000E+00 0.000E+00 0.000E+00 0.707E-10 0.126E-06 0.859E-07 0.000E+00
    42.0 0.000E+00 0.000E+00 0.000E+00 0.000E+00 0.000E+00 0.000E+00 0.240E-09 0.984E-07 0.513E-07 0.000E+00
    43.0 0.000E+00 0.000E+00 0.000E+00 0.000E+00 0.000E+00 0.000E+00 0.679E-09 0.743E-07 0.302E-07 0.000E+00
    44.0 0.000E+00 0.000E+00 0.000E+00 0.000E+00 0.000E+00 0.000E+00 0.162E-08 0.544E-07 0.172E-07 0.000E+00
    45.0 0.000E+00 0.000E+00 0.000E+00 0.000E+00 0.000E+00 0.000E+00 0.332E-08 0.389E-07 0.830E-08 0.000E+00
    46.0 0.000E+00 0.000E+00 0.000E+00 0.000E+00 0.000E+00 0.000E+00 0.591E-08 0.271E-07 0.114E-08 0.000E+00
    47.0 0.000E+00 0.000E+00 0.000E+00 0.000E+00 0.000E+00 0.000E+00 0.927E-08 0.186E-07 0.000E+00 0.000E+00
    48.0 0.000E+00 0.000E+00 0.000E+00 0.000E+00 0.000E+00 0.000E+00 0.130E-07 0.125E-07 0.000E+00 0.000E+00
    49.0 0.000E+00 0.000E+00 0.000E+00 0.000E+00 0.000E+00 0.554E-14 0.165E-07 0.835E-08 0.000E+00 0.000E+00
    50.0 0.000E+00 0.000E+00 0.000E+00 0.000E+00 0.000E+00 0.343E-13 0.193E-07 0.549E-08 0.000E+00 0.000E+00
    51.0 0.000E+00 0.000E+00 0.000E+00 0.000E+00 0.000E+00 0.162E-12 0.209E-07 0.356E-08 0.000E+00 0.000E+00
    52.0 0.000E+00 0.000E+00 0.000E+00 0.000E+00 0.000E+00 0.610E-12 0.213E-07 0.229E-08 0.000E+00 0.000E+00
    53.0 0.000E+00 0.000E+00 0.000E+00 0.000E+00 0.000E+00 0.188E-11 0.206E-07 0.143E-08 0.000E+00 0.000E+00
    54.0 0.000E+00 0.000E+00 0.000E+00 0.000E+00 0.000E+00 0.485E-11 0.190E-07 0.855E-09 0.000E+00 0.000E+00
    55.0 0.000E+00 0.000E+00 0.000E+00 0.000E+00 0.000E+00 0.107E-10 0.168E-07 0.334E-09 0.000E+00 0.000E+00

  E*/MeV   182Bi     183Bi     184Bi     185Bi     186Bi     187Bi     188Bi     189Bi     190Bi     191Bi  
    40.0 0.000E+00 0.000E+00 0.000E+00 0.000E+00 0.000E+00 0.667E-06 0.226E-05 0.345E-08 0.823E-05 0.387E-06
    41.0 0.000E+00 0.000E+00 0.000E+00 0.000E+00 0.000E+00 0.789E-06 0.151E-05 0.743E-08 0.821E-05 0.246E-06
    42.0 0.000E+00 0.000E+00 0.000E+00 0.000E+00 0.324E-11 0.848E-06 0.985E-06 0.305E-07 0.773E-05 0.155E-06
    43.0 0.000E+00 0.000E+00 0.000E+00 0.000E+00 0.146E-10 0.840E-06 0.634E-06 0.671E-07 0.692E-05 0.960E-07
    44.0 0.000E+00 0.000E+00 0.000E+00 0.000E+00 0.544E-10 0.776E-06 0.403E-06 0.117E-06 0.592E-05 0.589E-07
    45.0 0.000E+00 0.000E+00 0.000E+00 0.000E+00 0.174E-09 0.675E-06 0.253E-06 0.183E-06 0.488E-05 0.358E-07
    46.0 0.000E+00 0.000E+00 0.000E+00 0.000E+00 0.487E-09 0.560E-06 0.158E-06 0.259E-06 0.389E-05 0.215E-07
    47.0 0.000E+00 0.000E+00 0.000E+00 0.000E+00 0.121E-08 0.445E-06 0.971E-07 0.495E-06 0.301E-05 0.128E-07
    48.0 0.000E+00 0.000E+00 0.000E+00 0.000E+00 0.271E-08 0.342E-06 0.594E-07 0.637E-06 0.227E-05 0.734E-08
    49.0 0.000E+00 0.000E+00 0.000E+00 0.000E+00 0.546E-08 0.255E-06 0.360E-07 0.763E-06 0.168E-05 0.331E-08
    50.0 0.000E+00 0.000E+00 0.000E+00 0.000E+00 0.996E-08 0.186E-06 0.217E-07 0.857E-06 0.121E-05 0.239E-09
    51.0 0.000E+00 0.000E+00 0.000E+00 0.000E+00 0.165E-07 0.133E-06 0.130E-07 0.911E-06 0.864E-06 0.000E+00
    52.0 0.000E+00 0.000E+00 0.000E+00 0.000E+00 0.250E-07 0.930E-07 0.789E-08 0.920E-06 0.606E-06 0.000E+00
    53.0 0.000E+00 0.000E+00 0.000E+00 0.100E-12 0.347E-07 0.642E-07 0.499E-08 0.888E-06 0.420E-06 0.000E+00
    54.0 0.000E+00 0.000E+00 0.000E+00 0.415E-12 0.444E-07 0.438E-07 0.368E-08 0.822E-06 0.288E-06 0.000E+00
    55.0 0.000E+00 0.000E+00 0.000E+00 0.147E-11 0.528E-07 0.296E-07 0.317E-08 0.734E-06 0.196E-06 0.000E+00

  E*/MeV   181Pb     182Pb     183Pb     184Pb     185Pb     186Pb     187Pb     188Pb     189Pb     190Pb  
    40.0 0.000E+00 0.000E+00 0.000E+00 0.000E+00 0.000E+00 0.261E-08 0.737E-05 0.895E-06 0.101E-06 0.272E-05
    41.0 0.000E+00 0.000E+00 0.000E+00 0.000E+00 0.000E+00 0.633E-08 0.815E-05 0.583E-06 0.161E-06 0.252E-05
    42.0 0.000E+00 0.000E+00 0.000E+00 0.000E+00 0.000E+00 0.143E-07 0.848E-05 0.374E-06 0.246E-06 0.225E-05
    43.0 0.000E+00 0.000E+00 0.000E+00 0.000E+00 0.000E+00 0.297E-07 0.834E-05 0.237E-06 0.365E-06 0.193E-05
    44.0 0.000E+00 0.000E+00 0.000E+00 0.000E+00 0.000E+00 0.570E-07 0.778E-05 0.148E-06 0.519E-06 0.160E-05
    45.0 0.000E+00 0.000E+00 0.000E+00 0.000E+00 0.000E+00 0.101E-06 0.694E-05 0.914E-07 0.708E-06 0.129E-05
    46.0 0.000E+00 0.000E+00 0.000E+00 0.000E+00 0.160E-11 0.167E-06 0.594E-05 0.561E-07 0.924E-06 0.101E-05
    47.0 0.000E+00 0.000E+00 0.000E+00 0.000E+00 0.561E-11 0.254E-06 0.491E-05 0.344E-07 0.115E-05 0.772E-06
    48.0 0.000E+00 0.000E+00 0.000E+00 0.000E+00 0.168E-10 0.360E-06 0.392E-05 0.217E-07 0.137E-05 0.579E-06
    49.0 0.000E+00 0.000E+00 0.000E+00 0.000E+00 0.442E-10 0.477E-06 0.305E-05 0.150E-07 0.157E-05 0.426E-06
    50.0 0.000E+00 0.000E+00 0.000E+00 0.000E+00 0.103E-09 0.589E-06 0.232E-05 0.130E-07 0.171E-05 0.309E-06
    51.0 0.000E+00 0.000E+00 0.000E+00 0.000E+00 0.218E-09 0.685E-06 0.172E-05 0.149E-07 0.180E-05 0.220E-06
    52.0 0.000E+00 0.000E+00 0.000E+00 0.000E+00 0.421E-09 0.751E-06 0.126E-05 0.214E-07 0.182E-05 0.155E-06
    53.0 0.000E+00 0.000E+00 0.000E+00 0.000E+00 0.760E-09 0.782E-06 0.904E-06 0.331E-07 0.178E-05 0.108E-06
    54.0 0.000E+00 0.000E+00 0.000E+00 0.000E+00 0.131E-08 0.776E-06 0.640E-06 0.505E-07 0.168E-05 0.746E-07
    55.0 0.000E+00 0.000E+00 0.000E+00 0.000E+00 0.221E-08 0.738E-06 0.448E-06 0.738E-07 0.155E-05 0.510E-07

 Z-Verteilung  
 E*/MeV     Pb         Bi         Po         At  
   40.0  0.111E-04 0.116E-04 0.295E-06 0.106E-06
   41.0  0.114E-04 0.108E-04 0.211E-06 0.110E-06
   42.0  0.114E-04 0.975E-05 0.150E-06 0.106E-06
   43.0  0.109E-04 0.856E-05 0.105E-06 0.944E-07
   44.0  0.101E-04 0.728E-05 0.733E-07 0.794E-07
   45.0  0.913E-05 0.603E-05 0.505E-07 0.641E-07
   46.0  0.810E-05 0.489E-05 0.342E-07 0.498E-07
   47.0  0.712E-05 0.406E-05 0.279E-07 0.375E-07
   48.0  0.626E-05 0.332E-05 0.255E-07 0.276E-07
   49.0  0.554E-05 0.274E-05 0.248E-07 0.199E-07
   50.0  0.494E-05 0.229E-05 0.248E-07 0.142E-07
   51.0  0.444E-05 0.194E-05 0.245E-07 0.101E-07
   52.0  0.401E-05 0.165E-05 0.236E-07 0.717E-08
   53.0  0.361E-05 0.141E-05 0.220E-07 0.511E-08
   54.0  0.323E-05 0.120E-05 0.198E-07 0.366E-08
   55.0  0.286E-05 0.102E-05 0.172E-07 0.263E-08

 Z und A Mittelwerte    
   E*/MeV     MW.Z  St.Abw.Z      MW.A  St.Abw.A
    40.0     82.54      0.55    188.70      1.42
    41.0     82.51      0.55    188.63      1.45
    42.0     82.49      0.54    188.56      1.46
    43.0     82.46      0.54    188.49      1.47
    44.0     82.44      0.53    188.43      1.46
    45.0     82.41      0.52    188.38      1.45
    46.0     82.39      0.52    188.33      1.44
    47.0     82.38      0.51    188.31      1.41
    48.0     82.36      0.50    188.29      1.39
    49.0     82.34      0.50    188.28      1.36
    50.0     82.33      0.49    188.27      1.34
    51.0     82.31      0.48    188.26      1.33
    52.0     82.30      0.48    188.25      1.32
    53.0     82.29      0.47    188.23      1.32
    54.0     82.28      0.46    188.21      1.32
    55.0     82.27      0.46    188.19      1.32

 HIVAP  CASOUT

   90Zr 103Rh 193At IFUS10 barfac0.43 sigr3.0 09/11/2023 10:33 Sitarcik 


     E_lab  A*MeV   E*/MeV     SI_fus      SI_VR     SI_Spalt  L_krit     b_Spalt

   436.157    4.85    56.0  0.2426E+03  0.3376E-05  0.2425E+03    65.0       99.96
   438.031    4.87    57.0  0.2429E+03  0.2896E-05  0.2429E+03    65.0       99.97
   439.905    4.89    58.0  0.2430E+03  0.2469E-05  0.2429E+03    65.0       99.98
   441.779    4.91    59.0  0.2428E+03  0.2090E-05  0.2427E+03    65.0       99.99
   443.652    4.93    60.0  0.2424E+03  0.1768E-05  0.2424E+03    65.0       99.99
   445.526    4.95    61.0  0.2419E+03  0.1493E-05  0.2418E+03    65.0       99.99
   447.400    4.97    62.0  0.2412E+03  0.1265E-05  0.2412E+03    65.0       99.99
   449.274    4.99    63.0  0.2404E+03  0.1076E-05  0.2404E+03    65.0       99.99
   451.147    5.01    64.0  0.2396E+03  0.9195E-06  0.2396E+03    65.0      100.00
   453.021    5.03    65.0  0.2387E+03  0.7819E-06  0.2387E+03    65.0      100.00
   454.895    5.05    66.0  0.2378E+03  0.6752E-06  0.2378E+03    65.0      100.00
   456.769    5.08    67.0  0.2369E+03  0.5996E-06  0.2369E+03    65.0      100.00
   458.643    5.10    68.0  0.2360E+03  0.5318E-06  0.2360E+03    65.0      100.00
   460.516    5.12    69.0  0.2350E+03  0.4711E-06  0.2350E+03    65.0      100.00
   462.390    5.14    70.0  0.2341E+03  0.4160E-06  0.2341E+03    65.0      100.00
   464.264    5.16    71.0  0.2331E+03  0.3667E-06  0.2331E+03    65.0      100.00

     Querschnitte / mbarn

  E*/MeV   184At     185At     186At     187At     188At     189At     190At     191At     192At     193At  
    56.0 0.000E+00 0.000E+00 0.000E+00 0.000E+00 0.447E-14 0.652E-09 0.125E-08 0.000E+00 0.000E+00 0.000E+00
    57.0 0.000E+00 0.000E+00 0.000E+00 0.000E+00 0.327E-13 0.560E-09 0.812E-09 0.000E+00 0.000E+00 0.000E+00
    58.0 0.000E+00 0.000E+00 0.000E+00 0.000E+00 0.169E-12 0.466E-09 0.524E-09 0.000E+00 0.000E+00 0.000E+00
    59.0 0.000E+00 0.000E+00 0.000E+00 0.000E+00 0.649E-12 0.377E-09 0.336E-09 0.000E+00 0.000E+00 0.000E+00
    60.0 0.000E+00 0.000E+00 0.000E+00 0.000E+00 0.194E-11 0.298E-09 0.210E-09 0.000E+00 0.000E+00 0.000E+00
    61.0 0.000E+00 0.000E+00 0.000E+00 0.000E+00 0.468E-11 0.231E-09 0.118E-09 0.000E+00 0.000E+00 0.000E+00
    62.0 0.000E+00 0.000E+00 0.000E+00 0.000E+00 0.936E-11 0.176E-09 0.125E-10 0.000E+00 0.000E+00 0.000E+00
    63.0 0.000E+00 0.000E+00 0.000E+00 0.000E+00 0.161E-10 0.132E-09 0.000E+00 0.000E+00 0.000E+00 0.000E+00
    64.0 0.000E+00 0.000E+00 0.000E+00 0.000E+00 0.243E-10 0.977E-10 0.000E+00 0.000E+00 0.000E+00 0.000E+00
    65.0 0.000E+00 0.000E+00 0.000E+00 0.000E+00 0.332E-10 0.715E-10 0.000E+00 0.000E+00 0.000E+00 0.000E+00
    66.0 0.000E+00 0.000E+00 0.000E+00 0.000E+00 0.416E-10 0.518E-10 0.000E+00 0.000E+00 0.000E+00 0.000E+00
    67.0 0.000E+00 0.000E+00 0.000E+00 0.279E-16 0.484E-10 0.371E-10 0.000E+00 0.000E+00 0.000E+00 0.000E+00
    68.0 0.000E+00 0.000E+00 0.000E+00 0.187E-15 0.532E-10 0.264E-10 0.000E+00 0.000E+00 0.000E+00 0.000E+00
    69.0 0.000E+00 0.000E+00 0.000E+00 0.905E-15 0.555E-10 0.185E-10 0.000E+00 0.000E+00 0.000E+00 0.000E+00
    70.0 0.000E+00 0.000E+00 0.000E+00 0.332E-14 0.555E-10 0.129E-10 0.000E+00 0.000E+00 0.000E+00 0.000E+00
    71.0 0.000E+00 0.000E+00 0.000E+00 0.962E-14 0.534E-10 0.858E-11 0.000E+00 0.000E+00 0.000E+00 0.000E+00

  E*/MeV   183Po     184Po     185Po     186Po     187Po     188Po     189Po     190Po     191Po     192Po  
    56.0 0.000E+00 0.000E+00 0.000E+00 0.000E+00 0.000E+00 0.207E-10 0.144E-07 0.157E-10 0.000E+00 0.000E+00
    57.0 0.000E+00 0.000E+00 0.000E+00 0.000E+00 0.000E+00 0.353E-10 0.120E-07 0.000E+00 0.000E+00 0.000E+00
    58.0 0.000E+00 0.000E+00 0.000E+00 0.000E+00 0.000E+00 0.543E-10 0.972E-08 0.000E+00 0.000E+00 0.000E+00
    59.0 0.000E+00 0.000E+00 0.000E+00 0.000E+00 0.000E+00 0.761E-10 0.771E-08 0.000E+00 0.000E+00 0.000E+00
    60.0 0.000E+00 0.000E+00 0.000E+00 0.000E+00 0.000E+00 0.986E-10 0.600E-08 0.000E+00 0.000E+00 0.000E+00
    61.0 0.000E+00 0.000E+00 0.000E+00 0.000E+00 0.000E+00 0.119E-09 0.459E-08 0.000E+00 0.000E+00 0.000E+00
    62.0 0.000E+00 0.000E+00 0.000E+00 0.000E+00 0.900E-15 0.135E-09 0.346E-08 0.000E+00 0.000E+00 0.000E+00
    63.0 0.000E+00 0.000E+00 0.000E+00 0.000E+00 0.404E-14 0.146E-09 0.258E-08 0.000E+00 0.000E+00 0.000E+00
    64.0 0.000E+00 0.000E+00 0.000E+00 0.000E+00 0.153E-13 0.150E-09 0.189E-08 0.000E+00 0.000E+00 0.000E+00
    65.0 0.000E+00 0.000E+00 0.000E+00 0.000E+00 0.501E-13 0.148E-09 0.138E-08 0.000E+00 0.000E+00 0.000E+00
    66.0 0.000E+00 0.000E+00 0.000E+00 0.000E+00 0.142E-12 0.141E-09 0.995E-09 0.000E+00 0.000E+00 0.000E+00
    67.0 0.000E+00 0.000E+00 0.000E+00 0.000E+00 0.353E-12 0.130E-09 0.712E-09 0.000E+00 0.000E+00 0.000E+00
    68.0 0.000E+00 0.000E+00 0.000E+00 0.000E+00 0.778E-12 0.117E-09 0.505E-09 0.000E+00 0.000E+00 0.000E+00
    69.0 0.000E+00 0.000E+00 0.000E+00 0.000E+00 0.154E-11 0.103E-09 0.353E-09 0.000E+00 0.000E+00 0.000E+00
    70.0 0.000E+00 0.000E+00 0.000E+00 0.000E+00 0.276E-11 0.881E-10 0.245E-09 0.000E+00 0.000E+00 0.000E+00
    71.0 0.000E+00 0.000E+00 0.000E+00 0.000E+00 0.454E-11 0.742E-10 0.168E-09 0.000E+00 0.000E+00 0.000E+00

  E*/MeV   182Bi     183Bi     184Bi     185Bi     186Bi     187Bi     188Bi     189Bi     190Bi     191Bi  
    56.0 0.000E+00 0.000E+00 0.000E+00 0.454E-11 0.586E-07 0.198E-07 0.482E-08 0.636E-06 0.132E-06 0.000E+00
    57.0 0.000E+00 0.000E+00 0.000E+00 0.124E-10 0.614E-07 0.131E-07 0.809E-08 0.532E-06 0.883E-07 0.000E+00
    58.0 0.000E+00 0.000E+00 0.000E+00 0.305E-10 0.610E-07 0.865E-08 0.132E-07 0.436E-06 0.587E-07 0.000E+00
    59.0 0.000E+00 0.000E+00 0.000E+00 0.672E-10 0.579E-07 0.567E-08 0.202E-07 0.347E-06 0.387E-07 0.000E+00
    60.0 0.000E+00 0.000E+00 0.000E+00 0.134E-09 0.528E-07 0.370E-08 0.290E-07 0.271E-06 0.254E-07 0.000E+00
    61.0 0.000E+00 0.000E+00 0.000E+00 0.242E-09 0.465E-07 0.241E-08 0.391E-07 0.202E-06 0.165E-07 0.000E+00
    62.0 0.000E+00 0.000E+00 0.000E+00 0.399E-09 0.398E-07 0.156E-08 0.498E-07 0.146E-06 0.107E-07 0.000E+00
    63.0 0.000E+00 0.000E+00 0.000E+00 0.604E-09 0.331E-07 0.101E-08 0.602E-07 0.983E-07 0.681E-08 0.000E+00
    64.0 0.000E+00 0.000E+00 0.000E+00 0.845E-09 0.270E-07 0.661E-09 0.693E-07 0.589E-07 0.429E-08 0.000E+00
    65.0 0.000E+00 0.000E+00 0.000E+00 0.110E-08 0.215E-07 0.442E-09 0.764E-07 0.208E-07 0.260E-08 0.000E+00
    66.0 0.000E+00 0.000E+00 0.000E+00 0.134E-08 0.169E-07 0.319E-09 0.807E-07 0.000E+00 0.144E-08 0.000E+00
    67.0 0.000E+00 0.000E+00 0.130E-13 0.154E-08 0.130E-07 0.315E-09 0.823E-07 0.000E+00 0.640E-09 0.000E+00
    68.0 0.000E+00 0.000E+00 0.432E-13 0.168E-08 0.992E-08 0.421E-09 0.812E-07 0.000E+00 0.000E+00 0.000E+00
    69.0 0.000E+00 0.000E+00 0.128E-12 0.176E-08 0.746E-08 0.651E-09 0.776E-07 0.000E+00 0.000E+00 0.000E+00
    70.0 0.000E+00 0.000E+00 0.345E-12 0.177E-08 0.555E-08 0.949E-09 0.722E-07 0.000E+00 0.000E+00 0.000E+00
    71.0 0.000E+00 0.000E+00 0.842E-12 0.171E-08 0.409E-08 0.135E-08 0.656E-07 0.000E+00 0.000E+00 0.000E+00

  E*/MeV   181Pb     182Pb     183Pb     184Pb     185Pb     186Pb     187Pb     188Pb     189Pb     190Pb  
    56.0 0.000E+00 0.000E+00 0.000E+00 0.000E+00 0.367E-08 0.676E-06 0.310E-06 0.102E-06 0.138E-05 0.346E-07
    57.0 0.000E+00 0.000E+00 0.000E+00 0.000E+00 0.600E-08 0.599E-06 0.213E-06 0.134E-06 0.120E-05 0.233E-07
    58.0 0.000E+00 0.000E+00 0.000E+00 0.000E+00 0.959E-08 0.515E-06 0.145E-06 0.169E-06 0.103E-05 0.155E-07
    59.0 0.000E+00 0.000E+00 0.000E+00 0.124E-12 0.148E-07 0.431E-06 0.979E-07 0.202E-06 0.857E-06 0.103E-07
    60.0 0.000E+00 0.000E+00 0.000E+00 0.346E-12 0.220E-07 0.353E-06 0.659E-07 0.231E-06 0.701E-06 0.677E-08
    61.0 0.000E+00 0.000E+00 0.000E+00 0.903E-12 0.312E-07 0.283E-06 0.442E-07 0.254E-06 0.564E-06 0.442E-08
    62.0 0.000E+00 0.000E+00 0.000E+00 0.225E-11 0.421E-07 0.222E-06 0.298E-07 0.270E-06 0.447E-06 0.286E-08
    63.0 0.000E+00 0.000E+00 0.000E+00 0.536E-11 0.540E-07 0.172E-06 0.205E-07 0.276E-06 0.349E-06 0.183E-08
    64.0 0.000E+00 0.000E+00 0.000E+00 0.123E-10 0.661E-07 0.131E-06 0.147E-07 0.274E-06 0.269E-06 0.115E-08
    65.0 0.000E+00 0.000E+00 0.000E+00 0.268E-10 0.772E-07 0.985E-07 0.116E-07 0.264E-06 0.205E-06 0.701E-09
    66.0 0.000E+00 0.000E+00 0.000E+00 0.557E-10 0.864E-07 0.733E-07 0.105E-07 0.248E-06 0.155E-06 0.410E-09
    67.0 0.000E+00 0.000E+00 0.000E+00 0.109E-09 0.930E-07 0.539E-07 0.111E-07 0.227E-06 0.115E-06 0.211E-09
    68.0 0.000E+00 0.000E+00 0.000E+00 0.203E-09 0.964E-07 0.392E-07 0.132E-07 0.203E-06 0.854E-07 0.137E-10
    69.0 0.000E+00 0.000E+00 0.000E+00 0.353E-09 0.966E-07 0.284E-07 0.166E-07 0.179E-06 0.626E-07 0.000E+00
    70.0 0.000E+00 0.000E+00 0.000E+00 0.579E-09 0.939E-07 0.204E-07 0.211E-07 0.154E-06 0.456E-07 0.000E+00
    71.0 0.000E+00 0.000E+00 0.171E-13 0.895E-09 0.888E-07 0.145E-07 0.265E-07 0.130E-06 0.329E-07 0.000E+00

 Z-Verteilung  
 E*/MeV     Pb         Bi         Po         At  
   56.0  0.251E-05 0.851E-06 0.144E-07 0.190E-08
   57.0  0.218E-05 0.703E-06 0.120E-07 0.137E-08
   58.0  0.188E-05 0.578E-06 0.978E-08 0.990E-09
   59.0  0.161E-05 0.469E-06 0.779E-08 0.714E-09
   60.0  0.138E-05 0.382E-06 0.610E-08 0.511E-09
   61.0  0.118E-05 0.307E-06 0.471E-08 0.354E-09
   62.0  0.101E-05 0.248E-06 0.360E-08 0.198E-09
   63.0  0.873E-06 0.200E-06 0.272E-08 0.148E-09
   64.0  0.756E-06 0.161E-06 0.204E-08 0.122E-09
   65.0  0.657E-06 0.123E-06 0.153E-08 0.105E-09
   66.0  0.573E-06 0.101E-06 0.114E-08 0.933E-10
   67.0  0.501E-06 0.979E-07 0.842E-09 0.856E-10
   68.0  0.438E-06 0.932E-07 0.623E-09 0.796E-10
   69.0  0.383E-06 0.875E-07 0.457E-09 0.740E-10
   70.0  0.335E-06 0.805E-07 0.336E-09 0.684E-10
   71.0  0.294E-06 0.727E-07 0.247E-09 0.620E-10

 Z und A Mittelwerte    
   E*/MeV     MW.Z  St.Abw.Z      MW.A  St.Abw.A
    56.0     82.26      0.45    188.17      1.32
    57.0     82.25      0.45    188.14      1.32
    58.0     82.24      0.44    188.12      1.32
    59.0     82.23      0.43    188.09      1.31
    60.0     82.22      0.43    188.05      1.30
    61.0     82.21      0.42    188.01      1.29
    62.0     82.20      0.41    187.95      1.29
    63.0     82.19      0.40    187.88      1.29
    64.0     82.18      0.39    187.79      1.30
    65.0     82.16      0.37    187.68      1.32
    66.0     82.15      0.37    187.56      1.33
    67.0     82.17      0.38    187.48      1.35
    68.0     82.18      0.39    187.40      1.36
    69.0     82.19      0.39    187.32      1.38
    70.0     82.20      0.40    187.24      1.39
    71.0     82.20      0.40    187.16      1.39

 HIVAP  CASOUT

   90Zr 103Rh 193At IFUS10 barfac0.43 sigr3.0 09/11/2023 10:33 Sitarcik 


     E_lab  A*MeV   E*/MeV     SI_fus      SI_VR     SI_Spalt  L_krit     b_Spalt

   466.138    5.18    72.0  0.2322E+03  0.3225E-06  0.2322E+03    65.0       99.99
   468.012    5.20    73.0  0.2313E+03  0.2836E-06  0.2312E+03    65.0       99.99
   469.885    5.22    74.0  0.2303E+03  0.2492E-06  0.2303E+03    65.0       99.99
   471.759    5.24    75.0  0.2294E+03  0.2194E-06  0.2294E+03    65.0       99.99
   473.633    5.26    76.0  0.2285E+03  0.1925E-06  0.2285E+03    65.0       99.99
   475.507    5.28    77.0  0.2276E+03  0.1681E-06  0.2276E+03    65.0       99.99
   477.380    5.30    78.0  0.2267E+03  0.1463E-06  0.2267E+03    65.0       99.99
   479.254    5.33    79.0  0.2258E+03  0.1275E-06  0.2258E+03    65.0       99.99
   481.128    5.35    80.0  0.2250E+03  0.1105E-06  0.2249E+03    65.0       99.99
   483.002    5.37    81.0  0.2241E+03  0.9552E-07  0.2241E+03    65.0       99.99
   484.876    5.39    82.0  0.2232E+03  0.8307E-07  0.2232E+03    65.0       99.99
   486.749    5.41    83.0  0.2224E+03  0.7317E-07  0.2223E+03    65.0       99.99
   488.623    5.43    84.0  0.2215E+03  0.6520E-07  0.2215E+03    65.0       99.99
   490.497    5.45    85.0  0.2207E+03  0.5816E-07  0.2206E+03    65.0       99.98
   492.371    5.47    86.0  0.2198E+03  0.5597E-07  0.2198E+03    65.0       99.98
   494.245    5.49    87.0  0.2190E+03  0.4874E-07  0.2189E+03    65.0       99.98

     Querschnitte / mbarn

  E*/MeV   184At     185At     186At     187At     188At     189At     190At     191At     192At     193At  
    72.0 0.000E+00 0.000E+00 0.000E+00 0.229E-13 0.497E-10 0.527E-11 0.000E+00 0.000E+00 0.000E+00 0.000E+00
    73.0 0.000E+00 0.000E+00 0.000E+00 0.462E-13 0.451E-10 0.274E-11 0.000E+00 0.000E+00 0.000E+00 0.000E+00
    74.0 0.000E+00 0.000E+00 0.000E+00 0.816E-13 0.398E-10 0.971E-12 0.000E+00 0.000E+00 0.000E+00 0.000E+00
    75.0 0.000E+00 0.000E+00 0.000E+00 0.129E-12 0.344E-10 0.144E-12 0.000E+00 0.000E+00 0.000E+00 0.000E+00
    76.0 0.000E+00 0.000E+00 0.000E+00 0.186E-12 0.292E-10 0.000E+00 0.000E+00 0.000E+00 0.000E+00 0.000E+00
    77.0 0.000E+00 0.000E+00 0.000E+00 0.249E-12 0.244E-10 0.000E+00 0.000E+00 0.000E+00 0.000E+00 0.000E+00
    78.0 0.000E+00 0.000E+00 0.000E+00 0.311E-12 0.200E-10 0.000E+00 0.000E+00 0.000E+00 0.000E+00 0.000E+00
    79.0 0.000E+00 0.000E+00 0.000E+00 0.368E-12 0.162E-10 0.000E+00 0.000E+00 0.000E+00 0.000E+00 0.000E+00
    80.0 0.000E+00 0.000E+00 0.000E+00 0.414E-12 0.130E-10 0.000E+00 0.000E+00 0.000E+00 0.000E+00 0.000E+00
    81.0 0.000E+00 0.000E+00 0.310E-17 0.447E-12 0.103E-10 0.000E+00 0.000E+00 0.000E+00 0.000E+00 0.000E+00
    82.0 0.000E+00 0.000E+00 0.144E-16 0.466E-12 0.807E-11 0.000E+00 0.000E+00 0.000E+00 0.000E+00 0.000E+00
    83.0 0.000E+00 0.000E+00 0.545E-16 0.469E-12 0.628E-11 0.000E+00 0.000E+00 0.000E+00 0.000E+00 0.000E+00
    84.0 0.000E+00 0.000E+00 0.171E-15 0.460E-12 0.484E-11 0.000E+00 0.000E+00 0.000E+00 0.000E+00 0.000E+00
    85.0 0.000E+00 0.000E+00 0.455E-15 0.439E-12 0.371E-11 0.000E+00 0.000E+00 0.000E+00 0.000E+00 0.000E+00
    86.0 0.000E+00 0.000E+00 0.105E-14 0.410E-12 0.281E-11 0.000E+00 0.000E+00 0.000E+00 0.000E+00 0.000E+00
    87.0 0.000E+00 0.000E+00 0.215E-14 0.375E-12 0.213E-11 0.000E+00 0.000E+00 0.000E+00 0.000E+00 0.000E+00

  E*/MeV   183Po     184Po     185Po     186Po     187Po     188Po     189Po     190Po     191Po     192Po  
    72.0 0.000E+00 0.000E+00 0.000E+00 0.000E+00 0.689E-11 0.613E-10 0.107E-09 0.000E+00 0.000E+00 0.000E+00
    73.0 0.000E+00 0.000E+00 0.000E+00 0.000E+00 0.974E-11 0.499E-10 0.661E-10 0.000E+00 0.000E+00 0.000E+00
    74.0 0.000E+00 0.000E+00 0.000E+00 0.189E-16 0.129E-10 0.401E-10 0.253E-10 0.000E+00 0.000E+00 0.000E+00
    75.0 0.000E+00 0.000E+00 0.000E+00 0.720E-16 0.162E-10 0.318E-10 0.112E-10 0.000E+00 0.000E+00 0.000E+00
    76.0 0.000E+00 0.000E+00 0.000E+00 0.235E-15 0.194E-10 0.249E-10 0.000E+00 0.000E+00 0.000E+00 0.000E+00
    77.0 0.000E+00 0.000E+00 0.000E+00 0.668E-15 0.221E-10 0.193E-10 0.000E+00 0.000E+00 0.000E+00 0.000E+00
    78.0 0.000E+00 0.000E+00 0.000E+00 0.167E-14 0.243E-10 0.148E-10 0.000E+00 0.000E+00 0.000E+00 0.000E+00
    79.0 0.000E+00 0.000E+00 0.000E+00 0.373E-14 0.258E-10 0.112E-10 0.000E+00 0.000E+00 0.000E+00 0.000E+00
    80.0 0.000E+00 0.000E+00 0.000E+00 0.752E-14 0.264E-10 0.834E-11 0.000E+00 0.000E+00 0.000E+00 0.000E+00
    81.0 0.000E+00 0.000E+00 0.000E+00 0.138E-13 0.264E-10 0.613E-11 0.000E+00 0.000E+00 0.000E+00 0.000E+00
    82.0 0.000E+00 0.000E+00 0.000E+00 0.235E-13 0.256E-10 0.428E-11 0.000E+00 0.000E+00 0.000E+00 0.000E+00
    83.0 0.000E+00 0.000E+00 0.000E+00 0.369E-13 0.243E-10 0.257E-11 0.000E+00 0.000E+00 0.000E+00 0.000E+00
    84.0 0.000E+00 0.000E+00 0.000E+00 0.545E-13 0.226E-10 0.110E-11 0.000E+00 0.000E+00 0.000E+00 0.000E+00
    85.0 0.000E+00 0.000E+00 0.000E+00 0.759E-13 0.206E-10 0.124E-12 0.000E+00 0.000E+00 0.000E+00 0.000E+00
    86.0 0.000E+00 0.000E+00 0.000E+00 0.100E-12 0.185E-10 0.000E+00 0.000E+00 0.000E+00 0.000E+00 0.000E+00
    87.0 0.000E+00 0.000E+00 0.000E+00 0.126E-12 0.163E-10 0.000E+00 0.000E+00 0.000E+00 0.000E+00 0.000E+00

  E*/MeV   182Bi     183Bi     184Bi     185Bi     186Bi     187Bi     188Bi     189Bi     190Bi     191Bi  
    72.0 0.000E+00 0.000E+00 0.188E-11 0.161E-08 0.299E-08 0.181E-08 0.580E-07 0.000E+00 0.000E+00 0.000E+00
    73.0 0.000E+00 0.000E+00 0.384E-11 0.147E-08 0.217E-08 0.234E-08 0.505E-07 0.000E+00 0.000E+00 0.000E+00
    74.0 0.000E+00 0.000E+00 0.724E-11 0.131E-08 0.157E-08 0.283E-08 0.428E-07 0.000E+00 0.000E+00 0.000E+00
    75.0 0.000E+00 0.000E+00 0.126E-10 0.114E-08 0.112E-08 0.331E-08 0.360E-07 0.000E+00 0.000E+00 0.000E+00
    76.0 0.000E+00 0.000E+00 0.204E-10 0.972E-09 0.800E-09 0.371E-08 0.293E-07 0.000E+00 0.000E+00 0.000E+00
    77.0 0.000E+00 0.000E+00 0.309E-10 0.816E-09 0.568E-09 0.401E-08 0.237E-07 0.000E+00 0.000E+00 0.000E+00
    78.0 0.000E+00 0.000E+00 0.440E-10 0.674E-09 0.403E-09 0.420E-08 0.189E-07 0.000E+00 0.000E+00 0.000E+00
    79.0 0.000E+00 0.000E+00 0.590E-10 0.549E-09 0.287E-09 0.429E-08 0.142E-07 0.000E+00 0.000E+00 0.000E+00
    80.0 0.000E+00 0.188E-14 0.750E-10 0.442E-09 0.208E-09 0.424E-08 0.992E-08 0.000E+00 0.000E+00 0.000E+00
    81.0 0.000E+00 0.521E-14 0.910E-10 0.351E-09 0.157E-09 0.410E-08 0.678E-08 0.000E+00 0.000E+00 0.000E+00
    82.0 0.000E+00 0.131E-13 0.106E-09 0.277E-09 0.128E-09 0.383E-08 0.269E-08 0.000E+00 0.000E+00 0.000E+00
    83.0 0.000E+00 0.303E-13 0.118E-09 0.216E-09 0.117E-09 0.353E-08 0.977E-09 0.000E+00 0.000E+00 0.000E+00
    84.0 0.000E+00 0.642E-13 0.128E-09 0.167E-09 0.122E-09 0.320E-08 0.000E+00 0.000E+00 0.000E+00 0.000E+00
    85.0 0.000E+00 0.126E-12 0.133E-09 0.128E-09 0.141E-09 0.283E-08 0.000E+00 0.000E+00 0.000E+00 0.000E+00
    86.0 0.000E+00 0.229E-12 0.135E-09 0.974E-10 0.172E-09 0.246E-08 0.000E+00 0.000E+00 0.000E+00 0.000E+00
    87.0 0.000E+00 0.389E-12 0.134E-09 0.738E-10 0.214E-09 0.212E-08 0.000E+00 0.000E+00 0.000E+00 0.000E+00

  E*/MeV   181Pb     182Pb     183Pb     184Pb     185Pb     186Pb     187Pb     188Pb     189Pb     190Pb  
    72.0 0.000E+00 0.000E+00 0.475E-13 0.131E-08 0.819E-07 0.103E-07 0.324E-07 0.108E-06 0.236E-07 0.000E+00
    73.0 0.000E+00 0.000E+00 0.119E-12 0.181E-08 0.737E-07 0.726E-08 0.386E-07 0.889E-07 0.168E-07 0.000E+00
    74.0 0.000E+00 0.000E+00 0.273E-12 0.238E-08 0.651E-07 0.512E-08 0.445E-07 0.716E-07 0.119E-07 0.000E+00
    75.0 0.000E+00 0.000E+00 0.575E-12 0.300E-08 0.563E-07 0.363E-08 0.498E-07 0.567E-07 0.836E-08 0.000E+00
    76.0 0.000E+00 0.000E+00 0.113E-11 0.360E-08 0.479E-07 0.264E-08 0.541E-07 0.435E-07 0.584E-08 0.000E+00
    77.0 0.000E+00 0.000E+00 0.208E-11 0.416E-08 0.401E-07 0.201E-08 0.573E-07 0.313E-07 0.405E-08 0.000E+00
    78.0 0.000E+00 0.000E+00 0.368E-11 0.464E-08 0.332E-07 0.167E-08 0.590E-07 0.207E-07 0.279E-08 0.000E+00
    79.0 0.000E+00 0.000E+00 0.629E-11 0.499E-08 0.270E-07 0.157E-08 0.594E-07 0.132E-07 0.191E-08 0.000E+00
    80.0 0.000E+00 0.000E+00 0.105E-10 0.521E-08 0.218E-07 0.165E-08 0.584E-07 0.722E-08 0.129E-08 0.000E+00
    81.0 0.000E+00 0.000E+00 0.170E-10 0.528E-08 0.174E-07 0.189E-08 0.562E-07 0.233E-08 0.870E-09 0.000E+00
    82.0 0.000E+00 0.000E+00 0.271E-10 0.522E-08 0.137E-07 0.226E-08 0.531E-07 0.107E-08 0.573E-09 0.000E+00
    83.0 0.000E+00 0.000E+00 0.420E-10 0.504E-08 0.107E-07 0.273E-08 0.493E-07 0.000E+00 0.361E-09 0.000E+00
    84.0 0.000E+00 0.000E+00 0.632E-10 0.476E-08 0.833E-08 0.325E-08 0.449E-07 0.000E+00 0.222E-09 0.000E+00
    85.0 0.000E+00 0.000E+00 0.922E-10 0.441E-08 0.642E-08 0.380E-08 0.401E-07 0.000E+00 0.122E-09 0.000E+00
    86.0 0.000E+00 0.815E-14 0.126E-09 0.412E-08 0.541E-08 0.428E-08 0.391E-07 0.000E+00 0.370E-10 0.000E+00
    87.0 0.000E+00 0.167E-13 0.171E-09 0.370E-08 0.413E-08 0.480E-08 0.334E-07 0.000E+00 0.000E+00 0.000E+00

 Z-Verteilung  
 E*/MeV     Pb         Bi         Po         At  
   72.0  0.258E-06 0.645E-07 0.175E-09 0.550E-10
   73.0  0.227E-06 0.564E-07 0.126E-09 0.479E-10
   74.0  0.201E-06 0.486E-07 0.783E-10 0.409E-10
   75.0  0.178E-06 0.416E-07 0.592E-10 0.347E-10
   76.0  0.158E-06 0.348E-07 0.443E-10 0.294E-10
   77.0  0.139E-06 0.291E-07 0.414E-10 0.246E-10
   78.0  0.122E-06 0.242E-07 0.391E-10 0.203E-10
   79.0  0.108E-06 0.194E-07 0.370E-10 0.166E-10
   80.0  0.956E-07 0.149E-07 0.348E-10 0.134E-10
   81.0  0.840E-07 0.115E-07 0.325E-10 0.107E-10
   82.0  0.760E-07 0.703E-08 0.299E-10 0.854E-11
   83.0  0.682E-07 0.496E-08 0.269E-10 0.675E-11
   84.0  0.615E-07 0.362E-08 0.238E-10 0.530E-11
   85.0  0.549E-07 0.323E-08 0.208E-10 0.415E-11
   86.0  0.531E-07 0.286E-08 0.186E-10 0.322E-11
   87.0  0.462E-07 0.254E-08 0.164E-10 0.250E-11

 Z und A Mittelwerte    
   E*/MeV     MW.Z  St.Abw.Z      MW.A  St.Abw.A
    72.0     82.20      0.40    187.09      1.38
    73.0     82.20      0.40    187.03      1.37
    74.0     82.20      0.40    186.97      1.35
    75.0     82.19      0.39    186.91      1.33
    76.0     82.18      0.39    186.86      1.30
    77.0     82.17      0.38    186.80      1.26
    78.0     82.17      0.37    186.74      1.23
    79.0     82.15      0.36    186.68      1.19
    80.0     82.14      0.34    186.62      1.14
    81.0     82.12      0.33    186.55      1.10
    82.0     82.09      0.28    186.50      1.05
    83.0     82.07      0.26    186.47      1.02
    84.0     82.06      0.23    186.47      1.00
    85.0     82.06      0.23    186.47      0.99
    86.0     82.05      0.22    186.49      0.97
    87.0     82.05      0.23    186.47      0.97

 HIVAP  CASOUT

   90Zr 103Rh 193At IFUS10 barfac0.43 sigr3.0 09/11/2023 10:33 Sitarcik 


     E_lab  A*MeV   E*/MeV     SI_fus      SI_VR     SI_Spalt  L_krit     b_Spalt

   496.118    5.51    88.0  0.2182E+03  0.4113E-07  0.2181E+03    65.0       99.98
   497.992    5.53    89.0  0.2173E+03  0.3253E-07  0.2173E+03    65.0       99.98
   499.866    5.55    90.0  0.2165E+03  0.2310E-07  0.2165E+03    65.0       99.98
   501.740    5.57    91.0  0.2157E+03  0.1575E-07  0.2157E+03    65.0       99.98

     Querschnitte / mbarn

  E*/MeV   184At     185At     186At     187At     188At     189At     190At     191At     192At     193At  
    88.0 0.000E+00 0.000E+00 0.395E-14 0.337E-12 0.159E-11 0.000E+00 0.000E+00 0.000E+00 0.000E+00 0.000E+00
    89.0 0.000E+00 0.000E+00 0.662E-14 0.297E-12 0.117E-11 0.000E+00 0.000E+00 0.000E+00 0.000E+00 0.000E+00
    90.0 0.000E+00 0.000E+00 0.103E-13 0.259E-12 0.847E-12 0.000E+00 0.000E+00 0.000E+00 0.000E+00 0.000E+00
    91.0 0.000E+00 0.000E+00 0.148E-13 0.222E-12 0.589E-12 0.000E+00 0.000E+00 0.000E+00 0.000E+00 0.000E+00

  E*/MeV   183Po     184Po     185Po     186Po     187Po     188Po     189Po     190Po     191Po     192Po  
    88.0 0.000E+00 0.000E+00 0.403E-17 0.153E-12 0.142E-10 0.000E+00 0.000E+00 0.000E+00 0.000E+00 0.000E+00
    89.0 0.000E+00 0.000E+00 0.127E-16 0.177E-12 0.122E-10 0.000E+00 0.000E+00 0.000E+00 0.000E+00 0.000E+00
    90.0 0.000E+00 0.000E+00 0.358E-16 0.199E-12 0.103E-10 0.000E+00 0.000E+00 0.000E+00 0.000E+00 0.000E+00
    91.0 0.000E+00 0.000E+00 0.908E-16 0.217E-12 0.865E-11 0.000E+00 0.000E+00 0.000E+00 0.000E+00 0.000E+00

  E*/MeV   182Bi     183Bi     184Bi     185Bi     186Bi     187Bi     188Bi     189Bi     190Bi     191Bi  
    88.0 0.000E+00 0.618E-12 0.129E-09 0.555E-10 0.262E-09 0.178E-08 0.000E+00 0.000E+00 0.000E+00 0.000E+00
    89.0 0.000E+00 0.925E-12 0.122E-09 0.415E-10 0.311E-09 0.147E-08 0.000E+00 0.000E+00 0.000E+00 0.000E+00
    90.0 0.000E+00 0.131E-11 0.113E-09 0.310E-10 0.361E-09 0.111E-08 0.000E+00 0.000E+00 0.000E+00 0.000E+00
    91.0 0.000E+00 0.176E-11 0.103E-09 0.231E-10 0.407E-09 0.783E-09 0.000E+00 0.000E+00 0.000E+00 0.000E+00

  E*/MeV   181Pb     182Pb     183Pb     184Pb     185Pb     186Pb     187Pb     188Pb     189Pb     190Pb  
    88.0 0.000E+00 0.328E-13 0.225E-09 0.327E-08 0.313E-08 0.525E-08 0.270E-07 0.000E+00 0.000E+00 0.000E+00
    89.0 0.000E+00 0.625E-13 0.286E-09 0.285E-08 0.236E-08 0.560E-08 0.195E-07 0.000E+00 0.000E+00 0.000E+00
    90.0 0.000E+00 0.116E-12 0.352E-09 0.245E-08 0.178E-08 0.584E-08 0.110E-07 0.000E+00 0.000E+00 0.000E+00
    91.0 0.000E+00 0.210E-12 0.419E-09 0.208E-08 0.135E-08 0.597E-08 0.460E-08 0.000E+00 0.000E+00 0.000E+00

 Z-Verteilung  
 E*/MeV     Pb         Bi         Po         At  
   88.0  0.389E-07 0.223E-08 0.143E-10 0.193E-11
   89.0  0.306E-07 0.195E-08 0.123E-10 0.148E-11
   90.0  0.215E-07 0.162E-08 0.105E-10 0.112E-11
   91.0  0.144E-07 0.132E-08 0.887E-11 0.826E-12

 Z und A Mittelwerte    
   E*/MeV     MW.Z  St.Abw.Z      MW.A  St.Abw.A
    88.0     82.06      0.23    186.44      0.98
    89.0     82.06      0.24    186.36      1.02
    90.0     82.07      0.26    186.18      1.07
    91.0     82.08      0.28    185.90      1.10
                                                                        
           



 Ende HIVAP 
