          Programm HIVAP,  Autor  W.Reisdorf   Version fuer "rzri6f" vom  7. 6. 1994

           Bearbeitung F.P.Heﬂberger
           
   93Nb 99Ru 192At IFUS10 barfac0.54 sigr3.0 09/02/2023 13:45 Sitarcik  
           

 Unterprogramm SEPENF

 benutzt Sierks Programm BARFIT 
 Q-Wert  -177.443 MeV
 Massen aus der Datei "mlz.dat" 

         Exp. Schaleneffekte,  SHELL0=    0.00
          At  183   At  184   At  185   At  186   At  187   At  188   At  189   At  190   At  191   At  192
             -0.16     -0.96     -0.15     -0.95     -0.13     -0.92     -0.10     -0.88     -0.07     -0.87
          Po  182   Po  183   Po  184   Po  185   Po  186   Po  187   Po  188   Po  189   Po  190   Po  191
              0.25     -0.41      0.51     -0.23      0.60     -0.21      0.55     -0.34      0.34     -0.63
          Bi  181   Bi  182   Bi  183   Bi  184   Bi  185   Bi  186   Bi  187   Bi  188   Bi  189   Bi  190
             -1.37     -2.02     -1.09     -1.82     -0.98     -1.79     -1.03     -1.92     -1.24     -2.20

           BARFAC=   0.540      BAR0=   0.000

          Separationsenergien (BN,BP,BA) und Spaltbarrieren
          At  183   At  184   At  185   At  186   At  187   At  188   At  189   At  190   At  191   At  192
             12.65     10.83     12.24     10.41     11.81     10.00     11.40      9.60     11.01      9.25
             -3.05     -2.63     -2.25     -1.92     -1.64     -1.40     -1.20     -1.04     -0.93     -0.82
            -10.29     -9.93     -9.63     -9.36     -9.14     -8.96     -8.83     -8.72     -8.66     -8.59
              2.30      3.23      2.55      3.48      2.80      3.72      3.03      3.94      3.26      4.19
             -0.81     -1.62     -0.81     -1.61     -0.80     -1.60     -0.80     -1.60     -0.80     -1.59
          Po  182   Po  183   Po  184   Po  185   Po  186   Po  187   Po  188   Po  189   Po  190   Po  191
             12.21     10.41     11.86     10.08     11.54      9.75     11.20      9.44     10.89      9.14
             -1.35     -1.08     -0.82     -0.54     -0.28     -0.02      0.24      0.50      0.75      1.01
            -10.37    -10.16     -9.96     -9.74     -9.53     -9.32     -9.12     -8.90     -8.69     -8.47
              2.39      3.19      2.41      3.30      2.61      3.56      2.94      3.97      3.43      4.53
              0.00     -0.81      0.00     -0.81      0.00     -0.80      0.00     -0.80      0.00     -0.80
          Bi  181   Bi  182   Bi  183   Bi  184   Bi  185   Bi  186   Bi  187   Bi  188   Bi  189   Bi  190
             11.94     10.14     11.60      9.81     11.27      9.49     10.95      9.18     10.64      8.88
             -2.58     -2.30     -2.03     -1.76     -1.49     -1.22     -0.96     -0.69     -0.43     -0.17
             -8.40     -8.19     -7.99     -7.78     -7.58     -7.36     -7.16     -6.93     -6.73     -6.50
              4.55      5.37      4.59      5.48      4.78      5.75      5.13      6.17      5.63      6.73
             -0.82     -1.63     -0.81     -1.62     -0.81     -1.61     -0.80     -1.60     -0.80     -1.60

 benutzter Q-Wert  -177.443 MeV    effektiver Q-Wert  -177.443 MeV

 HIVAP  CASOUT

   93Nb 99Ru 192At IFUS10 barfac0.54 sigr3.0 09/02/2023 13:45 Sitarcik  


     E_lab  A*MeV   E*/MeV     SI_fus      SI_VR     SI_Spalt  L_krit     b_Spalt

   359.647    3.87     8.0  0.1378E-04  0.1475E-06  0.1364E-04     0.0       98.93
   361.587    3.89     9.0  0.7079E-04  0.1246E-06  0.7067E-04     0.0       99.82
   363.526    3.91    10.0  0.3534E-03  0.5937E-06  0.3528E-03     0.0       99.83
   365.466    3.93    11.0  0.1674E-02  0.3083E-05  0.1671E-02     0.0       99.82
   367.405    3.95    12.0  0.6929E-02  0.1314E-04  0.6916E-02     0.0       99.81
   369.344    3.97    13.0  0.2273E-01  0.3918E-04  0.2269E-01     0.0       99.83
   371.284    3.99    14.0  0.5918E-01  0.8166E-04  0.5910E-01     0.0       99.86
   373.223    4.01    15.0  0.1313E+00  0.1197E-03  0.1312E+00     0.0       99.91
   375.163    4.03    16.0  0.2639E+00  0.1492E-03  0.2637E+00     0.0       99.94
   377.102    4.05    17.0  0.4849E+00  0.1705E-03  0.4847E+00     0.0       99.96
   379.041    4.08    18.0  0.8351E+00  0.1909E-03  0.8349E+00     0.0       99.98
   380.981    4.10    19.0  0.1369E+01  0.2129E-03  0.1368E+01     0.0       99.98
   382.920    4.12    20.0  0.2149E+01  0.2334E-03  0.2149E+01     0.0       99.99
   384.860    4.14    21.0  0.3260E+01  0.2503E-03  0.3260E+01     0.0       99.99
   386.799    4.16    22.0  0.4784E+01  0.2648E-03  0.4782E+01     0.0       99.98
   388.738    4.18    23.0  0.6814E+01  0.2844E-03  0.6810E+01     0.0       99.94

     Querschnitte / mbarn

  E*/MeV   183At     184At     185At     186At     187At     188At     189At     190At     191At     192At  
     8.0 0.000E+00 0.000E+00 0.000E+00 0.000E+00 0.000E+00 0.000E+00 0.000E+00 0.000E+00 0.000E+00 0.140E-06
     9.0 0.000E+00 0.000E+00 0.000E+00 0.000E+00 0.000E+00 0.000E+00 0.000E+00 0.000E+00 0.000E+00 0.581E-07
    10.0 0.000E+00 0.000E+00 0.000E+00 0.000E+00 0.000E+00 0.000E+00 0.000E+00 0.000E+00 0.617E-09 0.108E-06
    11.0 0.000E+00 0.000E+00 0.000E+00 0.000E+00 0.000E+00 0.000E+00 0.000E+00 0.000E+00 0.416E-07 0.188E-06
    12.0 0.000E+00 0.000E+00 0.000E+00 0.000E+00 0.000E+00 0.000E+00 0.000E+00 0.000E+00 0.710E-06 0.270E-06
    13.0 0.000E+00 0.000E+00 0.000E+00 0.000E+00 0.000E+00 0.000E+00 0.000E+00 0.000E+00 0.499E-05 0.286E-06
    14.0 0.000E+00 0.000E+00 0.000E+00 0.000E+00 0.000E+00 0.000E+00 0.000E+00 0.000E+00 0.169E-04 0.276E-06
    15.0 0.000E+00 0.000E+00 0.000E+00 0.000E+00 0.000E+00 0.000E+00 0.000E+00 0.000E+00 0.243E-04 0.257E-06
    16.0 0.000E+00 0.000E+00 0.000E+00 0.000E+00 0.000E+00 0.000E+00 0.000E+00 0.000E+00 0.265E-04 0.182E-06
    17.0 0.000E+00 0.000E+00 0.000E+00 0.000E+00 0.000E+00 0.000E+00 0.000E+00 0.000E+00 0.245E-04 0.150E-06
    18.0 0.000E+00 0.000E+00 0.000E+00 0.000E+00 0.000E+00 0.000E+00 0.000E+00 0.000E+00 0.206E-04 0.146E-06
    19.0 0.000E+00 0.000E+00 0.000E+00 0.000E+00 0.000E+00 0.000E+00 0.000E+00 0.000E+00 0.160E-04 0.125E-06
    20.0 0.000E+00 0.000E+00 0.000E+00 0.000E+00 0.000E+00 0.000E+00 0.000E+00 0.000E+00 0.120E-04 0.804E-07
    21.0 0.000E+00 0.000E+00 0.000E+00 0.000E+00 0.000E+00 0.000E+00 0.000E+00 0.351E-09 0.866E-05 0.258E-07
    22.0 0.000E+00 0.000E+00 0.000E+00 0.000E+00 0.000E+00 0.000E+00 0.000E+00 0.126E-07 0.600E-05 0.000E+00
    23.0 0.000E+00 0.000E+00 0.000E+00 0.000E+00 0.000E+00 0.000E+00 0.000E+00 0.159E-06 0.395E-05 0.000E+00

  E*/MeV   182Po     183Po     184Po     185Po     186Po     187Po     188Po     189Po     190Po     191Po  
     8.0 0.000E+00 0.000E+00 0.000E+00 0.000E+00 0.000E+00 0.000E+00 0.000E+00 0.000E+00 0.000E+00 0.786E-08
     9.0 0.000E+00 0.000E+00 0.000E+00 0.000E+00 0.000E+00 0.000E+00 0.000E+00 0.000E+00 0.000E+00 0.660E-07
    10.0 0.000E+00 0.000E+00 0.000E+00 0.000E+00 0.000E+00 0.000E+00 0.000E+00 0.000E+00 0.000E+00 0.480E-06
    11.0 0.000E+00 0.000E+00 0.000E+00 0.000E+00 0.000E+00 0.000E+00 0.000E+00 0.000E+00 0.000E+00 0.281E-05
    12.0 0.000E+00 0.000E+00 0.000E+00 0.000E+00 0.000E+00 0.000E+00 0.000E+00 0.000E+00 0.000E+00 0.119E-04
    13.0 0.000E+00 0.000E+00 0.000E+00 0.000E+00 0.000E+00 0.000E+00 0.000E+00 0.000E+00 0.000E+00 0.327E-04
    14.0 0.000E+00 0.000E+00 0.000E+00 0.000E+00 0.000E+00 0.000E+00 0.000E+00 0.000E+00 0.120E-10 0.605E-04
    15.0 0.000E+00 0.000E+00 0.000E+00 0.000E+00 0.000E+00 0.000E+00 0.000E+00 0.000E+00 0.471E-09 0.846E-04
    16.0 0.000E+00 0.000E+00 0.000E+00 0.000E+00 0.000E+00 0.000E+00 0.000E+00 0.000E+00 0.600E-08 0.981E-04
    17.0 0.000E+00 0.000E+00 0.000E+00 0.000E+00 0.000E+00 0.000E+00 0.000E+00 0.000E+00 0.465E-07 0.978E-04
    18.0 0.000E+00 0.000E+00 0.000E+00 0.000E+00 0.000E+00 0.000E+00 0.000E+00 0.000E+00 0.259E-06 0.876E-04
    19.0 0.000E+00 0.000E+00 0.000E+00 0.000E+00 0.000E+00 0.000E+00 0.000E+00 0.000E+00 0.103E-05 0.727E-04
    20.0 0.000E+00 0.000E+00 0.000E+00 0.000E+00 0.000E+00 0.000E+00 0.000E+00 0.000E+00 0.311E-05 0.566E-04
    21.0 0.000E+00 0.000E+00 0.000E+00 0.000E+00 0.000E+00 0.000E+00 0.000E+00 0.000E+00 0.730E-05 0.421E-04
    22.0 0.000E+00 0.000E+00 0.000E+00 0.000E+00 0.000E+00 0.000E+00 0.000E+00 0.000E+00 0.136E-04 0.301E-04
    23.0 0.000E+00 0.000E+00 0.000E+00 0.000E+00 0.000E+00 0.000E+00 0.000E+00 0.000E+00 0.206E-04 0.208E-04

  E*/MeV   181Bi     182Bi     183Bi     184Bi     185Bi     186Bi     187Bi     188Bi     189Bi     190Bi  
     8.0 0.000E+00 0.000E+00 0.000E+00 0.000E+00 0.000E+00 0.000E+00 0.000E+00 0.452E-10 0.000E+00 0.000E+00
     9.0 0.000E+00 0.000E+00 0.000E+00 0.000E+00 0.000E+00 0.000E+00 0.000E+00 0.515E-09 0.000E+00 0.000E+00
    10.0 0.000E+00 0.000E+00 0.000E+00 0.000E+00 0.000E+00 0.000E+00 0.000E+00 0.505E-08 0.000E+00 0.000E+00
    11.0 0.000E+00 0.000E+00 0.000E+00 0.000E+00 0.000E+00 0.000E+00 0.000E+00 0.399E-07 0.000E+00 0.387E-11
    12.0 0.000E+00 0.000E+00 0.000E+00 0.000E+00 0.000E+00 0.000E+00 0.000E+00 0.259E-06 0.000E+00 0.115E-09
    13.0 0.000E+00 0.000E+00 0.000E+00 0.000E+00 0.000E+00 0.000E+00 0.000E+00 0.117E-05 0.000E+00 0.146E-08
    14.0 0.000E+00 0.000E+00 0.000E+00 0.000E+00 0.000E+00 0.000E+00 0.000E+00 0.392E-05 0.000E+00 0.108E-07
    15.0 0.000E+00 0.000E+00 0.000E+00 0.000E+00 0.000E+00 0.000E+00 0.000E+00 0.105E-04 0.000E+00 0.576E-07
    16.0 0.000E+00 0.000E+00 0.000E+00 0.000E+00 0.000E+00 0.000E+00 0.000E+00 0.242E-04 0.000E+00 0.241E-06
    17.0 0.000E+00 0.000E+00 0.000E+00 0.000E+00 0.000E+00 0.000E+00 0.175E-09 0.473E-04 0.000E+00 0.807E-06
    18.0 0.000E+00 0.000E+00 0.000E+00 0.000E+00 0.000E+00 0.000E+00 0.296E-08 0.800E-04 0.000E+00 0.232E-05
    19.0 0.000E+00 0.000E+00 0.000E+00 0.000E+00 0.000E+00 0.000E+00 0.201E-07 0.117E-03 0.000E+00 0.588E-05
    20.0 0.000E+00 0.000E+00 0.000E+00 0.000E+00 0.000E+00 0.000E+00 0.970E-07 0.148E-03 0.000E+00 0.133E-04
    21.0 0.000E+00 0.000E+00 0.000E+00 0.000E+00 0.000E+00 0.000E+00 0.377E-06 0.164E-03 0.173E-10 0.276E-04
    22.0 0.000E+00 0.000E+00 0.000E+00 0.000E+00 0.000E+00 0.000E+00 0.122E-05 0.162E-03 0.213E-09 0.520E-04
    23.0 0.000E+00 0.000E+00 0.000E+00 0.000E+00 0.000E+00 0.000E+00 0.337E-05 0.146E-03 0.175E-08 0.898E-04

 Z-Verteilung  
 E*/MeV     Bi         Po         At  
    8.0  0.452E-10 0.786E-08 0.140E-06
    9.0  0.515E-09 0.660E-07 0.581E-07
   10.0  0.505E-08 0.480E-06 0.109E-06
   11.0  0.399E-07 0.281E-05 0.230E-06
   12.0  0.259E-06 0.119E-04 0.980E-06
   13.0  0.117E-05 0.327E-04 0.528E-05
   14.0  0.393E-05 0.605E-04 0.172E-04
   15.0  0.106E-04 0.846E-04 0.246E-04
   16.0  0.245E-04 0.981E-04 0.267E-04
   17.0  0.481E-04 0.978E-04 0.246E-04
   18.0  0.823E-04 0.879E-04 0.207E-04
   19.0  0.123E-03 0.737E-04 0.161E-04
   20.0  0.162E-03 0.597E-04 0.121E-04
   21.0  0.192E-03 0.494E-04 0.868E-05
   22.0  0.215E-03 0.436E-04 0.601E-05
   23.0  0.239E-03 0.414E-04 0.411E-05

 Z und A Mittelwerte    
   E*/MeV     MW.Z  St.Abw.Z      MW.A  St.Abw.A
     8.0     84.95      0.23    191.95      0.23
     9.0     84.46      0.51    191.45      0.55
    10.0     84.17      0.40    191.16      0.48
    11.0     84.06      0.29    191.02      0.42
    12.0     84.05      0.30    190.96      0.44
    13.0     84.10      0.39    190.92      0.52
    14.0     84.16      0.48    190.86      0.64
    15.0     84.12      0.53    190.74      0.85
    16.0     84.01      0.59    190.51      1.11
    17.0     83.86      0.64    190.16      1.34
    18.0     83.68      0.66    189.73      1.47
    19.0     83.50      0.63    189.32      1.47
    20.0     83.36      0.58    189.02      1.37
    21.0     83.27      0.51    188.89      1.27
    22.0     83.21      0.46    188.90      1.19
    23.0     83.17      0.42    189.03      1.14

 HIVAP  CASOUT

   93Nb 99Ru 192At IFUS10 barfac0.54 sigr3.0 09/02/2023 13:45 Sitarcik  


     E_lab  A*MeV   E*/MeV     SI_fus      SI_VR     SI_Spalt  L_krit     b_Spalt

   390.678    4.20    24.0  0.9442E+01  0.3152E-03  0.9430E+01     2.0       99.88
   392.617    4.22    25.0  0.1275E+02  0.3592E-03  0.1273E+02    17.0       99.81
   394.557    4.24    26.0  0.1685E+02  0.4148E-03  0.1680E+02    24.0       99.73
   396.496    4.26    27.0  0.2177E+02  0.4700E-03  0.2170E+02    30.0       99.65
   398.435    4.28    28.0  0.2760E+02  0.5107E-03  0.2747E+02    35.0       99.54
   400.375    4.31    29.0  0.3438E+02  0.5264E-03  0.3418E+02    65.0       99.43
   402.314    4.33    30.0  0.4207E+02  0.5119E-03  0.4178E+02    65.0       99.31
   404.253    4.35    31.0  0.5069E+02  0.4742E-03  0.5028E+02    65.0       99.18
   406.193    4.37    32.0  0.6019E+02  0.4233E-03  0.5961E+02    65.0       99.04
   408.132    4.39    33.0  0.7042E+02  0.3715E-03  0.6964E+02    65.0       98.89
   410.072    4.41    34.0  0.8136E+02  0.3275E-03  0.8031E+02    65.0       98.71
   412.011    4.43    35.0  0.9279E+02  0.2936E-03  0.9144E+02    65.0       98.55
   413.950    4.45    36.0  0.1046E+03  0.2684E-03  0.1029E+03    65.0       98.37
   415.890    4.47    37.0  0.1166E+03  0.2479E-03  0.1145E+03    65.0       98.21
   417.829    4.49    38.0  0.1286E+03  0.2280E-03  0.1261E+03    65.0       98.04
   419.769    4.51    39.0  0.1405E+03  0.2065E-03  0.1376E+03    65.0       97.88

     Querschnitte / mbarn

  E*/MeV   183At     184At     185At     186At     187At     188At     189At     190At     191At     192At  
    24.0 0.000E+00 0.000E+00 0.000E+00 0.000E+00 0.000E+00 0.000E+00 0.000E+00 0.925E-06 0.257E-05 0.000E+00
    25.0 0.000E+00 0.000E+00 0.000E+00 0.000E+00 0.000E+00 0.000E+00 0.000E+00 0.317E-05 0.172E-05 0.000E+00
    26.0 0.000E+00 0.000E+00 0.000E+00 0.000E+00 0.000E+00 0.000E+00 0.000E+00 0.783E-05 0.123E-05 0.000E+00
    27.0 0.000E+00 0.000E+00 0.000E+00 0.000E+00 0.000E+00 0.000E+00 0.000E+00 0.139E-04 0.935E-06 0.000E+00
    28.0 0.000E+00 0.000E+00 0.000E+00 0.000E+00 0.000E+00 0.000E+00 0.000E+00 0.183E-04 0.600E-06 0.000E+00
    29.0 0.000E+00 0.000E+00 0.000E+00 0.000E+00 0.000E+00 0.000E+00 0.000E+00 0.196E-04 0.339E-06 0.000E+00
    30.0 0.000E+00 0.000E+00 0.000E+00 0.000E+00 0.000E+00 0.000E+00 0.000E+00 0.182E-04 0.171E-06 0.000E+00
    31.0 0.000E+00 0.000E+00 0.000E+00 0.000E+00 0.000E+00 0.000E+00 0.554E-11 0.153E-04 0.824E-07 0.000E+00
    32.0 0.000E+00 0.000E+00 0.000E+00 0.000E+00 0.000E+00 0.000E+00 0.168E-09 0.119E-04 0.450E-07 0.000E+00
    33.0 0.000E+00 0.000E+00 0.000E+00 0.000E+00 0.000E+00 0.000E+00 0.195E-08 0.875E-05 0.243E-07 0.000E+00
    34.0 0.000E+00 0.000E+00 0.000E+00 0.000E+00 0.000E+00 0.000E+00 0.120E-07 0.616E-05 0.130E-07 0.000E+00
    35.0 0.000E+00 0.000E+00 0.000E+00 0.000E+00 0.000E+00 0.000E+00 0.444E-07 0.418E-05 0.000E+00 0.000E+00
    36.0 0.000E+00 0.000E+00 0.000E+00 0.000E+00 0.000E+00 0.000E+00 0.109E-06 0.276E-05 0.000E+00 0.000E+00
    37.0 0.000E+00 0.000E+00 0.000E+00 0.000E+00 0.000E+00 0.000E+00 0.193E-06 0.177E-05 0.000E+00 0.000E+00
    38.0 0.000E+00 0.000E+00 0.000E+00 0.000E+00 0.000E+00 0.000E+00 0.267E-06 0.112E-05 0.000E+00 0.000E+00
    39.0 0.000E+00 0.000E+00 0.000E+00 0.000E+00 0.000E+00 0.000E+00 0.311E-06 0.695E-06 0.000E+00 0.000E+00

  E*/MeV   182Po     183Po     184Po     185Po     186Po     187Po     188Po     189Po     190Po     191Po  
    24.0 0.000E+00 0.000E+00 0.000E+00 0.000E+00 0.000E+00 0.000E+00 0.000E+00 0.000E+00 0.262E-04 0.139E-04
    25.0 0.000E+00 0.000E+00 0.000E+00 0.000E+00 0.000E+00 0.000E+00 0.000E+00 0.893E-11 0.288E-04 0.910E-05
    26.0 0.000E+00 0.000E+00 0.000E+00 0.000E+00 0.000E+00 0.000E+00 0.000E+00 0.155E-09 0.281E-04 0.584E-05
    27.0 0.000E+00 0.000E+00 0.000E+00 0.000E+00 0.000E+00 0.000E+00 0.000E+00 0.125E-08 0.249E-04 0.366E-05
    28.0 0.000E+00 0.000E+00 0.000E+00 0.000E+00 0.000E+00 0.000E+00 0.000E+00 0.681E-08 0.204E-04 0.223E-05
    29.0 0.000E+00 0.000E+00 0.000E+00 0.000E+00 0.000E+00 0.000E+00 0.000E+00 0.295E-07 0.158E-04 0.132E-05
    30.0 0.000E+00 0.000E+00 0.000E+00 0.000E+00 0.000E+00 0.000E+00 0.000E+00 0.106E-06 0.115E-04 0.752E-06
    31.0 0.000E+00 0.000E+00 0.000E+00 0.000E+00 0.000E+00 0.000E+00 0.000E+00 0.316E-06 0.812E-05 0.399E-06
    32.0 0.000E+00 0.000E+00 0.000E+00 0.000E+00 0.000E+00 0.000E+00 0.000E+00 0.794E-06 0.551E-05 0.135E-06
    33.0 0.000E+00 0.000E+00 0.000E+00 0.000E+00 0.000E+00 0.000E+00 0.000E+00 0.169E-05 0.363E-05 0.492E-07
    34.0 0.000E+00 0.000E+00 0.000E+00 0.000E+00 0.000E+00 0.000E+00 0.000E+00 0.308E-05 0.233E-05 0.215E-07
    35.0 0.000E+00 0.000E+00 0.000E+00 0.000E+00 0.000E+00 0.000E+00 0.000E+00 0.482E-05 0.147E-05 0.115E-07
    36.0 0.000E+00 0.000E+00 0.000E+00 0.000E+00 0.000E+00 0.000E+00 0.000E+00 0.659E-05 0.908E-06 0.000E+00
    37.0 0.000E+00 0.000E+00 0.000E+00 0.000E+00 0.000E+00 0.000E+00 0.463E-11 0.798E-05 0.553E-06 0.000E+00
    38.0 0.000E+00 0.000E+00 0.000E+00 0.000E+00 0.000E+00 0.000E+00 0.332E-10 0.869E-05 0.332E-06 0.000E+00
    39.0 0.000E+00 0.000E+00 0.000E+00 0.000E+00 0.000E+00 0.000E+00 0.176E-09 0.866E-05 0.197E-06 0.000E+00

  E*/MeV   181Bi     182Bi     183Bi     184Bi     185Bi     186Bi     187Bi     188Bi     189Bi     190Bi  
    24.0 0.000E+00 0.000E+00 0.000E+00 0.000E+00 0.000E+00 0.000E+00 0.809E-05 0.122E-03 0.106E-07 0.141E-03
    25.0 0.000E+00 0.000E+00 0.000E+00 0.000E+00 0.000E+00 0.000E+00 0.170E-04 0.963E-04 0.505E-07 0.203E-03
    26.0 0.000E+00 0.000E+00 0.000E+00 0.000E+00 0.000E+00 0.000E+00 0.313E-04 0.724E-04 0.197E-06 0.268E-03
    27.0 0.000E+00 0.000E+00 0.000E+00 0.000E+00 0.000E+00 0.000E+00 0.507E-04 0.521E-04 0.645E-06 0.323E-03
    28.0 0.000E+00 0.000E+00 0.000E+00 0.000E+00 0.000E+00 0.000E+00 0.721E-04 0.361E-04 0.182E-05 0.359E-03
    29.0 0.000E+00 0.000E+00 0.000E+00 0.000E+00 0.000E+00 0.114E-09 0.902E-04 0.243E-04 0.450E-05 0.370E-03
    30.0 0.000E+00 0.000E+00 0.000E+00 0.000E+00 0.000E+00 0.891E-09 0.996E-04 0.159E-04 0.983E-05 0.356E-03
    31.0 0.000E+00 0.000E+00 0.000E+00 0.000E+00 0.000E+00 0.450E-08 0.988E-04 0.102E-04 0.193E-04 0.322E-03
    32.0 0.000E+00 0.000E+00 0.000E+00 0.000E+00 0.000E+00 0.177E-07 0.893E-04 0.648E-05 0.341E-04 0.275E-03
    33.0 0.000E+00 0.000E+00 0.000E+00 0.000E+00 0.000E+00 0.580E-07 0.748E-04 0.403E-05 0.546E-04 0.224E-03
    34.0 0.000E+00 0.000E+00 0.000E+00 0.000E+00 0.000E+00 0.165E-06 0.589E-04 0.246E-05 0.796E-04 0.175E-03
    35.0 0.000E+00 0.000E+00 0.000E+00 0.000E+00 0.000E+00 0.411E-06 0.441E-04 0.146E-05 0.106E-03 0.131E-03
    36.0 0.000E+00 0.000E+00 0.000E+00 0.000E+00 0.000E+00 0.909E-06 0.316E-04 0.847E-06 0.129E-03 0.952E-04
    37.0 0.000E+00 0.000E+00 0.000E+00 0.000E+00 0.000E+00 0.180E-05 0.219E-04 0.485E-06 0.146E-03 0.672E-04
    38.0 0.000E+00 0.000E+00 0.000E+00 0.000E+00 0.000E+00 0.321E-05 0.147E-04 0.290E-06 0.153E-03 0.461E-04
    39.0 0.000E+00 0.000E+00 0.000E+00 0.000E+00 0.000E+00 0.517E-05 0.964E-05 0.223E-06 0.151E-03 0.310E-04

 Z-Verteilung  
 E*/MeV     Bi         Po         At  
   24.0  0.272E-03 0.402E-04 0.350E-05
   25.0  0.316E-03 0.379E-04 0.489E-05
   26.0  0.372E-03 0.340E-04 0.906E-05
   27.0  0.427E-03 0.286E-04 0.148E-04
   28.0  0.469E-03 0.227E-04 0.189E-04
   29.0  0.489E-03 0.171E-04 0.200E-04
   30.0  0.481E-03 0.124E-04 0.184E-04
   31.0  0.450E-03 0.883E-05 0.154E-04
   32.0  0.405E-03 0.644E-05 0.119E-04
   33.0  0.357E-03 0.537E-05 0.878E-05
   34.0  0.316E-03 0.543E-05 0.618E-05
   35.0  0.283E-03 0.630E-05 0.423E-05
   36.0  0.258E-03 0.750E-05 0.286E-05
   37.0  0.237E-03 0.854E-05 0.196E-05
   38.0  0.218E-03 0.903E-05 0.138E-05
   39.0  0.197E-03 0.886E-05 0.101E-05

 Z und A Mittelwerte    
   E*/MeV     MW.Z  St.Abw.Z      MW.A  St.Abw.A
    24.0     83.15      0.39    189.20      1.09
    25.0     83.13      0.38    189.35      1.05
    26.0     83.13      0.39    189.44      1.04
    27.0     83.12      0.41    189.46      1.07
    28.0     83.12      0.42    189.44      1.12
    29.0     83.11      0.42    189.39      1.17
    30.0     83.10      0.40    189.34      1.21
    31.0     83.08      0.38    189.29      1.23
    32.0     83.07      0.35    189.25      1.22
    33.0     83.06      0.32    189.22      1.19
    34.0     83.05      0.30    189.19      1.12
    35.0     83.05      0.28    189.16      1.03
    36.0     83.05      0.26    189.12      0.93
    37.0     83.05      0.25    189.08      0.83
    38.0     83.05      0.25    189.04      0.77
    39.0     83.05      0.24    188.98      0.75

 HIVAP  CASOUT

   93Nb 99Ru 192At IFUS10 barfac0.54 sigr3.0 09/02/2023 13:45 Sitarcik  


     E_lab  A*MeV   E*/MeV     SI_fus      SI_VR     SI_Spalt  L_krit     b_Spalt

   421.708    4.53    40.0  0.1522E+03  0.1829E-03  0.1487E+03    65.0       97.73
   423.647    4.56    41.0  0.1634E+03  0.1582E-03  0.1594E+03    65.0       97.59
   425.587    4.58    42.0  0.1740E+03  0.1336E-03  0.1695E+03    65.0       97.45
   427.526    4.60    43.0  0.1839E+03  0.1107E-03  0.1790E+03    65.0       97.34
   429.466    4.62    44.0  0.1931E+03  0.9040E-04  0.1878E+03    65.0       97.23
   431.405    4.64    45.0  0.2015E+03  0.7349E-04  0.1957E+03    65.0       97.13
   433.344    4.66    46.0  0.2090E+03  0.6023E-04  0.2029E+03    65.0       97.06
   435.284    4.68    47.0  0.2157E+03  0.5054E-04  0.2092E+03    65.0       96.99
   437.223    4.70    48.0  0.2215E+03  0.4401E-04  0.2147E+03    65.0       96.92
   439.163    4.72    49.0  0.2265E+03  0.3995E-04  0.2194E+03    65.0       96.87
   441.102    4.74    50.0  0.2307E+03  0.3756E-04  0.2234E+03    65.0       96.83
   443.041    4.76    51.0  0.2341E+03  0.3601E-04  0.2266E+03    65.0       96.79
   444.981    4.78    52.0  0.2368E+03  0.3464E-04  0.2292E+03    65.0       96.76
   446.920    4.81    53.0  0.2390E+03  0.3302E-04  0.2312E+03    65.0       96.74
   448.860    4.83    54.0  0.2406E+03  0.3093E-04  0.2327E+03    65.0       96.71
   450.799    4.85    55.0  0.2416E+03  0.2837E-04  0.2337E+03    65.0       96.70

     Querschnitte / mbarn

  E*/MeV   183At     184At     185At     186At     187At     188At     189At     190At     191At     192At  
    40.0 0.000E+00 0.000E+00 0.000E+00 0.000E+00 0.000E+00 0.000E+00 0.317E-06 0.428E-06 0.000E+00 0.000E+00
    41.0 0.000E+00 0.000E+00 0.000E+00 0.000E+00 0.000E+00 0.000E+00 0.294E-06 0.262E-06 0.000E+00 0.000E+00
    42.0 0.000E+00 0.000E+00 0.000E+00 0.000E+00 0.000E+00 0.000E+00 0.253E-06 0.159E-06 0.000E+00 0.000E+00
    43.0 0.000E+00 0.000E+00 0.000E+00 0.000E+00 0.000E+00 0.370E-13 0.205E-06 0.957E-07 0.000E+00 0.000E+00
    44.0 0.000E+00 0.000E+00 0.000E+00 0.000E+00 0.000E+00 0.110E-11 0.158E-06 0.572E-07 0.000E+00 0.000E+00
    45.0 0.000E+00 0.000E+00 0.000E+00 0.000E+00 0.000E+00 0.134E-10 0.118E-06 0.336E-07 0.000E+00 0.000E+00
    46.0 0.000E+00 0.000E+00 0.000E+00 0.000E+00 0.000E+00 0.900E-10 0.851E-07 0.195E-07 0.000E+00 0.000E+00
    47.0 0.000E+00 0.000E+00 0.000E+00 0.000E+00 0.000E+00 0.391E-09 0.599E-07 0.977E-08 0.000E+00 0.000E+00
    48.0 0.000E+00 0.000E+00 0.000E+00 0.000E+00 0.000E+00 0.123E-08 0.413E-07 0.169E-08 0.000E+00 0.000E+00
    49.0 0.000E+00 0.000E+00 0.000E+00 0.000E+00 0.000E+00 0.297E-08 0.280E-07 0.105E-08 0.000E+00 0.000E+00
    50.0 0.000E+00 0.000E+00 0.000E+00 0.000E+00 0.000E+00 0.579E-08 0.187E-07 0.647E-09 0.000E+00 0.000E+00
    51.0 0.000E+00 0.000E+00 0.000E+00 0.000E+00 0.000E+00 0.939E-08 0.124E-07 0.000E+00 0.000E+00 0.000E+00
    52.0 0.000E+00 0.000E+00 0.000E+00 0.000E+00 0.000E+00 0.131E-07 0.808E-08 0.000E+00 0.000E+00 0.000E+00
    53.0 0.000E+00 0.000E+00 0.000E+00 0.000E+00 0.000E+00 0.162E-07 0.525E-08 0.000E+00 0.000E+00 0.000E+00
    54.0 0.000E+00 0.000E+00 0.000E+00 0.000E+00 0.000E+00 0.182E-07 0.339E-08 0.000E+00 0.000E+00 0.000E+00
    55.0 0.000E+00 0.000E+00 0.000E+00 0.000E+00 0.137E-13 0.189E-07 0.217E-08 0.000E+00 0.000E+00 0.000E+00

  E*/MeV   182Po     183Po     184Po     185Po     186Po     187Po     188Po     189Po     190Po     191Po  
    40.0 0.000E+00 0.000E+00 0.000E+00 0.000E+00 0.000E+00 0.000E+00 0.728E-09 0.800E-05 0.115E-06 0.000E+00
    41.0 0.000E+00 0.000E+00 0.000E+00 0.000E+00 0.000E+00 0.000E+00 0.240E-08 0.693E-05 0.624E-07 0.000E+00
    42.0 0.000E+00 0.000E+00 0.000E+00 0.000E+00 0.000E+00 0.000E+00 0.645E-08 0.570E-05 0.182E-07 0.000E+00
    43.0 0.000E+00 0.000E+00 0.000E+00 0.000E+00 0.000E+00 0.000E+00 0.144E-07 0.448E-05 0.000E+00 0.000E+00
    44.0 0.000E+00 0.000E+00 0.000E+00 0.000E+00 0.000E+00 0.000E+00 0.275E-07 0.340E-05 0.000E+00 0.000E+00
    45.0 0.000E+00 0.000E+00 0.000E+00 0.000E+00 0.000E+00 0.000E+00 0.452E-07 0.250E-05 0.000E+00 0.000E+00
    46.0 0.000E+00 0.000E+00 0.000E+00 0.000E+00 0.000E+00 0.000E+00 0.654E-07 0.179E-05 0.000E+00 0.000E+00
    47.0 0.000E+00 0.000E+00 0.000E+00 0.000E+00 0.000E+00 0.000E+00 0.847E-07 0.126E-05 0.000E+00 0.000E+00
    48.0 0.000E+00 0.000E+00 0.000E+00 0.000E+00 0.000E+00 0.000E+00 0.999E-07 0.867E-06 0.000E+00 0.000E+00
    49.0 0.000E+00 0.000E+00 0.000E+00 0.000E+00 0.000E+00 0.180E-12 0.109E-06 0.588E-06 0.000E+00 0.000E+00
    50.0 0.000E+00 0.000E+00 0.000E+00 0.000E+00 0.000E+00 0.100E-11 0.111E-06 0.394E-06 0.000E+00 0.000E+00
    51.0 0.000E+00 0.000E+00 0.000E+00 0.000E+00 0.000E+00 0.451E-11 0.106E-06 0.261E-06 0.000E+00 0.000E+00
    52.0 0.000E+00 0.000E+00 0.000E+00 0.000E+00 0.000E+00 0.172E-10 0.967E-07 0.171E-06 0.000E+00 0.000E+00
    53.0 0.000E+00 0.000E+00 0.000E+00 0.000E+00 0.000E+00 0.564E-10 0.846E-07 0.112E-06 0.000E+00 0.000E+00
    54.0 0.000E+00 0.000E+00 0.000E+00 0.000E+00 0.000E+00 0.161E-09 0.714E-07 0.721E-07 0.000E+00 0.000E+00
    55.0 0.000E+00 0.000E+00 0.000E+00 0.000E+00 0.000E+00 0.399E-09 0.585E-07 0.462E-07 0.000E+00 0.000E+00

  E*/MeV   181Bi     182Bi     183Bi     184Bi     185Bi     186Bi     187Bi     188Bi     189Bi     190Bi  
    40.0 0.000E+00 0.000E+00 0.000E+00 0.000E+00 0.141E-10 0.758E-05 0.618E-05 0.271E-06 0.140E-03 0.204E-04
    41.0 0.000E+00 0.000E+00 0.000E+00 0.000E+00 0.760E-10 0.101E-04 0.389E-05 0.484E-06 0.123E-03 0.132E-04
    42.0 0.000E+00 0.000E+00 0.000E+00 0.000E+00 0.322E-09 0.123E-04 0.241E-05 0.954E-06 0.103E-03 0.839E-05
    43.0 0.000E+00 0.000E+00 0.000E+00 0.000E+00 0.114E-08 0.137E-04 0.148E-05 0.177E-05 0.837E-04 0.527E-05
    44.0 0.000E+00 0.000E+00 0.000E+00 0.000E+00 0.349E-08 0.141E-04 0.897E-06 0.302E-05 0.655E-04 0.327E-05
    45.0 0.000E+00 0.000E+00 0.000E+00 0.000E+00 0.936E-08 0.135E-04 0.539E-06 0.499E-05 0.497E-04 0.201E-05
    46.0 0.000E+00 0.000E+00 0.000E+00 0.000E+00 0.223E-07 0.122E-04 0.322E-06 0.767E-05 0.368E-04 0.122E-05
    47.0 0.000E+00 0.000E+00 0.000E+00 0.000E+00 0.476E-07 0.105E-04 0.191E-06 0.110E-04 0.267E-04 0.739E-06
    48.0 0.000E+00 0.000E+00 0.000E+00 0.000E+00 0.915E-07 0.861E-05 0.113E-06 0.148E-04 0.189E-04 0.442E-06
    49.0 0.000E+00 0.000E+00 0.000E+00 0.000E+00 0.159E-06 0.682E-05 0.674E-07 0.187E-04 0.132E-04 0.262E-06
    50.0 0.000E+00 0.000E+00 0.000E+00 0.000E+00 0.249E-06 0.524E-05 0.429E-07 0.222E-04 0.913E-05 0.154E-06
    51.0 0.000E+00 0.000E+00 0.000E+00 0.000E+00 0.356E-06 0.392E-05 0.332E-07 0.250E-04 0.621E-05 0.878E-07
    52.0 0.000E+00 0.000E+00 0.000E+00 0.000E+00 0.466E-06 0.287E-05 0.401E-07 0.267E-04 0.418E-05 0.476E-07
    53.0 0.000E+00 0.000E+00 0.000E+00 0.000E+00 0.562E-06 0.206E-05 0.672E-07 0.273E-04 0.279E-05 0.242E-07
    54.0 0.000E+00 0.000E+00 0.000E+00 0.289E-11 0.632E-06 0.146E-05 0.125E-06 0.267E-04 0.185E-05 0.105E-07
    55.0 0.000E+00 0.000E+00 0.000E+00 0.110E-10 0.665E-06 0.102E-05 0.222E-06 0.251E-04 0.121E-05 0.000E+00

 Z-Verteilung  
 E*/MeV     Bi         Po         At  
   40.0  0.174E-03 0.811E-05 0.745E-06
   41.0  0.151E-03 0.699E-05 0.556E-06
   42.0  0.128E-03 0.572E-05 0.412E-06
   43.0  0.106E-03 0.450E-05 0.301E-06
   44.0  0.868E-04 0.343E-05 0.216E-06
   45.0  0.708E-04 0.255E-05 0.152E-06
   46.0  0.583E-04 0.186E-05 0.105E-06
   47.0  0.491E-04 0.134E-05 0.701E-07
   48.0  0.430E-04 0.967E-06 0.442E-07
   49.0  0.392E-04 0.697E-06 0.320E-07
   50.0  0.370E-04 0.504E-06 0.251E-07
   51.0  0.356E-04 0.367E-06 0.217E-07
   52.0  0.344E-04 0.268E-06 0.212E-07
   53.0  0.328E-04 0.196E-06 0.215E-07
   54.0  0.308E-04 0.144E-06 0.216E-07
   55.0  0.282E-04 0.105E-06 0.211E-07

 Z und A Mittelwerte    
   E*/MeV     MW.Z  St.Abw.Z      MW.A  St.Abw.A
    40.0     83.05      0.24    188.92      0.79
    41.0     83.05      0.24    188.84      0.86
    42.0     83.05      0.23    188.75      0.95
    43.0     83.05      0.22    188.64      1.05
    44.0     83.04      0.21    188.52      1.13
    45.0     83.04      0.20    188.39      1.19
    46.0     83.03      0.19    188.27      1.21
    47.0     83.03      0.18    188.16      1.19
    48.0     83.02      0.16    188.07      1.14
    49.0     83.02      0.14    188.01      1.05
    50.0     83.01      0.13    187.96      0.94
    51.0     83.01      0.11    187.94      0.84
    52.0     83.01      0.10    187.92      0.76
    53.0     83.01      0.09    187.91      0.70
    54.0     83.01      0.09    187.90      0.66
    55.0     83.01      0.08    187.89      0.63

 HIVAP  CASOUT

   93Nb 99Ru 192At IFUS10 barfac0.54 sigr3.0 09/02/2023 13:45 Sitarcik  


     E_lab  A*MeV   E*/MeV     SI_fus      SI_VR     SI_Spalt  L_krit     b_Spalt

   452.738    4.87    56.0  0.2423E+03  0.2547E-04  0.2343E+03    65.0       96.69
   454.678    4.89    57.0  0.2427E+03  0.2241E-04  0.2346E+03    65.0       96.69
   456.617    4.91    58.0  0.2427E+03  0.1939E-04  0.2347E+03    65.0       96.68
   458.557    4.93    59.0  0.2425E+03  0.1655E-04  0.2345E+03    65.0       96.68
   460.496    4.95    60.0  0.2421E+03  0.1400E-04  0.2341E+03    65.0       96.69
   462.435    4.97    61.0  0.2416E+03  0.1178E-04  0.2336E+03    65.0       96.69
   464.375    4.99    62.0  0.2409E+03  0.9893E-05  0.2330E+03    65.0       96.70
   466.314    5.01    63.0  0.2402E+03  0.8304E-05  0.2323E+03    65.0       96.71
   468.253    5.03    64.0  0.2394E+03  0.6969E-05  0.2315E+03    65.0       96.72
   470.193    5.06    65.0  0.2385E+03  0.5852E-05  0.2307E+03    65.0       96.73
   472.132    5.08    66.0  0.2376E+03  0.4902E-05  0.2298E+03    65.0       96.74
   474.072    5.10    67.0  0.2366E+03  0.4092E-05  0.2289E+03    65.0       96.75
   476.011    5.12    68.0  0.2357E+03  0.3410E-05  0.2281E+03    65.0       96.76
   477.950    5.14    69.0  0.2348E+03  0.2829E-05  0.2272E+03    65.0       96.77
   479.890    5.16    70.0  0.2338E+03  0.2329E-05  0.2263E+03    65.0       96.78
   481.829    5.18    71.0  0.2329E+03  0.1911E-05  0.2254E+03    65.0       96.79

     Querschnitte / mbarn

  E*/MeV   183At     184At     185At     186At     187At     188At     189At     190At     191At     192At  
    56.0 0.000E+00 0.000E+00 0.000E+00 0.000E+00 0.121E-12 0.184E-07 0.137E-08 0.000E+00 0.000E+00 0.000E+00
    57.0 0.000E+00 0.000E+00 0.000E+00 0.000E+00 0.702E-12 0.171E-07 0.841E-09 0.000E+00 0.000E+00 0.000E+00
    58.0 0.000E+00 0.000E+00 0.000E+00 0.000E+00 0.289E-11 0.151E-07 0.455E-09 0.000E+00 0.000E+00 0.000E+00
    59.0 0.000E+00 0.000E+00 0.000E+00 0.000E+00 0.890E-11 0.129E-07 0.187E-09 0.000E+00 0.000E+00 0.000E+00
    60.0 0.000E+00 0.000E+00 0.000E+00 0.000E+00 0.216E-10 0.107E-07 0.000E+00 0.000E+00 0.000E+00 0.000E+00
    61.0 0.000E+00 0.000E+00 0.000E+00 0.000E+00 0.429E-10 0.864E-08 0.000E+00 0.000E+00 0.000E+00 0.000E+00
    62.0 0.000E+00 0.000E+00 0.000E+00 0.000E+00 0.726E-10 0.682E-08 0.000E+00 0.000E+00 0.000E+00 0.000E+00
    63.0 0.000E+00 0.000E+00 0.000E+00 0.000E+00 0.108E-09 0.528E-08 0.000E+00 0.000E+00 0.000E+00 0.000E+00
    64.0 0.000E+00 0.000E+00 0.000E+00 0.000E+00 0.144E-09 0.402E-08 0.000E+00 0.000E+00 0.000E+00 0.000E+00
    65.0 0.000E+00 0.000E+00 0.000E+00 0.000E+00 0.176E-09 0.302E-08 0.000E+00 0.000E+00 0.000E+00 0.000E+00
    66.0 0.000E+00 0.000E+00 0.000E+00 0.000E+00 0.200E-09 0.224E-08 0.000E+00 0.000E+00 0.000E+00 0.000E+00
    67.0 0.000E+00 0.000E+00 0.000E+00 0.000E+00 0.215E-09 0.164E-08 0.000E+00 0.000E+00 0.000E+00 0.000E+00
    68.0 0.000E+00 0.000E+00 0.000E+00 0.243E-15 0.219E-09 0.119E-08 0.000E+00 0.000E+00 0.000E+00 0.000E+00
    69.0 0.000E+00 0.000E+00 0.000E+00 0.179E-14 0.214E-09 0.857E-09 0.000E+00 0.000E+00 0.000E+00 0.000E+00
    70.0 0.000E+00 0.000E+00 0.000E+00 0.954E-14 0.201E-09 0.612E-09 0.000E+00 0.000E+00 0.000E+00 0.000E+00
    71.0 0.000E+00 0.000E+00 0.000E+00 0.385E-13 0.184E-09 0.434E-09 0.000E+00 0.000E+00 0.000E+00 0.000E+00

  E*/MeV   182Po     183Po     184Po     185Po     186Po     187Po     188Po     189Po     190Po     191Po  
    56.0 0.000E+00 0.000E+00 0.000E+00 0.000E+00 0.000E+00 0.872E-09 0.467E-07 0.294E-07 0.000E+00 0.000E+00
    57.0 0.000E+00 0.000E+00 0.000E+00 0.000E+00 0.000E+00 0.169E-08 0.364E-07 0.184E-07 0.000E+00 0.000E+00
    58.0 0.000E+00 0.000E+00 0.000E+00 0.000E+00 0.000E+00 0.294E-08 0.278E-07 0.112E-07 0.000E+00 0.000E+00
    59.0 0.000E+00 0.000E+00 0.000E+00 0.000E+00 0.000E+00 0.462E-08 0.209E-07 0.642E-08 0.000E+00 0.000E+00
    60.0 0.000E+00 0.000E+00 0.000E+00 0.000E+00 0.000E+00 0.663E-08 0.155E-07 0.286E-08 0.000E+00 0.000E+00
    61.0 0.000E+00 0.000E+00 0.000E+00 0.000E+00 0.613E-14 0.878E-08 0.113E-07 0.805E-09 0.000E+00 0.000E+00
    62.0 0.000E+00 0.000E+00 0.000E+00 0.000E+00 0.302E-13 0.108E-07 0.817E-08 0.000E+00 0.000E+00 0.000E+00
    63.0 0.000E+00 0.000E+00 0.000E+00 0.000E+00 0.124E-12 0.126E-07 0.583E-08 0.000E+00 0.000E+00 0.000E+00
    64.0 0.000E+00 0.000E+00 0.000E+00 0.000E+00 0.427E-12 0.138E-07 0.413E-08 0.000E+00 0.000E+00 0.000E+00
    65.0 0.000E+00 0.000E+00 0.000E+00 0.000E+00 0.126E-11 0.145E-07 0.290E-08 0.000E+00 0.000E+00 0.000E+00
    66.0 0.000E+00 0.000E+00 0.000E+00 0.000E+00 0.321E-11 0.145E-07 0.201E-08 0.000E+00 0.000E+00 0.000E+00
    67.0 0.000E+00 0.000E+00 0.000E+00 0.000E+00 0.720E-11 0.140E-07 0.138E-08 0.000E+00 0.000E+00 0.000E+00
    68.0 0.000E+00 0.000E+00 0.000E+00 0.000E+00 0.144E-10 0.131E-07 0.926E-09 0.000E+00 0.000E+00 0.000E+00
    69.0 0.000E+00 0.000E+00 0.000E+00 0.000E+00 0.258E-10 0.120E-07 0.593E-09 0.000E+00 0.000E+00 0.000E+00
    70.0 0.000E+00 0.000E+00 0.000E+00 0.000E+00 0.421E-10 0.106E-07 0.357E-09 0.000E+00 0.000E+00 0.000E+00
    71.0 0.000E+00 0.000E+00 0.000E+00 0.000E+00 0.633E-10 0.920E-08 0.118E-09 0.000E+00 0.000E+00 0.000E+00

  E*/MeV   181Bi     182Bi     183Bi     184Bi     185Bi     186Bi     187Bi     188Bi     189Bi     190Bi  
    56.0 0.000E+00 0.000E+00 0.000E+00 0.363E-10 0.663E-06 0.700E-06 0.369E-06 0.229E-04 0.792E-06 0.000E+00
    57.0 0.000E+00 0.000E+00 0.000E+00 0.106E-09 0.629E-06 0.478E-06 0.571E-06 0.201E-04 0.513E-06 0.000E+00
    58.0 0.000E+00 0.000E+00 0.000E+00 0.277E-09 0.572E-06 0.323E-06 0.824E-06 0.173E-04 0.330E-06 0.000E+00
    59.0 0.000E+00 0.000E+00 0.000E+00 0.652E-09 0.502E-06 0.217E-06 0.112E-05 0.145E-04 0.211E-06 0.000E+00
    60.0 0.000E+00 0.000E+00 0.000E+00 0.139E-08 0.426E-06 0.145E-06 0.142E-05 0.118E-04 0.134E-06 0.000E+00
    61.0 0.000E+00 0.000E+00 0.000E+00 0.272E-08 0.353E-06 0.959E-07 0.171E-05 0.950E-05 0.835E-07 0.000E+00
    62.0 0.000E+00 0.000E+00 0.000E+00 0.487E-08 0.285E-06 0.634E-07 0.197E-05 0.750E-05 0.520E-07 0.000E+00
    63.0 0.000E+00 0.000E+00 0.000E+00 0.804E-08 0.225E-06 0.419E-07 0.215E-05 0.582E-05 0.316E-07 0.000E+00
    64.0 0.000E+00 0.000E+00 0.000E+00 0.123E-07 0.175E-06 0.280E-07 0.226E-05 0.445E-05 0.187E-07 0.000E+00
    65.0 0.000E+00 0.000E+00 0.000E+00 0.175E-07 0.134E-06 0.196E-07 0.229E-05 0.337E-05 0.977E-08 0.000E+00
    66.0 0.000E+00 0.000E+00 0.000E+00 0.233E-07 0.101E-06 0.152E-07 0.223E-05 0.251E-05 0.413E-08 0.000E+00
    67.0 0.000E+00 0.000E+00 0.723E-12 0.291E-07 0.749E-07 0.144E-07 0.212E-05 0.184E-05 0.000E+00 0.000E+00
    68.0 0.000E+00 0.000E+00 0.218E-11 0.344E-07 0.552E-07 0.171E-07 0.195E-05 0.134E-05 0.000E+00 0.000E+00
    69.0 0.000E+00 0.000E+00 0.589E-11 0.386E-07 0.402E-07 0.235E-07 0.175E-05 0.960E-06 0.000E+00 0.000E+00
    70.0 0.000E+00 0.000E+00 0.144E-10 0.415E-07 0.291E-07 0.341E-07 0.154E-05 0.672E-06 0.000E+00 0.000E+00
    71.0 0.000E+00 0.000E+00 0.322E-10 0.427E-07 0.208E-07 0.490E-07 0.133E-05 0.462E-06 0.000E+00 0.000E+00

 Z-Verteilung  
 E*/MeV     Bi         Po         At  
   56.0  0.254E-04 0.769E-07 0.198E-07
   57.0  0.223E-04 0.564E-07 0.179E-07
   58.0  0.193E-04 0.419E-07 0.156E-07
   59.0  0.165E-04 0.319E-07 0.131E-07
   60.0  0.140E-04 0.250E-07 0.107E-07
   61.0  0.118E-04 0.209E-07 0.868E-08
   62.0  0.987E-05 0.190E-07 0.689E-08
   63.0  0.828E-05 0.184E-07 0.539E-08
   64.0  0.695E-05 0.179E-07 0.417E-08
   65.0  0.583E-05 0.174E-07 0.320E-08
   66.0  0.488E-05 0.165E-07 0.244E-08
   67.0  0.407E-05 0.154E-07 0.186E-08
   68.0  0.339E-05 0.141E-07 0.141E-08
   69.0  0.282E-05 0.126E-07 0.107E-08
   70.0  0.232E-05 0.110E-07 0.813E-09
   71.0  0.190E-05 0.938E-08 0.618E-09

 Z und A Mittelwerte    
   E*/MeV     MW.Z  St.Abw.Z      MW.A  St.Abw.A
    56.0     83.00      0.08    187.88      0.61
    57.0     83.00      0.08    187.87      0.61
    58.0     83.00      0.07    187.85      0.61
    59.0     83.00      0.07    187.83      0.61
    60.0     83.00      0.07    187.80      0.62
    61.0     83.00      0.07    187.75      0.63
    62.0     83.00      0.07    187.70      0.64
    63.0     83.00      0.07    187.65      0.65
    64.0     83.00      0.07    187.59      0.65
    65.0     83.00      0.07    187.52      0.66
    66.0     83.00      0.07    187.46      0.66
    67.0     83.00      0.07    187.39      0.66
    68.0     83.00      0.08    187.33      0.67
    69.0     83.01      0.08    187.26      0.68
    70.0     83.01      0.08    187.20      0.69
    71.0     83.01      0.08    187.13      0.70

 HIVAP  CASOUT

   93Nb 99Ru 192At IFUS10 barfac0.54 sigr3.0 09/02/2023 13:45 Sitarcik  


     E_lab  A*MeV   E*/MeV     SI_fus      SI_VR     SI_Spalt  L_krit     b_Spalt

   483.769    5.20    72.0  0.2319E+03  0.1561E-05  0.2245E+03    65.0       96.80
   485.708    5.22    73.0  0.2310E+03  0.1267E-05  0.2236E+03    65.0       96.81
   487.647    5.24    74.0  0.2301E+03  0.9708E-06  0.2228E+03    65.0       96.82
   489.587    5.26    75.0  0.2292E+03  0.8186E-06  0.2219E+03    65.0       96.83
   491.526    5.29    76.0  0.2283E+03  0.6962E-06  0.2211E+03    65.0       96.84
   493.466    5.31    77.0  0.2274E+03  0.6084E-06  0.2202E+03    65.0       96.85
   495.405    5.33    78.0  0.2265E+03  0.5344E-06  0.2194E+03    65.0       96.85
   497.344    5.35    79.0  0.2256E+03  0.4698E-06  0.2185E+03    65.0       96.86
   499.284    5.37    80.0  0.2247E+03  0.4099E-06  0.2177E+03    65.0       96.87
   501.223    5.39    81.0  0.2239E+03  0.3480E-06  0.2169E+03    65.0       96.88
   503.163    5.41    82.0  0.2230E+03  0.2771E-06  0.2160E+03    65.0       96.89
   505.102    5.43    83.0  0.2221E+03  0.2330E-06  0.2152E+03    65.0       96.89
   507.041    5.45    84.0  0.2213E+03  0.2140E-06  0.2144E+03    65.0       96.90
   508.981    5.47    85.0  0.2204E+03  0.1533E+01  0.2098E+03    65.0       95.15
   510.920    5.49    86.0  0.2196E+03  0.1495E+01  0.2089E+03    65.0       95.11
   512.860    5.51    87.0  0.2188E+03  0.1458E+01  0.2080E+03    65.0       95.06

     Querschnitte / mbarn

  E*/MeV   183At     184At     185At     186At     187At     188At     189At     190At     191At     192At  
    72.0 0.000E+00 0.000E+00 0.000E+00 0.123E-12 0.163E-09 0.306E-09 0.000E+00 0.000E+00 0.000E+00 0.000E+00
    73.0 0.000E+00 0.000E+00 0.000E+00 0.324E-12 0.141E-09 0.214E-09 0.000E+00 0.000E+00 0.000E+00 0.000E+00
    74.0 0.000E+00 0.000E+00 0.000E+00 0.719E-12 0.120E-09 0.148E-09 0.000E+00 0.000E+00 0.000E+00 0.000E+00
    75.0 0.000E+00 0.000E+00 0.000E+00 0.139E-11 0.997E-10 0.102E-09 0.000E+00 0.000E+00 0.000E+00 0.000E+00
    76.0 0.000E+00 0.000E+00 0.000E+00 0.237E-11 0.816E-10 0.690E-10 0.000E+00 0.000E+00 0.000E+00 0.000E+00
    77.0 0.000E+00 0.000E+00 0.000E+00 0.367E-11 0.658E-10 0.438E-10 0.000E+00 0.000E+00 0.000E+00 0.000E+00
    78.0 0.000E+00 0.000E+00 0.000E+00 0.521E-11 0.524E-10 0.248E-10 0.000E+00 0.000E+00 0.000E+00 0.000E+00
    79.0 0.000E+00 0.000E+00 0.000E+00 0.689E-11 0.412E-10 0.934E-11 0.000E+00 0.000E+00 0.000E+00 0.000E+00
    80.0 0.000E+00 0.000E+00 0.577E-17 0.855E-11 0.321E-10 0.437E-11 0.000E+00 0.000E+00 0.000E+00 0.000E+00
    81.0 0.000E+00 0.000E+00 0.318E-16 0.101E-10 0.248E-10 0.000E+00 0.000E+00 0.000E+00 0.000E+00 0.000E+00
    82.0 0.000E+00 0.000E+00 0.137E-15 0.113E-10 0.189E-10 0.000E+00 0.000E+00 0.000E+00 0.000E+00 0.000E+00
    83.0 0.000E+00 0.000E+00 0.475E-15 0.122E-10 0.144E-10 0.000E+00 0.000E+00 0.000E+00 0.000E+00 0.000E+00
    84.0 0.000E+00 0.000E+00 0.136E-14 0.127E-10 0.108E-10 0.000E+00 0.000E+00 0.000E+00 0.000E+00 0.000E+00
    85.0 0.000E+00 0.000E+00 0.000E+00 0.000E+00 0.806E-11 0.000E+00 0.000E+00 0.000E+00 0.000E+00 0.153E+01
    86.0 0.000E+00 0.000E+00 0.000E+00 0.000E+00 0.597E-11 0.000E+00 0.000E+00 0.000E+00 0.000E+00 0.149E+01
    87.0 0.000E+00 0.000E+00 0.000E+00 0.000E+00 0.434E-11 0.000E+00 0.000E+00 0.000E+00 0.000E+00 0.146E+01

  E*/MeV   182Po     183Po     184Po     185Po     186Po     187Po     188Po     189Po     190Po     191Po  
    72.0 0.000E+00 0.000E+00 0.000E+00 0.000E+00 0.884E-10 0.781E-08 0.130E-10 0.000E+00 0.000E+00 0.000E+00
    73.0 0.000E+00 0.000E+00 0.000E+00 0.104E-14 0.116E-09 0.652E-08 0.000E+00 0.000E+00 0.000E+00 0.000E+00
    74.0 0.000E+00 0.000E+00 0.000E+00 0.305E-14 0.143E-09 0.535E-08 0.000E+00 0.000E+00 0.000E+00 0.000E+00
    75.0 0.000E+00 0.000E+00 0.000E+00 0.771E-14 0.167E-09 0.433E-08 0.000E+00 0.000E+00 0.000E+00 0.000E+00
    76.0 0.000E+00 0.000E+00 0.000E+00 0.179E-13 0.188E-09 0.346E-08 0.000E+00 0.000E+00 0.000E+00 0.000E+00
    77.0 0.000E+00 0.000E+00 0.000E+00 0.400E-13 0.202E-09 0.273E-08 0.000E+00 0.000E+00 0.000E+00 0.000E+00
    78.0 0.000E+00 0.000E+00 0.000E+00 0.876E-13 0.210E-09 0.213E-08 0.000E+00 0.000E+00 0.000E+00 0.000E+00
    79.0 0.000E+00 0.000E+00 0.000E+00 0.187E-12 0.211E-09 0.165E-08 0.000E+00 0.000E+00 0.000E+00 0.000E+00
    80.0 0.000E+00 0.000E+00 0.000E+00 0.386E-12 0.207E-09 0.127E-08 0.000E+00 0.000E+00 0.000E+00 0.000E+00
    81.0 0.000E+00 0.000E+00 0.000E+00 0.752E-12 0.197E-09 0.963E-09 0.000E+00 0.000E+00 0.000E+00 0.000E+00
    82.0 0.000E+00 0.000E+00 0.000E+00 0.138E-11 0.184E-09 0.728E-09 0.000E+00 0.000E+00 0.000E+00 0.000E+00
    83.0 0.000E+00 0.000E+00 0.000E+00 0.236E-11 0.168E-09 0.544E-09 0.000E+00 0.000E+00 0.000E+00 0.000E+00
    84.0 0.000E+00 0.000E+00 0.000E+00 0.380E-11 0.150E-09 0.405E-09 0.000E+00 0.000E+00 0.000E+00 0.000E+00
    85.0 0.000E+00 0.000E+00 0.000E+00 0.385E-11 0.120E-09 0.299E-09 0.000E+00 0.000E+00 0.000E+00 0.000E+00
    86.0 0.000E+00 0.000E+00 0.000E+00 0.565E-11 0.104E-09 0.218E-09 0.000E+00 0.000E+00 0.000E+00 0.000E+00
    87.0 0.000E+00 0.000E+00 0.124E-16 0.783E-11 0.891E-10 0.158E-09 0.000E+00 0.000E+00 0.000E+00 0.000E+00

  E*/MeV   181Bi     182Bi     183Bi     184Bi     185Bi     186Bi     187Bi     188Bi     189Bi     190Bi  
    72.0 0.000E+00 0.000E+00 0.655E-10 0.425E-07 0.148E-07 0.681E-07 0.112E-05 0.306E-06 0.000E+00 0.000E+00
    73.0 0.000E+00 0.000E+00 0.122E-09 0.409E-07 0.105E-07 0.907E-07 0.932E-06 0.186E-06 0.000E+00 0.000E+00
    74.0 0.000E+00 0.000E+00 0.211E-09 0.382E-07 0.741E-08 0.116E-06 0.763E-06 0.401E-07 0.000E+00 0.000E+00
    75.0 0.000E+00 0.000E+00 0.337E-09 0.348E-07 0.522E-08 0.141E-06 0.616E-06 0.164E-07 0.000E+00 0.000E+00
    76.0 0.000E+00 0.000E+00 0.503E-09 0.310E-07 0.369E-08 0.166E-06 0.491E-06 0.000E+00 0.000E+00 0.000E+00
    77.0 0.000E+00 0.000E+00 0.703E-09 0.270E-07 0.268E-08 0.188E-06 0.386E-06 0.000E+00 0.000E+00 0.000E+00
    78.0 0.000E+00 0.000E+00 0.927E-09 0.231E-07 0.206E-08 0.206E-06 0.300E-06 0.000E+00 0.000E+00 0.000E+00
    79.0 0.000E+00 0.000E+00 0.116E-08 0.194E-07 0.178E-08 0.219E-06 0.226E-06 0.000E+00 0.000E+00 0.000E+00
    80.0 0.000E+00 0.000E+00 0.138E-08 0.161E-07 0.181E-08 0.226E-06 0.163E-06 0.000E+00 0.000E+00 0.000E+00
    81.0 0.000E+00 0.383E-13 0.157E-08 0.132E-07 0.212E-08 0.227E-06 0.103E-06 0.000E+00 0.000E+00 0.000E+00
    82.0 0.000E+00 0.103E-12 0.172E-08 0.106E-07 0.273E-08 0.222E-06 0.387E-07 0.000E+00 0.000E+00 0.000E+00
    83.0 0.000E+00 0.253E-12 0.182E-08 0.850E-08 0.360E-08 0.213E-06 0.524E-08 0.000E+00 0.000E+00 0.000E+00
    84.0 0.000E+00 0.570E-12 0.187E-08 0.672E-08 0.471E-08 0.200E-06 0.000E+00 0.000E+00 0.000E+00 0.000E+00
    85.0 0.000E+00 0.000E+00 0.000E+00 0.000E+00 0.000E+00 0.000E+00 0.000E+00 0.000E+00 0.000E+00 0.000E+00
    86.0 0.000E+00 0.000E+00 0.000E+00 0.000E+00 0.000E+00 0.000E+00 0.000E+00 0.000E+00 0.000E+00 0.000E+00
    87.0 0.000E+00 0.000E+00 0.000E+00 0.000E+00 0.000E+00 0.000E+00 0.000E+00 0.000E+00 0.000E+00 0.000E+00

 Z-Verteilung  
 E*/MeV     Bi         Po         At  
   72.0  0.155E-05 0.792E-08 0.469E-09
   73.0  0.126E-05 0.664E-08 0.355E-09
   74.0  0.965E-06 0.550E-08 0.269E-09
   75.0  0.814E-06 0.450E-08 0.203E-09
   76.0  0.692E-06 0.365E-08 0.153E-09
   77.0  0.605E-06 0.293E-08 0.113E-09
   78.0  0.532E-06 0.234E-08 0.824E-10
   79.0  0.468E-06 0.186E-08 0.575E-10
   80.0  0.408E-06 0.147E-08 0.450E-10
   81.0  0.347E-06 0.116E-08 0.348E-10
   82.0  0.276E-06 0.913E-09 0.302E-10
   83.0  0.232E-06 0.714E-09 0.265E-10
   84.0  0.213E-06 0.559E-09 0.235E-10
   85.0  0.000E+00 0.423E-09 0.153E+01
   86.0  0.000E+00 0.327E-09 0.149E+01
   87.0  0.000E+00 0.255E-09 0.146E+01

 Z und A Mittelwerte    
   E*/MeV     MW.Z  St.Abw.Z      MW.A  St.Abw.A
    72.0     83.01      0.08    187.05      0.72
    73.0     83.01      0.08    186.96      0.74
    74.0     83.01      0.08    186.79      0.71
    75.0     83.01      0.08    186.71      0.72
    76.0     83.01      0.08    186.61      0.72
    77.0     83.01      0.07    186.54      0.73
    78.0     83.00      0.07    186.47      0.73
    79.0     83.00      0.07    186.39      0.72
    80.0     83.00      0.06    186.31      0.71
    81.0     83.00      0.06    186.20      0.68
    82.0     83.00      0.06    186.04      0.60
    83.0     83.00      0.06    185.91      0.50
    84.0     83.00      0.06    185.89      0.47
    85.0     85.00      0.00    192.00      0.00
    86.0     85.00      0.00    192.00      0.00
    87.0     85.00      0.00    192.00      0.00

 HIVAP  CASOUT

   93Nb 99Ru 192At IFUS10 barfac0.54 sigr3.0 09/02/2023 13:45 Sitarcik  


     E_lab  A*MeV   E*/MeV     SI_fus      SI_VR     SI_Spalt  L_krit     b_Spalt

   514.799    5.54    88.0  0.2180E+03  0.1423E+01  0.2071E+03    65.0       95.01
   516.738    5.56    89.0  0.2171E+03  0.1389E+01  0.2062E+03    65.0       94.96
   518.678    5.58    90.0  0.2163E+03  0.1355E+01  0.2053E+03    65.0       94.91
   520.617    5.60    91.0  0.2155E+03  0.1321E+01  0.2045E+03    65.0       94.87

     Querschnitte / mbarn

  E*/MeV   183At     184At     185At     186At     187At     188At     189At     190At     191At     192At  
    88.0 0.000E+00 0.000E+00 0.000E+00 0.000E+00 0.313E-11 0.000E+00 0.000E+00 0.000E+00 0.000E+00 0.142E+01
    89.0 0.000E+00 0.000E+00 0.000E+00 0.000E+00 0.212E-11 0.000E+00 0.000E+00 0.000E+00 0.000E+00 0.139E+01
    90.0 0.000E+00 0.000E+00 0.000E+00 0.000E+00 0.130E-11 0.000E+00 0.000E+00 0.000E+00 0.000E+00 0.135E+01
    91.0 0.000E+00 0.000E+00 0.000E+00 0.000E+00 0.641E-12 0.000E+00 0.000E+00 0.000E+00 0.000E+00 0.132E+01

  E*/MeV   182Po     183Po     184Po     185Po     186Po     187Po     188Po     189Po     190Po     191Po  
    88.0 0.000E+00 0.000E+00 0.458E-16 0.103E-10 0.753E-10 0.110E-09 0.000E+00 0.000E+00 0.000E+00 0.000E+00
    89.0 0.000E+00 0.000E+00 0.168E-15 0.143E-10 0.689E-10 0.763E-10 0.000E+00 0.000E+00 0.000E+00 0.000E+00
    90.0 0.000E+00 0.000E+00 0.475E-15 0.172E-10 0.569E-10 0.467E-10 0.000E+00 0.000E+00 0.000E+00 0.000E+00
    91.0 0.000E+00 0.000E+00 0.120E-14 0.200E-10 0.465E-10 0.174E-10 0.000E+00 0.000E+00 0.000E+00 0.000E+00

  E*/MeV   181Bi     182Bi     183Bi     184Bi     185Bi     186Bi     187Bi     188Bi     189Bi     190Bi  
    88.0 0.000E+00 0.000E+00 0.000E+00 0.000E+00 0.000E+00 0.000E+00 0.000E+00 0.000E+00 0.000E+00 0.000E+00
    89.0 0.000E+00 0.000E+00 0.000E+00 0.000E+00 0.000E+00 0.000E+00 0.000E+00 0.000E+00 0.000E+00 0.000E+00
    90.0 0.000E+00 0.000E+00 0.000E+00 0.000E+00 0.000E+00 0.000E+00 0.000E+00 0.000E+00 0.000E+00 0.000E+00
    91.0 0.000E+00 0.000E+00 0.000E+00 0.000E+00 0.000E+00 0.000E+00 0.000E+00 0.000E+00 0.000E+00 0.000E+00

 Z-Verteilung  
 E*/MeV     Bi         Po         At  
   88.0  0.000E+00 0.196E-09 0.142E+01
   89.0  0.000E+00 0.160E-09 0.139E+01
   90.0  0.000E+00 0.121E-09 0.135E+01
   91.0  0.000E+00 0.839E-10 0.132E+01

 Z und A Mittelwerte    
   E*/MeV     MW.Z  St.Abw.Z      MW.A  St.Abw.A
    88.0     85.00      0.00    192.00      0.00
    89.0     85.00      0.00    192.00      0.00
    90.0     85.00      0.00    192.00      0.00
    91.0     85.00      0.00    192.00      0.00
                                                                        
           



 Ende HIVAP 
