          Programm HIVAP,  Autor  W.Reisdorf   Version fuer "rzri6f" vom  7. 6. 1994

           Bearbeitung F.P.Heﬂberger
           
   90Zr 103Rh 193At IFUS10 barfac0.53 sigr3.0 09/11/2023 10:40 Sitarcik 
           

 Unterprogramm SEPENF

 benutzt Sierks Programm BARFIT 
 Q-Wert  -176.768 MeV
 Massen aus der Datei "mlz.dat" 

         Exp. Schaleneffekte,  SHELL0=    0.00
          At  184   At  185   At  186   At  187   At  188   At  189   At  190   At  191   At  192   At  193
             -0.96     -0.15     -0.95     -0.13     -0.92     -0.10     -0.88     -0.07     -0.87     -0.14
          Po  183   Po  184   Po  185   Po  186   Po  187   Po  188   Po  189   Po  190   Po  191   Po  192
             -0.41      0.51     -0.23      0.60     -0.21      0.55     -0.34      0.34     -0.63     -0.03
          Bi  182   Bi  183   Bi  184   Bi  185   Bi  186   Bi  187   Bi  188   Bi  189   Bi  190   Bi  191
             -2.02     -1.09     -1.82     -0.98     -1.79     -1.03     -1.92     -1.24     -2.20     -1.60
          Pb  181   Pb  182   Pb  183   Pb  184   Pb  185   Pb  186   Pb  187   Pb  188   Pb  189   Pb  190
             -2.05     -1.11     -1.85     -1.00     -1.81     -1.05     -1.94     -1.26     -2.22     -1.62

           BARFAC=   0.530      BAR0=   0.000

          Separationsenergien (BN,BP,BA) und Spaltbarrieren
          At  184   At  185   At  186   At  187   At  188   At  189   At  190   At  191   At  192   At  193
             10.83     12.24     10.41     11.81     10.00     11.40      9.60     11.01      9.25     10.70
             -2.63     -2.25     -1.92     -1.64     -1.40     -1.20     -1.04     -0.93     -0.82     -0.71
             -9.93     -9.63     -9.36     -9.14     -8.96     -8.83     -8.72     -8.66     -8.59     -8.53
              3.19      2.50      3.44      2.75      3.66      2.97      3.88      3.20      4.13      3.52
             -1.62     -0.81     -1.61     -0.80     -1.60     -0.80     -1.60     -0.80     -1.59     -0.79
          Po  183   Po  184   Po  185   Po  186   Po  187   Po  188   Po  189   Po  190   Po  191   Po  192
             10.41     11.86     10.08     11.54      9.75     11.20      9.44     10.89      9.14     10.58
             -1.08     -0.82     -0.54     -0.28     -0.02      0.24      0.50      0.75      1.01      1.26
            -10.16     -9.96     -9.74     -9.53     -9.32     -9.12     -8.90     -8.69     -8.47     -8.26
              3.14      2.35      3.24      2.55      3.50      2.87      3.90      3.36      4.46      4.00
             -0.81      0.00     -0.81      0.00     -0.80      0.00     -0.80      0.00     -0.80      0.00
          Bi  182   Bi  183   Bi  184   Bi  185   Bi  186   Bi  187   Bi  188   Bi  189   Bi  190   Bi  191
             10.14     11.60      9.81     11.27      9.49     10.95      9.18     10.64      8.88     10.33
             -2.30     -2.03     -1.76     -1.49     -1.22     -0.96     -0.69     -0.43     -0.17      0.09
             -8.19     -7.99     -7.78     -7.58     -7.36     -7.16     -6.93     -6.73     -6.50     -6.30
              5.30      4.52      5.41      4.71      5.67      5.06      6.09      5.55      6.65      6.18
             -1.63     -0.81     -1.62     -0.81     -1.61     -0.80     -1.60     -0.80     -1.60     -0.80
          Pb  181   Pb  182   Pb  183   Pb  184   Pb  185   Pb  186   Pb  187   Pb  188   Pb  189   Pb  190
              9.86     11.33      9.54     11.00      9.22     10.68      8.92     10.38      8.62     10.08
              1.42      1.68      1.94      2.20      2.46      2.71      2.97      3.22      3.47      3.72
             -6.22     -6.03     -5.81     -5.61     -5.39     -5.19     -4.97     -4.76     -4.54     -4.33
              5.94      5.17      6.06      5.37      6.34      5.72      6.76      6.22      7.33      6.86
             -0.82      0.00     -0.81      0.00     -0.81      0.00     -0.80      0.00     -0.80      0.00

 benutzter Q-Wert  -176.768 MeV    effektiver Q-Wert  -176.768 MeV

 HIVAP  CASOUT

   90Zr 103Rh 193At IFUS10 barfac0.53 sigr3.0 09/11/2023 10:40 Sitarcik 


     E_lab  A*MeV   E*/MeV     SI_fus      SI_VR     SI_Spalt  L_krit     b_Spalt

   346.215    3.85     8.0  0.7449E-04  0.5510E-07  0.7443E-04     0.0       99.93
   348.089    3.87     9.0  0.3763E-03  0.1588E-06  0.3762E-03     0.0       99.96
   349.963    3.89    10.0  0.1798E-02  0.6939E-06  0.1798E-02     0.0       99.96
   351.837    3.91    11.0  0.7419E-02  0.2931E-05  0.7416E-02     0.0       99.96
   353.711    3.93    12.0  0.2405E-01  0.8810E-05  0.2404E-01     0.0       99.96
   355.584    3.95    13.0  0.6101E-01  0.1951E-04  0.6099E-01     0.0       99.97
   357.458    3.97    14.0  0.1312E+00  0.3616E-04  0.1311E+00     0.0       99.97
   359.332    3.99    15.0  0.2565E+00  0.6730E-04  0.2564E+00     0.0       99.97
   361.206    4.01    16.0  0.4634E+00  0.1189E-03  0.4633E+00     0.0       99.97
   363.079    4.03    17.0  0.7859E+00  0.1569E-03  0.7858E+00     0.0       99.98
   364.953    4.06    18.0  0.1268E+01  0.1680E-03  0.1268E+01     0.0       99.99
   366.827    4.08    19.0  0.1962E+01  0.1640E-03  0.1962E+01     0.0       99.99
   368.701    4.10    20.0  0.2938E+01  0.1536E-03  0.2938E+01     0.0       99.98
   370.575    4.12    21.0  0.4270E+01  0.1417E-03  0.4269E+01     0.0       99.99
   372.448    4.14    22.0  0.6047E+01  0.1358E-03  0.6044E+01     0.0       99.96
   374.322    4.16    23.0  0.8351E+01  0.1425E-03  0.8345E+01     0.0       99.93

     Querschnitte / mbarn

  E*/MeV   184At     185At     186At     187At     188At     189At     190At     191At     192At     193At  
     8.0 0.000E+00 0.000E+00 0.000E+00 0.000E+00 0.000E+00 0.000E+00 0.000E+00 0.000E+00 0.000E+00 0.466E-07
     9.0 0.000E+00 0.000E+00 0.000E+00 0.000E+00 0.000E+00 0.000E+00 0.000E+00 0.000E+00 0.000E+00 0.809E-07
    10.0 0.000E+00 0.000E+00 0.000E+00 0.000E+00 0.000E+00 0.000E+00 0.000E+00 0.000E+00 0.000E+00 0.135E-06
    11.0 0.000E+00 0.000E+00 0.000E+00 0.000E+00 0.000E+00 0.000E+00 0.000E+00 0.000E+00 0.143E-09 0.195E-06
    12.0 0.000E+00 0.000E+00 0.000E+00 0.000E+00 0.000E+00 0.000E+00 0.000E+00 0.000E+00 0.635E-07 0.210E-06
    13.0 0.000E+00 0.000E+00 0.000E+00 0.000E+00 0.000E+00 0.000E+00 0.000E+00 0.000E+00 0.170E-05 0.201E-06
    14.0 0.000E+00 0.000E+00 0.000E+00 0.000E+00 0.000E+00 0.000E+00 0.000E+00 0.000E+00 0.850E-05 0.176E-06
    15.0 0.000E+00 0.000E+00 0.000E+00 0.000E+00 0.000E+00 0.000E+00 0.000E+00 0.000E+00 0.303E-04 0.147E-06
    16.0 0.000E+00 0.000E+00 0.000E+00 0.000E+00 0.000E+00 0.000E+00 0.000E+00 0.000E+00 0.734E-04 0.122E-06
    17.0 0.000E+00 0.000E+00 0.000E+00 0.000E+00 0.000E+00 0.000E+00 0.000E+00 0.000E+00 0.102E-03 0.113E-06
    18.0 0.000E+00 0.000E+00 0.000E+00 0.000E+00 0.000E+00 0.000E+00 0.000E+00 0.000E+00 0.103E-03 0.920E-07
    19.0 0.000E+00 0.000E+00 0.000E+00 0.000E+00 0.000E+00 0.000E+00 0.000E+00 0.000E+00 0.901E-04 0.922E-07
    20.0 0.000E+00 0.000E+00 0.000E+00 0.000E+00 0.000E+00 0.000E+00 0.000E+00 0.000E+00 0.725E-04 0.798E-07
    21.0 0.000E+00 0.000E+00 0.000E+00 0.000E+00 0.000E+00 0.000E+00 0.000E+00 0.104E-08 0.549E-04 0.587E-07
    22.0 0.000E+00 0.000E+00 0.000E+00 0.000E+00 0.000E+00 0.000E+00 0.000E+00 0.285E-07 0.402E-04 0.000E+00
    23.0 0.000E+00 0.000E+00 0.000E+00 0.000E+00 0.000E+00 0.000E+00 0.000E+00 0.264E-06 0.286E-04 0.000E+00

  E*/MeV   183Po     184Po     185Po     186Po     187Po     188Po     189Po     190Po     191Po     192Po  
     8.0 0.000E+00 0.000E+00 0.000E+00 0.000E+00 0.000E+00 0.000E+00 0.000E+00 0.000E+00 0.000E+00 0.846E-08
     9.0 0.000E+00 0.000E+00 0.000E+00 0.000E+00 0.000E+00 0.000E+00 0.000E+00 0.000E+00 0.000E+00 0.771E-07
    10.0 0.000E+00 0.000E+00 0.000E+00 0.000E+00 0.000E+00 0.000E+00 0.000E+00 0.000E+00 0.000E+00 0.551E-06
    11.0 0.000E+00 0.000E+00 0.000E+00 0.000E+00 0.000E+00 0.000E+00 0.000E+00 0.000E+00 0.000E+00 0.268E-05
    12.0 0.000E+00 0.000E+00 0.000E+00 0.000E+00 0.000E+00 0.000E+00 0.000E+00 0.000E+00 0.000E+00 0.824E-05
    13.0 0.000E+00 0.000E+00 0.000E+00 0.000E+00 0.000E+00 0.000E+00 0.000E+00 0.000E+00 0.000E+00 0.166E-04
    14.0 0.000E+00 0.000E+00 0.000E+00 0.000E+00 0.000E+00 0.000E+00 0.000E+00 0.000E+00 0.000E+00 0.245E-04
    15.0 0.000E+00 0.000E+00 0.000E+00 0.000E+00 0.000E+00 0.000E+00 0.000E+00 0.000E+00 0.765E-11 0.296E-04
    16.0 0.000E+00 0.000E+00 0.000E+00 0.000E+00 0.000E+00 0.000E+00 0.000E+00 0.000E+00 0.153E-08 0.304E-04
    17.0 0.000E+00 0.000E+00 0.000E+00 0.000E+00 0.000E+00 0.000E+00 0.000E+00 0.000E+00 0.148E-07 0.276E-04
    18.0 0.000E+00 0.000E+00 0.000E+00 0.000E+00 0.000E+00 0.000E+00 0.000E+00 0.000E+00 0.792E-07 0.228E-04
    19.0 0.000E+00 0.000E+00 0.000E+00 0.000E+00 0.000E+00 0.000E+00 0.000E+00 0.000E+00 0.354E-06 0.176E-04
    20.0 0.000E+00 0.000E+00 0.000E+00 0.000E+00 0.000E+00 0.000E+00 0.000E+00 0.000E+00 0.127E-05 0.129E-04
    21.0 0.000E+00 0.000E+00 0.000E+00 0.000E+00 0.000E+00 0.000E+00 0.000E+00 0.000E+00 0.381E-05 0.911E-05
    22.0 0.000E+00 0.000E+00 0.000E+00 0.000E+00 0.000E+00 0.000E+00 0.000E+00 0.000E+00 0.965E-05 0.621E-05
    23.0 0.000E+00 0.000E+00 0.000E+00 0.000E+00 0.000E+00 0.000E+00 0.000E+00 0.000E+00 0.205E-04 0.413E-05

  E*/MeV   182Bi     183Bi     184Bi     185Bi     186Bi     187Bi     188Bi     189Bi     190Bi     191Bi  
     8.0 0.000E+00 0.000E+00 0.000E+00 0.000E+00 0.000E+00 0.000E+00 0.000E+00 0.646E-10 0.000E+00 0.000E+00
     9.0 0.000E+00 0.000E+00 0.000E+00 0.000E+00 0.000E+00 0.000E+00 0.000E+00 0.781E-09 0.000E+00 0.000E+00
    10.0 0.000E+00 0.000E+00 0.000E+00 0.000E+00 0.000E+00 0.000E+00 0.000E+00 0.797E-08 0.000E+00 0.000E+00
    11.0 0.000E+00 0.000E+00 0.000E+00 0.000E+00 0.000E+00 0.000E+00 0.000E+00 0.571E-07 0.000E+00 0.330E-12
    12.0 0.000E+00 0.000E+00 0.000E+00 0.000E+00 0.000E+00 0.000E+00 0.000E+00 0.297E-06 0.000E+00 0.140E-10
    13.0 0.000E+00 0.000E+00 0.000E+00 0.000E+00 0.000E+00 0.000E+00 0.000E+00 0.105E-05 0.000E+00 0.188E-09
    14.0 0.000E+00 0.000E+00 0.000E+00 0.000E+00 0.000E+00 0.000E+00 0.000E+00 0.298E-05 0.000E+00 0.152E-08
    15.0 0.000E+00 0.000E+00 0.000E+00 0.000E+00 0.000E+00 0.000E+00 0.000E+00 0.722E-05 0.000E+00 0.889E-08
    16.0 0.000E+00 0.000E+00 0.000E+00 0.000E+00 0.000E+00 0.000E+00 0.000E+00 0.149E-04 0.000E+00 0.399E-07
    17.0 0.000E+00 0.000E+00 0.000E+00 0.000E+00 0.000E+00 0.000E+00 0.000E+00 0.266E-04 0.000E+00 0.145E-06
    18.0 0.000E+00 0.000E+00 0.000E+00 0.000E+00 0.000E+00 0.000E+00 0.133E-09 0.407E-04 0.000E+00 0.452E-06
    19.0 0.000E+00 0.000E+00 0.000E+00 0.000E+00 0.000E+00 0.000E+00 0.189E-08 0.538E-04 0.000E+00 0.123E-05
    20.0 0.000E+00 0.000E+00 0.000E+00 0.000E+00 0.000E+00 0.000E+00 0.122E-07 0.620E-04 0.000E+00 0.301E-05
    21.0 0.000E+00 0.000E+00 0.000E+00 0.000E+00 0.000E+00 0.000E+00 0.553E-07 0.634E-04 0.000E+00 0.662E-05
    22.0 0.000E+00 0.000E+00 0.000E+00 0.000E+00 0.000E+00 0.000E+00 0.203E-06 0.589E-04 0.340E-11 0.133E-04
    23.0 0.000E+00 0.000E+00 0.000E+00 0.000E+00 0.000E+00 0.000E+00 0.634E-06 0.505E-04 0.575E-10 0.241E-04

  E*/MeV   181Pb     182Pb     183Pb     184Pb     185Pb     186Pb     187Pb     188Pb     189Pb     190Pb  
     8.0 0.000E+00 0.000E+00 0.000E+00 0.000E+00 0.000E+00 0.000E+00 0.000E+00 0.000E+00 0.000E+00 0.000E+00
     9.0 0.000E+00 0.000E+00 0.000E+00 0.000E+00 0.000E+00 0.000E+00 0.000E+00 0.000E+00 0.000E+00 0.000E+00
    10.0 0.000E+00 0.000E+00 0.000E+00 0.000E+00 0.000E+00 0.000E+00 0.000E+00 0.000E+00 0.000E+00 0.000E+00
    11.0 0.000E+00 0.000E+00 0.000E+00 0.000E+00 0.000E+00 0.000E+00 0.000E+00 0.000E+00 0.000E+00 0.000E+00
    12.0 0.000E+00 0.000E+00 0.000E+00 0.000E+00 0.000E+00 0.000E+00 0.000E+00 0.126E-09 0.000E+00 0.000E+00
    13.0 0.000E+00 0.000E+00 0.000E+00 0.000E+00 0.000E+00 0.000E+00 0.000E+00 0.837E-09 0.000E+00 0.000E+00
    14.0 0.000E+00 0.000E+00 0.000E+00 0.000E+00 0.000E+00 0.000E+00 0.000E+00 0.391E-08 0.000E+00 0.000E+00
    15.0 0.000E+00 0.000E+00 0.000E+00 0.000E+00 0.000E+00 0.000E+00 0.000E+00 0.147E-07 0.000E+00 0.000E+00
    16.0 0.000E+00 0.000E+00 0.000E+00 0.000E+00 0.000E+00 0.000E+00 0.000E+00 0.468E-07 0.000E+00 0.261E-13
    17.0 0.000E+00 0.000E+00 0.000E+00 0.000E+00 0.000E+00 0.000E+00 0.000E+00 0.130E-06 0.000E+00 0.932E-12
    18.0 0.000E+00 0.000E+00 0.000E+00 0.000E+00 0.000E+00 0.000E+00 0.000E+00 0.330E-06 0.000E+00 0.130E-10
    19.0 0.000E+00 0.000E+00 0.000E+00 0.000E+00 0.000E+00 0.000E+00 0.000E+00 0.775E-06 0.000E+00 0.107E-09
    20.0 0.000E+00 0.000E+00 0.000E+00 0.000E+00 0.000E+00 0.000E+00 0.000E+00 0.173E-05 0.000E+00 0.629E-09
    21.0 0.000E+00 0.000E+00 0.000E+00 0.000E+00 0.000E+00 0.000E+00 0.000E+00 0.367E-05 0.000E+00 0.281E-08
    22.0 0.000E+00 0.000E+00 0.000E+00 0.000E+00 0.000E+00 0.000E+00 0.339E-10 0.737E-05 0.000E+00 0.102E-07
    23.0 0.000E+00 0.000E+00 0.000E+00 0.000E+00 0.000E+00 0.000E+00 0.535E-09 0.138E-04 0.000E+00 0.310E-07

 Z-Verteilung  
 E*/MeV     Pb         Bi         Po         At  
    8.0  0.000E+00 0.646E-10 0.846E-08 0.466E-07
    9.0  0.000E+00 0.781E-09 0.771E-07 0.809E-07
   10.0  0.000E+00 0.797E-08 0.551E-06 0.135E-06
   11.0  0.000E+00 0.571E-07 0.268E-05 0.196E-06
   12.0  0.126E-09 0.297E-06 0.824E-05 0.274E-06
   13.0  0.837E-09 0.105E-05 0.166E-04 0.190E-05
   14.0  0.391E-08 0.298E-05 0.245E-04 0.868E-05
   15.0  0.147E-07 0.722E-05 0.296E-04 0.304E-04
   16.0  0.468E-07 0.150E-04 0.304E-04 0.735E-04
   17.0  0.130E-06 0.267E-04 0.276E-04 0.102E-03
   18.0  0.330E-06 0.412E-04 0.229E-04 0.104E-03
   19.0  0.775E-06 0.550E-04 0.180E-04 0.902E-04
   20.0  0.173E-05 0.650E-04 0.142E-04 0.726E-04
   21.0  0.368E-05 0.701E-04 0.129E-04 0.550E-04
   22.0  0.738E-05 0.724E-04 0.159E-04 0.402E-04
   23.0  0.139E-04 0.752E-04 0.246E-04 0.289E-04

 Z und A Mittelwerte    
   E*/MeV     MW.Z  St.Abw.Z      MW.A  St.Abw.A
     8.0     84.84      0.37    192.84      0.38
     9.0     84.50      0.51    192.49      0.56
    10.0     84.18      0.42    192.16      0.52
    11.0     84.05      0.29    192.01      0.49
    12.0     84.00      0.25    191.92      0.57
    13.0     84.04      0.39    191.85      0.69
    14.0     84.16      0.55    191.76      0.83
    15.0     84.34      0.66    191.68      0.93
    16.0     84.49      0.71    191.62      1.00
    17.0     84.48      0.77    191.49      1.13
    18.0     84.37      0.86    191.26      1.29
    19.0     84.21      0.93    190.99      1.42
    20.0     84.03      0.97    190.72      1.48
    21.0     83.84      0.98    190.48      1.49
    22.0     83.65      0.96    190.31      1.45
    23.0     83.48      0.92    190.22      1.40

 HIVAP  CASOUT

   90Zr 103Rh 193At IFUS10 barfac0.53 sigr3.0 09/11/2023 10:40 Sitarcik 


     E_lab  A*MeV   E*/MeV     SI_fus      SI_VR     SI_Spalt  L_krit     b_Spalt

   376.196    4.18    24.0  0.1126E+02  0.1661E-03  0.1125E+02     0.0       99.89
   378.070    4.20    25.0  0.1487E+02  0.2069E-03  0.1484E+02    17.0       99.85
   379.944    4.22    26.0  0.1924E+02  0.2588E-03  0.1921E+02    24.0       99.82
   381.817    4.24    27.0  0.2444E+02  0.3108E-03  0.2438E+02    30.0       99.76
   383.691    4.26    28.0  0.3051E+02  0.3556E-03  0.3042E+02    65.0       99.70
   385.565    4.28    29.0  0.3748E+02  0.3885E-03  0.3734E+02    65.0       99.65
   387.439    4.30    30.0  0.4533E+02  0.4067E-03  0.4514E+02    65.0       99.58
   389.313    4.33    31.0  0.5406E+02  0.4100E-03  0.5380E+02    65.0       99.52
   391.186    4.35    32.0  0.6359E+02  0.3983E-03  0.6325E+02    65.0       99.46
   393.060    4.37    33.0  0.7384E+02  0.3758E-03  0.7338E+02    65.0       99.38
   394.934    4.39    34.0  0.8471E+02  0.3492E-03  0.8413E+02    65.0       99.31
   396.808    4.41    35.0  0.9602E+02  0.3253E-03  0.9529E+02    65.0       99.23
   398.681    4.43    36.0  0.1077E+03  0.3103E-03  0.1068E+03    65.0       99.16
   400.555    4.45    37.0  0.1195E+03  0.3066E-03  0.1184E+03    65.0       99.10
   402.429    4.47    38.0  0.1313E+03  0.3128E-03  0.1301E+03    65.0       99.04
   404.303    4.49    39.0  0.1430E+03  0.3251E-03  0.1416E+03    65.0       99.00

     Querschnitte / mbarn

  E*/MeV   184At     185At     186At     187At     188At     189At     190At     191At     192At     193At  
    24.0 0.000E+00 0.000E+00 0.000E+00 0.000E+00 0.000E+00 0.000E+00 0.000E+00 0.124E-05 0.196E-04 0.000E+00
    25.0 0.000E+00 0.000E+00 0.000E+00 0.000E+00 0.000E+00 0.000E+00 0.000E+00 0.351E-05 0.130E-04 0.000E+00
    26.0 0.000E+00 0.000E+00 0.000E+00 0.000E+00 0.000E+00 0.000E+00 0.000E+00 0.651E-05 0.851E-05 0.000E+00
    27.0 0.000E+00 0.000E+00 0.000E+00 0.000E+00 0.000E+00 0.000E+00 0.000E+00 0.847E-05 0.537E-05 0.000E+00
    28.0 0.000E+00 0.000E+00 0.000E+00 0.000E+00 0.000E+00 0.000E+00 0.000E+00 0.882E-05 0.339E-05 0.000E+00
    29.0 0.000E+00 0.000E+00 0.000E+00 0.000E+00 0.000E+00 0.000E+00 0.000E+00 0.796E-05 0.200E-05 0.000E+00
    30.0 0.000E+00 0.000E+00 0.000E+00 0.000E+00 0.000E+00 0.000E+00 0.000E+00 0.649E-05 0.113E-05 0.000E+00
    31.0 0.000E+00 0.000E+00 0.000E+00 0.000E+00 0.000E+00 0.000E+00 0.000E+00 0.493E-05 0.614E-06 0.000E+00
    32.0 0.000E+00 0.000E+00 0.000E+00 0.000E+00 0.000E+00 0.000E+00 0.643E-11 0.354E-05 0.323E-06 0.000E+00
    33.0 0.000E+00 0.000E+00 0.000E+00 0.000E+00 0.000E+00 0.000E+00 0.197E-09 0.243E-05 0.141E-06 0.000E+00
    34.0 0.000E+00 0.000E+00 0.000E+00 0.000E+00 0.000E+00 0.000E+00 0.223E-08 0.161E-05 0.588E-07 0.000E+00
    35.0 0.000E+00 0.000E+00 0.000E+00 0.000E+00 0.000E+00 0.000E+00 0.137E-07 0.104E-05 0.245E-07 0.000E+00
    36.0 0.000E+00 0.000E+00 0.000E+00 0.000E+00 0.000E+00 0.000E+00 0.536E-07 0.653E-06 0.817E-08 0.000E+00
    37.0 0.000E+00 0.000E+00 0.000E+00 0.000E+00 0.000E+00 0.000E+00 0.150E-06 0.403E-06 0.000E+00 0.000E+00
    38.0 0.000E+00 0.000E+00 0.000E+00 0.000E+00 0.000E+00 0.000E+00 0.312E-06 0.245E-06 0.000E+00 0.000E+00
    39.0 0.000E+00 0.000E+00 0.000E+00 0.000E+00 0.000E+00 0.000E+00 0.507E-06 0.146E-06 0.000E+00 0.000E+00

  E*/MeV   183Po     184Po     185Po     186Po     187Po     188Po     189Po     190Po     191Po     192Po  
    24.0 0.000E+00 0.000E+00 0.000E+00 0.000E+00 0.000E+00 0.000E+00 0.000E+00 0.000E+00 0.366E-04 0.268E-05
    25.0 0.000E+00 0.000E+00 0.000E+00 0.000E+00 0.000E+00 0.000E+00 0.000E+00 0.000E+00 0.555E-04 0.171E-05
    26.0 0.000E+00 0.000E+00 0.000E+00 0.000E+00 0.000E+00 0.000E+00 0.000E+00 0.417E-10 0.721E-04 0.107E-05
    27.0 0.000E+00 0.000E+00 0.000E+00 0.000E+00 0.000E+00 0.000E+00 0.000E+00 0.430E-09 0.814E-04 0.651E-06
    28.0 0.000E+00 0.000E+00 0.000E+00 0.000E+00 0.000E+00 0.000E+00 0.000E+00 0.299E-08 0.818E-04 0.382E-06
    29.0 0.000E+00 0.000E+00 0.000E+00 0.000E+00 0.000E+00 0.000E+00 0.000E+00 0.156E-07 0.746E-04 0.217E-06
    30.0 0.000E+00 0.000E+00 0.000E+00 0.000E+00 0.000E+00 0.000E+00 0.000E+00 0.625E-07 0.629E-04 0.840E-07
    31.0 0.000E+00 0.000E+00 0.000E+00 0.000E+00 0.000E+00 0.000E+00 0.000E+00 0.198E-06 0.497E-04 0.240E-07
    32.0 0.000E+00 0.000E+00 0.000E+00 0.000E+00 0.000E+00 0.000E+00 0.000E+00 0.502E-06 0.373E-04 0.113E-07
    33.0 0.000E+00 0.000E+00 0.000E+00 0.000E+00 0.000E+00 0.000E+00 0.000E+00 0.104E-05 0.268E-04 0.481E-08
    34.0 0.000E+00 0.000E+00 0.000E+00 0.000E+00 0.000E+00 0.000E+00 0.000E+00 0.181E-05 0.186E-04 0.000E+00
    35.0 0.000E+00 0.000E+00 0.000E+00 0.000E+00 0.000E+00 0.000E+00 0.000E+00 0.265E-05 0.125E-04 0.000E+00
    36.0 0.000E+00 0.000E+00 0.000E+00 0.000E+00 0.000E+00 0.000E+00 0.000E+00 0.338E-05 0.820E-05 0.000E+00
    37.0 0.000E+00 0.000E+00 0.000E+00 0.000E+00 0.000E+00 0.000E+00 0.117E-11 0.381E-05 0.526E-05 0.000E+00
    38.0 0.000E+00 0.000E+00 0.000E+00 0.000E+00 0.000E+00 0.000E+00 0.105E-10 0.388E-05 0.331E-05 0.000E+00
    39.0 0.000E+00 0.000E+00 0.000E+00 0.000E+00 0.000E+00 0.000E+00 0.628E-10 0.363E-05 0.204E-05 0.000E+00

  E*/MeV   182Bi     183Bi     184Bi     185Bi     186Bi     187Bi     188Bi     189Bi     190Bi     191Bi  
    24.0 0.000E+00 0.000E+00 0.000E+00 0.000E+00 0.000E+00 0.000E+00 0.173E-05 0.405E-04 0.514E-09 0.394E-04
    25.0 0.000E+00 0.000E+00 0.000E+00 0.000E+00 0.000E+00 0.000E+00 0.419E-05 0.308E-04 0.320E-08 0.585E-04
    26.0 0.000E+00 0.000E+00 0.000E+00 0.000E+00 0.000E+00 0.000E+00 0.902E-05 0.223E-04 0.153E-07 0.789E-04
    27.0 0.000E+00 0.000E+00 0.000E+00 0.000E+00 0.000E+00 0.000E+00 0.174E-04 0.156E-04 0.598E-07 0.968E-04
    28.0 0.000E+00 0.000E+00 0.000E+00 0.000E+00 0.000E+00 0.236E-10 0.302E-04 0.105E-04 0.196E-06 0.109E-03
    29.0 0.000E+00 0.000E+00 0.000E+00 0.000E+00 0.000E+00 0.256E-09 0.473E-04 0.693E-05 0.557E-06 0.114E-03
    30.0 0.000E+00 0.000E+00 0.000E+00 0.000E+00 0.000E+00 0.165E-08 0.665E-04 0.447E-05 0.139E-05 0.110E-03
    31.0 0.000E+00 0.000E+00 0.000E+00 0.000E+00 0.000E+00 0.765E-08 0.839E-04 0.284E-05 0.310E-05 0.100E-03
    32.0 0.000E+00 0.000E+00 0.000E+00 0.000E+00 0.000E+00 0.285E-07 0.952E-04 0.177E-05 0.627E-05 0.864E-04
    33.0 0.000E+00 0.000E+00 0.000E+00 0.000E+00 0.000E+00 0.896E-07 0.977E-04 0.109E-05 0.116E-04 0.708E-04
    34.0 0.000E+00 0.000E+00 0.000E+00 0.000E+00 0.000E+00 0.245E-06 0.919E-04 0.663E-06 0.199E-04 0.555E-04
    35.0 0.000E+00 0.000E+00 0.000E+00 0.000E+00 0.000E+00 0.586E-06 0.801E-04 0.390E-06 0.315E-04 0.419E-04
    36.0 0.000E+00 0.000E+00 0.000E+00 0.000E+00 0.000E+00 0.124E-05 0.656E-04 0.224E-06 0.463E-04 0.306E-04
    37.0 0.000E+00 0.000E+00 0.000E+00 0.000E+00 0.000E+00 0.235E-05 0.509E-04 0.129E-06 0.632E-04 0.217E-04
    38.0 0.000E+00 0.000E+00 0.000E+00 0.000E+00 0.000E+00 0.398E-05 0.378E-04 0.871E-07 0.802E-04 0.150E-04
    39.0 0.000E+00 0.000E+00 0.000E+00 0.000E+00 0.000E+00 0.604E-05 0.271E-04 0.943E-07 0.950E-04 0.101E-04

  E*/MeV   181Pb     182Pb     183Pb     184Pb     185Pb     186Pb     187Pb     188Pb     189Pb     190Pb  
    24.0 0.000E+00 0.000E+00 0.000E+00 0.000E+00 0.000E+00 0.000E+00 0.364E-08 0.242E-04 0.000E+00 0.821E-07
    25.0 0.000E+00 0.000E+00 0.000E+00 0.000E+00 0.000E+00 0.000E+00 0.160E-07 0.395E-04 0.000E+00 0.194E-06
    26.0 0.000E+00 0.000E+00 0.000E+00 0.000E+00 0.000E+00 0.000E+00 0.551E-07 0.599E-04 0.000E+00 0.420E-06
    27.0 0.000E+00 0.000E+00 0.000E+00 0.000E+00 0.000E+00 0.000E+00 0.160E-06 0.840E-04 0.000E+00 0.840E-06
    28.0 0.000E+00 0.000E+00 0.000E+00 0.000E+00 0.000E+00 0.000E+00 0.405E-06 0.109E-03 0.000E+00 0.158E-05
    29.0 0.000E+00 0.000E+00 0.000E+00 0.000E+00 0.000E+00 0.000E+00 0.905E-06 0.132E-03 0.442E-10 0.281E-05
    30.0 0.000E+00 0.000E+00 0.000E+00 0.000E+00 0.000E+00 0.000E+00 0.181E-05 0.147E-03 0.315E-09 0.475E-05
    31.0 0.000E+00 0.000E+00 0.000E+00 0.000E+00 0.000E+00 0.000E+00 0.333E-05 0.153E-03 0.169E-08 0.766E-05
    32.0 0.000E+00 0.000E+00 0.000E+00 0.000E+00 0.000E+00 0.000E+00 0.572E-05 0.150E-03 0.713E-08 0.117E-04
    33.0 0.000E+00 0.000E+00 0.000E+00 0.000E+00 0.000E+00 0.351E-10 0.945E-05 0.137E-03 0.247E-07 0.172E-04
    34.0 0.000E+00 0.000E+00 0.000E+00 0.000E+00 0.000E+00 0.190E-09 0.151E-04 0.120E-03 0.717E-07 0.240E-04
    35.0 0.000E+00 0.000E+00 0.000E+00 0.000E+00 0.000E+00 0.773E-09 0.234E-04 0.992E-04 0.179E-06 0.317E-04
    36.0 0.000E+00 0.000E+00 0.000E+00 0.000E+00 0.000E+00 0.262E-08 0.349E-04 0.788E-04 0.393E-06 0.399E-04
    37.0 0.000E+00 0.000E+00 0.000E+00 0.000E+00 0.000E+00 0.776E-08 0.499E-04 0.602E-04 0.773E-06 0.478E-04
    38.0 0.000E+00 0.000E+00 0.000E+00 0.000E+00 0.000E+00 0.206E-07 0.677E-04 0.445E-04 0.139E-05 0.544E-04
    39.0 0.000E+00 0.000E+00 0.000E+00 0.000E+00 0.000E+00 0.501E-07 0.873E-04 0.319E-04 0.231E-05 0.590E-04

 Z-Verteilung  
 E*/MeV     Pb         Bi         Po         At  
   24.0  0.243E-04 0.816E-04 0.393E-04 0.209E-04
   25.0  0.397E-04 0.935E-04 0.572E-04 0.165E-04
   26.0  0.604E-04 0.110E-03 0.732E-04 0.150E-04
   27.0  0.850E-04 0.130E-03 0.821E-04 0.138E-04
   28.0  0.111E-03 0.150E-03 0.822E-04 0.122E-04
   29.0  0.135E-03 0.168E-03 0.749E-04 0.996E-05
   30.0  0.154E-03 0.182E-03 0.630E-04 0.762E-05
   31.0  0.164E-03 0.190E-03 0.500E-04 0.554E-05
   32.0  0.167E-03 0.190E-03 0.378E-04 0.386E-05
   33.0  0.164E-03 0.181E-03 0.279E-04 0.257E-05
   34.0  0.159E-03 0.168E-03 0.204E-04 0.167E-05
   35.0  0.155E-03 0.155E-03 0.152E-04 0.108E-05
   36.0  0.154E-03 0.144E-03 0.116E-04 0.715E-06
   37.0  0.159E-03 0.138E-03 0.907E-05 0.553E-06
   38.0  0.168E-03 0.137E-03 0.718E-05 0.557E-06
   39.0  0.181E-03 0.138E-03 0.567E-05 0.653E-06

 Z und A Mittelwerte    
   E*/MeV     MW.Z  St.Abw.Z      MW.A  St.Abw.A
    24.0     83.34      0.88    190.18      1.36
    25.0     83.24      0.85    190.14      1.35
    26.0     83.17      0.85    190.06      1.38
    27.0     83.08      0.84    189.93      1.43
    28.0     82.99      0.83    189.77      1.47
    29.0     82.90      0.80    189.57      1.49
    30.0     82.81      0.76    189.37      1.49
    31.0     82.75      0.72    189.19      1.46
    32.0     82.69      0.68    189.04      1.41
    33.0     82.65      0.65    188.94      1.37
    34.0     82.61      0.62    188.87      1.33
    35.0     82.58      0.60    188.84      1.31
    36.0     82.55      0.58    188.85      1.31
    37.0     82.52      0.57    188.85      1.32
    38.0     82.49      0.55    188.84      1.35
    39.0     82.47      0.54    188.81      1.39

 HIVAP  CASOUT

   90Zr 103Rh 193At IFUS10 barfac0.53 sigr3.0 09/11/2023 10:40 Sitarcik 


     E_lab  A*MeV   E*/MeV     SI_fus      SI_VR     SI_Spalt  L_krit     b_Spalt

   406.177    4.51    40.0  0.1544E+03  0.3376E-03  0.1528E+03    65.0       98.97
   408.050    4.53    41.0  0.1653E+03  0.3449E-03  0.1636E+03    65.0       98.97
   409.924    4.55    42.0  0.1757E+03  0.3436E-03  0.1739E+03    65.0       98.98
   411.798    4.58    43.0  0.1854E+03  0.3325E-03  0.1836E+03    65.0       99.02
   413.672    4.60    44.0  0.1944E+03  0.3130E-03  0.1926E+03    65.0       99.08
   415.546    4.62    45.0  0.2026E+03  0.2885E-03  0.2009E+03    65.0       99.16
   417.419    4.64    46.0  0.2100E+03  0.2620E-03  0.2084E+03    65.0       99.25
   419.293    4.66    47.0  0.2165E+03  0.2366E-03  0.2151E+03    65.0       99.35
   421.167    4.68    48.0  0.2222E+03  0.2143E-03  0.2210E+03    65.0       99.45
   423.041    4.70    49.0  0.2271E+03  0.1958E-03  0.2260E+03    65.0       99.56
   424.914    4.72    50.0  0.2311E+03  0.1808E-03  0.2303E+03    65.0       99.65
   426.788    4.74    51.0  0.2345E+03  0.1684E-03  0.2339E+03    65.0       99.73
   428.662    4.76    52.0  0.2372E+03  0.1574E-03  0.2367E+03    65.0       99.80
   430.536    4.78    53.0  0.2393E+03  0.1469E-03  0.2390E+03    65.0       99.85
   432.410    4.80    54.0  0.2409E+03  0.1362E-03  0.2406E+03    65.0       99.90
   434.283    4.83    55.0  0.2419E+03  0.1252E-03  0.2418E+03    65.0       99.93

     Querschnitte / mbarn

  E*/MeV   184At     185At     186At     187At     188At     189At     190At     191At     192At     193At  
    40.0 0.000E+00 0.000E+00 0.000E+00 0.000E+00 0.000E+00 0.000E+00 0.670E-06 0.864E-07 0.000E+00 0.000E+00
    41.0 0.000E+00 0.000E+00 0.000E+00 0.000E+00 0.000E+00 0.000E+00 0.759E-06 0.503E-07 0.000E+00 0.000E+00
    42.0 0.000E+00 0.000E+00 0.000E+00 0.000E+00 0.000E+00 0.000E+00 0.765E-06 0.289E-07 0.000E+00 0.000E+00
    43.0 0.000E+00 0.000E+00 0.000E+00 0.000E+00 0.000E+00 0.801E-12 0.704E-06 0.162E-07 0.000E+00 0.000E+00
    44.0 0.000E+00 0.000E+00 0.000E+00 0.000E+00 0.000E+00 0.991E-11 0.604E-06 0.870E-08 0.000E+00 0.000E+00
    45.0 0.000E+00 0.000E+00 0.000E+00 0.000E+00 0.000E+00 0.691E-10 0.490E-06 0.808E-09 0.000E+00 0.000E+00
    46.0 0.000E+00 0.000E+00 0.000E+00 0.000E+00 0.000E+00 0.310E-09 0.380E-06 0.000E+00 0.000E+00 0.000E+00
    47.0 0.000E+00 0.000E+00 0.000E+00 0.000E+00 0.000E+00 0.973E-09 0.285E-06 0.000E+00 0.000E+00 0.000E+00
    48.0 0.000E+00 0.000E+00 0.000E+00 0.000E+00 0.000E+00 0.227E-08 0.207E-06 0.000E+00 0.000E+00 0.000E+00
    49.0 0.000E+00 0.000E+00 0.000E+00 0.000E+00 0.000E+00 0.416E-08 0.147E-06 0.000E+00 0.000E+00 0.000E+00
    50.0 0.000E+00 0.000E+00 0.000E+00 0.000E+00 0.000E+00 0.630E-08 0.102E-06 0.000E+00 0.000E+00 0.000E+00
    51.0 0.000E+00 0.000E+00 0.000E+00 0.000E+00 0.000E+00 0.823E-08 0.702E-07 0.000E+00 0.000E+00 0.000E+00
    52.0 0.000E+00 0.000E+00 0.000E+00 0.000E+00 0.000E+00 0.958E-08 0.474E-07 0.000E+00 0.000E+00 0.000E+00
    53.0 0.000E+00 0.000E+00 0.000E+00 0.000E+00 0.000E+00 0.102E-07 0.316E-07 0.000E+00 0.000E+00 0.000E+00
    54.0 0.000E+00 0.000E+00 0.000E+00 0.000E+00 0.000E+00 0.101E-07 0.209E-07 0.000E+00 0.000E+00 0.000E+00
    55.0 0.000E+00 0.000E+00 0.000E+00 0.000E+00 0.570E-14 0.942E-08 0.137E-07 0.000E+00 0.000E+00 0.000E+00

  E*/MeV   183Po     184Po     185Po     186Po     187Po     188Po     189Po     190Po     191Po     192Po  
    40.0 0.000E+00 0.000E+00 0.000E+00 0.000E+00 0.000E+00 0.000E+00 0.293E-09 0.316E-05 0.125E-05 0.000E+00
    41.0 0.000E+00 0.000E+00 0.000E+00 0.000E+00 0.000E+00 0.000E+00 0.114E-08 0.260E-05 0.750E-06 0.000E+00
    42.0 0.000E+00 0.000E+00 0.000E+00 0.000E+00 0.000E+00 0.000E+00 0.370E-08 0.204E-05 0.446E-06 0.000E+00
    43.0 0.000E+00 0.000E+00 0.000E+00 0.000E+00 0.000E+00 0.000E+00 0.103E-07 0.154E-05 0.263E-06 0.000E+00
    44.0 0.000E+00 0.000E+00 0.000E+00 0.000E+00 0.000E+00 0.000E+00 0.244E-07 0.112E-05 0.154E-06 0.000E+00
    45.0 0.000E+00 0.000E+00 0.000E+00 0.000E+00 0.000E+00 0.000E+00 0.501E-07 0.795E-06 0.872E-07 0.000E+00
    46.0 0.000E+00 0.000E+00 0.000E+00 0.000E+00 0.000E+00 0.000E+00 0.900E-07 0.551E-06 0.479E-07 0.000E+00
    47.0 0.000E+00 0.000E+00 0.000E+00 0.000E+00 0.000E+00 0.000E+00 0.143E-06 0.375E-06 0.185E-07 0.000E+00
    48.0 0.000E+00 0.000E+00 0.000E+00 0.000E+00 0.000E+00 0.000E+00 0.203E-06 0.251E-06 0.000E+00 0.000E+00
    49.0 0.000E+00 0.000E+00 0.000E+00 0.000E+00 0.000E+00 0.151E-12 0.261E-06 0.166E-06 0.000E+00 0.000E+00
    50.0 0.000E+00 0.000E+00 0.000E+00 0.000E+00 0.000E+00 0.945E-12 0.308E-06 0.108E-06 0.000E+00 0.000E+00
    51.0 0.000E+00 0.000E+00 0.000E+00 0.000E+00 0.000E+00 0.463E-11 0.337E-06 0.702E-07 0.000E+00 0.000E+00
    52.0 0.000E+00 0.000E+00 0.000E+00 0.000E+00 0.000E+00 0.183E-10 0.346E-06 0.450E-07 0.000E+00 0.000E+00
    53.0 0.000E+00 0.000E+00 0.000E+00 0.000E+00 0.000E+00 0.599E-10 0.336E-06 0.286E-07 0.000E+00 0.000E+00
    54.0 0.000E+00 0.000E+00 0.000E+00 0.000E+00 0.000E+00 0.165E-09 0.312E-06 0.179E-07 0.000E+00 0.000E+00
    55.0 0.000E+00 0.000E+00 0.000E+00 0.000E+00 0.000E+00 0.387E-09 0.277E-06 0.110E-07 0.000E+00 0.000E+00

  E*/MeV   182Bi     183Bi     184Bi     185Bi     186Bi     187Bi     188Bi     189Bi     190Bi     191Bi  
    40.0 0.000E+00 0.000E+00 0.000E+00 0.000E+00 0.000E+00 0.826E-05 0.188E-04 0.214E-06 0.105E-03 0.667E-05
    41.0 0.000E+00 0.000E+00 0.000E+00 0.000E+00 0.000E+00 0.102E-04 0.127E-04 0.486E-06 0.109E-03 0.433E-05
    42.0 0.000E+00 0.000E+00 0.000E+00 0.000E+00 0.561E-10 0.114E-04 0.842E-05 0.100E-05 0.107E-03 0.277E-05
    43.0 0.000E+00 0.000E+00 0.000E+00 0.000E+00 0.245E-09 0.117E-04 0.547E-05 0.186E-05 0.995E-04 0.174E-05
    44.0 0.000E+00 0.000E+00 0.000E+00 0.000E+00 0.885E-09 0.112E-04 0.349E-05 0.314E-05 0.884E-04 0.109E-05
    45.0 0.000E+00 0.000E+00 0.000E+00 0.000E+00 0.275E-08 0.100E-04 0.220E-05 0.541E-05 0.754E-04 0.669E-06
    46.0 0.000E+00 0.000E+00 0.000E+00 0.000E+00 0.755E-08 0.851E-05 0.137E-05 0.817E-05 0.620E-04 0.408E-06
    47.0 0.000E+00 0.000E+00 0.000E+00 0.000E+00 0.184E-07 0.690E-05 0.841E-06 0.114E-04 0.495E-04 0.247E-06
    48.0 0.000E+00 0.000E+00 0.000E+00 0.000E+00 0.404E-07 0.539E-05 0.513E-06 0.149E-04 0.384E-04 0.148E-06
    49.0 0.000E+00 0.000E+00 0.000E+00 0.000E+00 0.803E-07 0.408E-05 0.311E-06 0.182E-04 0.291E-04 0.870E-07
    50.0 0.000E+00 0.000E+00 0.000E+00 0.000E+00 0.145E-06 0.301E-05 0.188E-06 0.209E-04 0.216E-04 0.494E-07
    51.0 0.000E+00 0.000E+00 0.000E+00 0.000E+00 0.239E-06 0.217E-05 0.115E-06 0.227E-04 0.157E-04 0.277E-07
    52.0 0.000E+00 0.000E+00 0.000E+00 0.000E+00 0.363E-06 0.153E-05 0.734E-07 0.234E-04 0.113E-04 0.146E-07
    53.0 0.000E+00 0.000E+00 0.000E+00 0.268E-11 0.507E-06 0.107E-05 0.554E-07 0.231E-04 0.795E-05 0.673E-08
    54.0 0.000E+00 0.000E+00 0.000E+00 0.109E-10 0.654E-06 0.733E-06 0.578E-07 0.218E-04 0.555E-05 0.000E+00
    55.0 0.000E+00 0.000E+00 0.000E+00 0.378E-10 0.786E-06 0.497E-06 0.825E-07 0.199E-04 0.384E-05 0.000E+00

  E*/MeV   181Pb     182Pb     183Pb     184Pb     185Pb     186Pb     187Pb     188Pb     189Pb     190Pb  
    40.0 0.000E+00 0.000E+00 0.000E+00 0.000E+00 0.000E+00 0.113E-06 0.106E-03 0.223E-04 0.363E-05 0.610E-04
    41.0 0.000E+00 0.000E+00 0.000E+00 0.000E+00 0.000E+00 0.242E-06 0.123E-03 0.152E-04 0.545E-05 0.604E-04
    42.0 0.000E+00 0.000E+00 0.000E+00 0.000E+00 0.000E+00 0.492E-06 0.134E-03 0.102E-04 0.788E-05 0.574E-04
    43.0 0.000E+00 0.000E+00 0.000E+00 0.000E+00 0.000E+00 0.951E-06 0.138E-03 0.670E-05 0.110E-04 0.525E-04
    44.0 0.000E+00 0.000E+00 0.000E+00 0.000E+00 0.000E+00 0.174E-05 0.136E-03 0.434E-05 0.150E-04 0.464E-04
    45.0 0.000E+00 0.000E+00 0.000E+00 0.000E+00 0.000E+00 0.302E-05 0.128E-03 0.278E-05 0.198E-04 0.397E-04
    46.0 0.000E+00 0.000E+00 0.000E+00 0.000E+00 0.409E-10 0.491E-05 0.115E-03 0.177E-05 0.253E-04 0.330E-04
    47.0 0.000E+00 0.000E+00 0.000E+00 0.000E+00 0.155E-09 0.752E-05 0.100E-03 0.114E-05 0.313E-04 0.268E-04
    48.0 0.000E+00 0.000E+00 0.000E+00 0.000E+00 0.494E-09 0.108E-04 0.839E-04 0.786E-06 0.376E-04 0.212E-04
    49.0 0.000E+00 0.000E+00 0.000E+00 0.000E+00 0.138E-08 0.146E-04 0.683E-04 0.634E-06 0.435E-04 0.164E-04
    50.0 0.000E+00 0.000E+00 0.000E+00 0.000E+00 0.341E-08 0.185E-04 0.541E-04 0.662E-06 0.487E-04 0.125E-04
    51.0 0.000E+00 0.000E+00 0.000E+00 0.000E+00 0.759E-08 0.223E-04 0.418E-04 0.881E-06 0.527E-04 0.930E-05
    52.0 0.000E+00 0.000E+00 0.000E+00 0.000E+00 0.154E-07 0.253E-04 0.317E-04 0.132E-05 0.552E-04 0.684E-05
    53.0 0.000E+00 0.000E+00 0.000E+00 0.000E+00 0.288E-07 0.273E-04 0.235E-04 0.203E-05 0.559E-04 0.496E-05
    54.0 0.000E+00 0.000E+00 0.000E+00 0.000E+00 0.507E-07 0.282E-04 0.172E-04 0.304E-05 0.550E-04 0.355E-05
    55.0 0.000E+00 0.000E+00 0.000E+00 0.000E+00 0.856E-07 0.278E-04 0.124E-04 0.439E-05 0.525E-04 0.252E-05

 Z-Verteilung  
 E*/MeV     Pb         Bi         Po         At  
   40.0  0.193E-03 0.139E-03 0.441E-05 0.757E-06
   41.0  0.204E-03 0.137E-03 0.335E-05 0.810E-06
   42.0  0.210E-03 0.131E-03 0.249E-05 0.794E-06
   43.0  0.210E-03 0.120E-03 0.181E-05 0.720E-06
   44.0  0.204E-03 0.107E-03 0.130E-05 0.612E-06
   45.0  0.193E-03 0.937E-04 0.932E-06 0.491E-06
   46.0  0.180E-03 0.805E-04 0.689E-06 0.381E-06
   47.0  0.167E-03 0.689E-04 0.537E-06 0.286E-06
   48.0  0.154E-03 0.594E-04 0.454E-06 0.210E-06
   49.0  0.143E-03 0.518E-04 0.427E-06 0.151E-06
   50.0  0.134E-03 0.458E-04 0.416E-06 0.109E-06
   51.0  0.127E-03 0.409E-04 0.407E-06 0.784E-07
   52.0  0.120E-03 0.366E-04 0.391E-06 0.569E-07
   53.0  0.114E-03 0.327E-04 0.365E-06 0.418E-07
   54.0  0.107E-03 0.288E-04 0.330E-06 0.310E-07
   55.0  0.998E-04 0.251E-04 0.289E-06 0.231E-07

 Z und A Mittelwerte    
   E*/MeV     MW.Z  St.Abw.Z      MW.A  St.Abw.A
    40.0     82.44      0.54    188.75      1.42
    41.0     82.42      0.53    188.68      1.44
    42.0     82.40      0.52    188.60      1.46
    43.0     82.38      0.51    188.53      1.46
    44.0     82.36      0.50    188.46      1.46
    45.0     82.34      0.49    188.40      1.44
    46.0     82.32      0.48    188.36      1.43
    47.0     82.30      0.47    188.32      1.40
    48.0     82.28      0.46    188.29      1.38
    49.0     82.27      0.45    188.27      1.36
    50.0     82.26      0.45    188.24      1.35
    51.0     82.25      0.44    188.22      1.34
    52.0     82.24      0.43    188.20      1.34
    53.0     82.23      0.43    188.17      1.34
    54.0     82.22      0.42    188.14      1.34
    55.0     82.21      0.41    188.12      1.34

 HIVAP  CASOUT

   90Zr 103Rh 193At IFUS10 barfac0.53 sigr3.0 09/11/2023 10:40 Sitarcik 


     E_lab  A*MeV   E*/MeV     SI_fus      SI_VR     SI_Spalt  L_krit     b_Spalt

   436.157    4.85    56.0  0.2426E+03  0.1139E-03  0.2425E+03    65.0       99.95
   438.031    4.87    57.0  0.2429E+03  0.1026E-03  0.2429E+03    65.0       99.96
   439.905    4.89    58.0  0.2430E+03  0.9181E-04  0.2429E+03    65.0       99.97
   441.779    4.91    59.0  0.2428E+03  0.8175E-04  0.2427E+03    65.0       99.98
   443.652    4.93    60.0  0.2424E+03  0.7266E-04  0.2424E+03    65.0       99.99
   445.526    4.95    61.0  0.2419E+03  0.6463E-04  0.2418E+03    65.0       99.99
   447.400    4.97    62.0  0.2412E+03  0.5764E-04  0.2412E+03    65.0       99.99
   449.274    4.99    63.0  0.2404E+03  0.5158E-04  0.2404E+03    65.0       99.99
   451.147    5.01    64.0  0.2396E+03  0.4629E-04  0.2396E+03    65.0       99.99
   453.021    5.03    65.0  0.2387E+03  0.4162E-04  0.2387E+03    65.0       99.99
   454.895    5.05    66.0  0.2378E+03  0.3743E-04  0.2378E+03    65.0       99.99
   456.769    5.08    67.0  0.2369E+03  0.3361E-04  0.2369E+03    65.0       99.99
   458.643    5.10    68.0  0.2360E+03  0.3010E-04  0.2359E+03    65.0       99.99
   460.516    5.12    69.0  0.2350E+03  0.2687E-04  0.2350E+03    65.0       99.99
   462.390    5.14    70.0  0.2341E+03  0.2391E-04  0.2340E+03    65.0       99.99
   464.264    5.16    71.0  0.2331E+03  0.2123E-04  0.2331E+03    65.0       99.99

     Querschnitte / mbarn

  E*/MeV   184At     185At     186At     187At     188At     189At     190At     191At     192At     193At  
    56.0 0.000E+00 0.000E+00 0.000E+00 0.000E+00 0.609E-13 0.839E-08 0.891E-08 0.000E+00 0.000E+00 0.000E+00
    57.0 0.000E+00 0.000E+00 0.000E+00 0.000E+00 0.428E-12 0.717E-08 0.577E-08 0.000E+00 0.000E+00 0.000E+00
    58.0 0.000E+00 0.000E+00 0.000E+00 0.000E+00 0.214E-11 0.594E-08 0.371E-08 0.000E+00 0.000E+00 0.000E+00
    59.0 0.000E+00 0.000E+00 0.000E+00 0.000E+00 0.802E-11 0.477E-08 0.237E-08 0.000E+00 0.000E+00 0.000E+00
    60.0 0.000E+00 0.000E+00 0.000E+00 0.000E+00 0.236E-10 0.375E-08 0.149E-08 0.000E+00 0.000E+00 0.000E+00
    61.0 0.000E+00 0.000E+00 0.000E+00 0.000E+00 0.561E-10 0.288E-08 0.918E-09 0.000E+00 0.000E+00 0.000E+00
    62.0 0.000E+00 0.000E+00 0.000E+00 0.000E+00 0.112E-09 0.218E-08 0.495E-09 0.000E+00 0.000E+00 0.000E+00
    63.0 0.000E+00 0.000E+00 0.000E+00 0.000E+00 0.191E-09 0.162E-08 0.195E-09 0.000E+00 0.000E+00 0.000E+00
    64.0 0.000E+00 0.000E+00 0.000E+00 0.000E+00 0.289E-09 0.119E-08 0.000E+00 0.000E+00 0.000E+00 0.000E+00
    65.0 0.000E+00 0.000E+00 0.000E+00 0.000E+00 0.394E-09 0.865E-09 0.000E+00 0.000E+00 0.000E+00 0.000E+00
    66.0 0.000E+00 0.000E+00 0.000E+00 0.000E+00 0.492E-09 0.622E-09 0.000E+00 0.000E+00 0.000E+00 0.000E+00
    67.0 0.000E+00 0.000E+00 0.000E+00 0.497E-15 0.572E-09 0.443E-09 0.000E+00 0.000E+00 0.000E+00 0.000E+00
    68.0 0.000E+00 0.000E+00 0.000E+00 0.333E-14 0.626E-09 0.313E-09 0.000E+00 0.000E+00 0.000E+00 0.000E+00
    69.0 0.000E+00 0.000E+00 0.000E+00 0.164E-13 0.651E-09 0.219E-09 0.000E+00 0.000E+00 0.000E+00 0.000E+00
    70.0 0.000E+00 0.000E+00 0.000E+00 0.619E-13 0.648E-09 0.153E-09 0.000E+00 0.000E+00 0.000E+00 0.000E+00
    71.0 0.000E+00 0.000E+00 0.000E+00 0.186E-12 0.621E-09 0.105E-09 0.000E+00 0.000E+00 0.000E+00 0.000E+00

  E*/MeV   183Po     184Po     185Po     186Po     187Po     188Po     189Po     190Po     191Po     192Po  
    56.0 0.000E+00 0.000E+00 0.000E+00 0.000E+00 0.000E+00 0.787E-09 0.238E-06 0.652E-08 0.000E+00 0.000E+00
    57.0 0.000E+00 0.000E+00 0.000E+00 0.000E+00 0.000E+00 0.141E-08 0.198E-06 0.340E-08 0.000E+00 0.000E+00
    58.0 0.000E+00 0.000E+00 0.000E+00 0.000E+00 0.000E+00 0.226E-08 0.161E-06 0.977E-09 0.000E+00 0.000E+00
    59.0 0.000E+00 0.000E+00 0.000E+00 0.000E+00 0.000E+00 0.328E-08 0.128E-06 0.000E+00 0.000E+00 0.000E+00
    60.0 0.000E+00 0.000E+00 0.000E+00 0.000E+00 0.000E+00 0.437E-08 0.993E-07 0.000E+00 0.000E+00 0.000E+00
    61.0 0.000E+00 0.000E+00 0.000E+00 0.000E+00 0.000E+00 0.538E-08 0.758E-07 0.000E+00 0.000E+00 0.000E+00
    62.0 0.000E+00 0.000E+00 0.000E+00 0.000E+00 0.271E-13 0.621E-08 0.571E-07 0.000E+00 0.000E+00 0.000E+00
    63.0 0.000E+00 0.000E+00 0.000E+00 0.000E+00 0.117E-12 0.677E-08 0.424E-07 0.000E+00 0.000E+00 0.000E+00
    64.0 0.000E+00 0.000E+00 0.000E+00 0.000E+00 0.435E-12 0.702E-08 0.311E-07 0.000E+00 0.000E+00 0.000E+00
    65.0 0.000E+00 0.000E+00 0.000E+00 0.000E+00 0.142E-11 0.697E-08 0.226E-07 0.000E+00 0.000E+00 0.000E+00
    66.0 0.000E+00 0.000E+00 0.000E+00 0.000E+00 0.406E-11 0.666E-08 0.162E-07 0.000E+00 0.000E+00 0.000E+00
    67.0 0.000E+00 0.000E+00 0.000E+00 0.000E+00 0.103E-10 0.615E-08 0.116E-07 0.000E+00 0.000E+00 0.000E+00
    68.0 0.000E+00 0.000E+00 0.000E+00 0.000E+00 0.235E-10 0.552E-08 0.820E-08 0.000E+00 0.000E+00 0.000E+00
    69.0 0.000E+00 0.000E+00 0.000E+00 0.000E+00 0.481E-10 0.483E-08 0.577E-08 0.000E+00 0.000E+00 0.000E+00
    70.0 0.000E+00 0.000E+00 0.000E+00 0.000E+00 0.892E-10 0.413E-08 0.401E-08 0.000E+00 0.000E+00 0.000E+00
    71.0 0.000E+00 0.000E+00 0.000E+00 0.000E+00 0.151E-09 0.346E-08 0.277E-08 0.000E+00 0.000E+00 0.000E+00

  E*/MeV   182Bi     183Bi     184Bi     185Bi     186Bi     187Bi     188Bi     189Bi     190Bi     191Bi  
    56.0 0.000E+00 0.000E+00 0.000E+00 0.116E-09 0.884E-06 0.334E-06 0.136E-06 0.175E-04 0.262E-05 0.000E+00
    57.0 0.000E+00 0.000E+00 0.000E+00 0.316E-09 0.937E-06 0.222E-06 0.226E-06 0.150E-04 0.178E-05 0.000E+00
    58.0 0.000E+00 0.000E+00 0.000E+00 0.776E-09 0.943E-06 0.147E-06 0.362E-06 0.126E-04 0.120E-05 0.000E+00
    59.0 0.000E+00 0.000E+00 0.000E+00 0.172E-08 0.905E-06 0.966E-07 0.547E-06 0.102E-04 0.801E-06 0.000E+00
    60.0 0.000E+00 0.000E+00 0.000E+00 0.347E-08 0.834E-06 0.631E-07 0.778E-06 0.818E-05 0.532E-06 0.000E+00
    61.0 0.000E+00 0.000E+00 0.000E+00 0.638E-08 0.742E-06 0.411E-07 0.105E-05 0.642E-05 0.351E-06 0.000E+00
    62.0 0.000E+00 0.000E+00 0.000E+00 0.107E-07 0.640E-06 0.268E-07 0.133E-05 0.496E-05 0.230E-06 0.000E+00
    63.0 0.000E+00 0.000E+00 0.000E+00 0.166E-07 0.537E-06 0.177E-07 0.161E-05 0.377E-05 0.149E-06 0.000E+00
    64.0 0.000E+00 0.000E+00 0.000E+00 0.237E-07 0.440E-06 0.124E-07 0.187E-05 0.283E-05 0.962E-07 0.000E+00
    65.0 0.000E+00 0.000E+00 0.000E+00 0.315E-07 0.353E-06 0.995E-08 0.207E-05 0.209E-05 0.616E-07 0.000E+00
    66.0 0.000E+00 0.000E+00 0.000E+00 0.392E-07 0.278E-06 0.103E-07 0.220E-05 0.153E-05 0.390E-07 0.000E+00
    67.0 0.000E+00 0.000E+00 0.383E-12 0.459E-07 0.216E-06 0.137E-07 0.226E-05 0.111E-05 0.246E-07 0.000E+00
    68.0 0.000E+00 0.000E+00 0.125E-11 0.509E-07 0.165E-06 0.206E-07 0.224E-05 0.783E-06 0.151E-07 0.000E+00
    69.0 0.000E+00 0.000E+00 0.365E-11 0.538E-07 0.125E-06 0.315E-07 0.216E-05 0.550E-06 0.877E-08 0.000E+00
    70.0 0.000E+00 0.000E+00 0.967E-11 0.546E-07 0.929E-07 0.469E-07 0.203E-05 0.375E-06 0.479E-08 0.000E+00
    71.0 0.000E+00 0.000E+00 0.233E-10 0.533E-07 0.686E-07 0.667E-07 0.186E-05 0.247E-06 0.202E-08 0.000E+00

  E*/MeV   181Pb     182Pb     183Pb     184Pb     185Pb     186Pb     187Pb     188Pb     189Pb     190Pb  
    56.0 0.000E+00 0.000E+00 0.000E+00 0.000E+00 0.140E-06 0.264E-04 0.883E-05 0.608E-05 0.488E-04 0.177E-05
    57.0 0.000E+00 0.000E+00 0.000E+00 0.000E+00 0.225E-06 0.243E-04 0.622E-05 0.804E-05 0.442E-04 0.123E-05
    58.0 0.000E+00 0.000E+00 0.000E+00 0.518E-11 0.352E-06 0.216E-04 0.433E-05 0.102E-04 0.392E-04 0.847E-06
    59.0 0.000E+00 0.000E+00 0.000E+00 0.156E-10 0.536E-06 0.186E-04 0.300E-05 0.124E-04 0.339E-04 0.579E-06
    60.0 0.000E+00 0.000E+00 0.000E+00 0.421E-10 0.790E-06 0.157E-04 0.206E-05 0.145E-04 0.288E-04 0.394E-06
    61.0 0.000E+00 0.000E+00 0.000E+00 0.104E-09 0.112E-05 0.129E-04 0.142E-05 0.163E-04 0.239E-04 0.266E-06
    62.0 0.000E+00 0.000E+00 0.000E+00 0.239E-09 0.152E-05 0.104E-04 0.996E-06 0.177E-04 0.196E-04 0.178E-06
    63.0 0.000E+00 0.000E+00 0.000E+00 0.515E-09 0.198E-05 0.825E-05 0.724E-06 0.186E-04 0.158E-04 0.118E-06
    64.0 0.000E+00 0.000E+00 0.000E+00 0.107E-08 0.247E-05 0.643E-05 0.570E-06 0.189E-04 0.125E-04 0.783E-07
    65.0 0.000E+00 0.000E+00 0.000E+00 0.213E-08 0.295E-05 0.494E-05 0.512E-06 0.187E-04 0.981E-05 0.514E-07
    66.0 0.000E+00 0.000E+00 0.000E+00 0.411E-08 0.338E-05 0.374E-05 0.536E-06 0.180E-04 0.759E-05 0.335E-07
    67.0 0.000E+00 0.000E+00 0.000E+00 0.766E-08 0.373E-05 0.280E-05 0.632E-06 0.169E-04 0.581E-05 0.217E-07
    68.0 0.000E+00 0.000E+00 0.000E+00 0.137E-07 0.396E-05 0.208E-05 0.797E-06 0.155E-04 0.440E-05 0.138E-07
    69.0 0.000E+00 0.000E+00 0.000E+00 0.235E-07 0.407E-05 0.153E-05 0.103E-05 0.140E-04 0.330E-05 0.880E-08
    70.0 0.000E+00 0.000E+00 0.000E+00 0.382E-07 0.405E-05 0.111E-05 0.132E-05 0.123E-04 0.245E-05 0.542E-08
    71.0 0.000E+00 0.000E+00 0.000E+00 0.592E-07 0.391E-05 0.805E-06 0.167E-05 0.107E-04 0.181E-05 0.322E-08

 Z-Verteilung  
 E*/MeV     Pb         Bi         Po         At  
   56.0  0.921E-04 0.215E-04 0.245E-06 0.173E-07
   57.0  0.842E-04 0.182E-04 0.203E-06 0.129E-07
   58.0  0.764E-04 0.152E-04 0.164E-06 0.965E-08
   59.0  0.690E-04 0.126E-04 0.131E-06 0.716E-08
   60.0  0.622E-04 0.104E-04 0.104E-06 0.526E-08
   61.0  0.559E-04 0.861E-05 0.812E-07 0.386E-08
   62.0  0.504E-04 0.720E-05 0.633E-07 0.279E-08
   63.0  0.454E-04 0.610E-05 0.491E-07 0.201E-08
   64.0  0.410E-04 0.526E-05 0.381E-07 0.148E-08
   65.0  0.370E-04 0.462E-05 0.295E-07 0.126E-08
   66.0  0.333E-04 0.409E-05 0.229E-07 0.111E-08
   67.0  0.299E-04 0.366E-05 0.178E-07 0.102E-08
   68.0  0.268E-04 0.328E-05 0.137E-07 0.939E-09
   69.0  0.239E-04 0.293E-05 0.106E-07 0.870E-09
   70.0  0.213E-04 0.260E-05 0.823E-08 0.801E-09
   71.0  0.189E-04 0.229E-05 0.639E-08 0.726E-09

 Z und A Mittelwerte    
   E*/MeV     MW.Z  St.Abw.Z      MW.A  St.Abw.A
    56.0     82.19      0.40    188.10      1.33
    57.0     82.18      0.39    188.08      1.32
    58.0     82.17      0.38    188.06      1.31
    59.0     82.16      0.37    188.04      1.29
    60.0     82.15      0.36    188.02      1.26
    61.0     82.14      0.35    187.99      1.24
    62.0     82.13      0.34    187.96      1.22
    63.0     82.12      0.33    187.92      1.20
    64.0     82.12      0.32    187.87      1.19
    65.0     82.11      0.32    187.81      1.20
    66.0     82.11      0.32    187.74      1.21
    67.0     82.11      0.32    187.67      1.22
    68.0     82.11      0.31    187.60      1.24
    69.0     82.11      0.31    187.52      1.26
    70.0     82.11      0.31    187.44      1.28
    71.0     82.11      0.31    187.36      1.29

 HIVAP  CASOUT

   90Zr 103Rh 193At IFUS10 barfac0.53 sigr3.0 09/11/2023 10:40 Sitarcik 


     E_lab  A*MeV   E*/MeV     SI_fus      SI_VR     SI_Spalt  L_krit     b_Spalt

   466.138    5.18    72.0  0.2322E+03  0.1880E-04  0.2322E+03    65.0       99.99
   468.012    5.20    73.0  0.2313E+03  0.1667E-04  0.2312E+03    65.0       99.99
   469.885    5.22    74.0  0.2303E+03  0.1482E-04  0.2303E+03    65.0       99.99
   471.759    5.24    75.0  0.2294E+03  0.1324E-04  0.2294E+03    65.0       99.99
   473.633    5.26    76.0  0.2285E+03  0.1186E-04  0.2285E+03    65.0       99.98
   475.507    5.28    77.0  0.2276E+03  0.1064E-04  0.2276E+03    65.0       99.98
   477.380    5.30    78.0  0.2267E+03  0.9547E-05  0.2267E+03    65.0       99.98
   479.254    5.33    79.0  0.2258E+03  0.8557E-05  0.2258E+03    65.0       99.98
   481.128    5.35    80.0  0.2250E+03  0.7524E-05  0.2249E+03    65.0       99.98
   483.002    5.37    81.0  0.2241E+03  0.7251E-05  0.2240E+03    65.0       99.98
   484.876    5.39    82.0  0.2232E+03  0.6383E-05  0.2232E+03    65.0       99.98
   486.749    5.41    83.0  0.2224E+03  0.5740E-05  0.2223E+03    65.0       99.97
   488.623    5.43    84.0  0.2215E+03  0.5180E-05  0.2214E+03    65.0       99.97
   490.497    5.45    85.0  0.2207E+03  0.4680E-05  0.2206E+03    65.0       99.97
   492.371    5.47    86.0  0.2198E+03  0.4219E-05  0.2197E+03    65.0       99.97
   494.245    5.49    87.0  0.2190E+03  0.3768E-05  0.2189E+03    65.0       99.97

     Querschnitte / mbarn

  E*/MeV   184At     185At     186At     187At     188At     189At     190At     191At     192At     193At  
    72.0 0.000E+00 0.000E+00 0.000E+00 0.460E-12 0.576E-09 0.704E-10 0.000E+00 0.000E+00 0.000E+00 0.000E+00
    73.0 0.000E+00 0.000E+00 0.000E+00 0.966E-12 0.519E-09 0.458E-10 0.000E+00 0.000E+00 0.000E+00 0.000E+00
    74.0 0.000E+00 0.000E+00 0.000E+00 0.177E-11 0.456E-09 0.280E-10 0.000E+00 0.000E+00 0.000E+00 0.000E+00
    75.0 0.000E+00 0.000E+00 0.000E+00 0.288E-11 0.392E-09 0.101E-10 0.000E+00 0.000E+00 0.000E+00 0.000E+00
    76.0 0.000E+00 0.000E+00 0.000E+00 0.425E-11 0.331E-09 0.000E+00 0.000E+00 0.000E+00 0.000E+00 0.000E+00
    77.0 0.000E+00 0.000E+00 0.000E+00 0.579E-11 0.274E-09 0.000E+00 0.000E+00 0.000E+00 0.000E+00 0.000E+00
    78.0 0.000E+00 0.000E+00 0.000E+00 0.736E-11 0.224E-09 0.000E+00 0.000E+00 0.000E+00 0.000E+00 0.000E+00
    79.0 0.000E+00 0.000E+00 0.000E+00 0.881E-11 0.180E-09 0.000E+00 0.000E+00 0.000E+00 0.000E+00 0.000E+00
    80.0 0.000E+00 0.000E+00 0.000E+00 0.100E-10 0.143E-09 0.000E+00 0.000E+00 0.000E+00 0.000E+00 0.000E+00
    81.0 0.000E+00 0.000E+00 0.581E-16 0.109E-10 0.113E-09 0.000E+00 0.000E+00 0.000E+00 0.000E+00 0.000E+00
    82.0 0.000E+00 0.000E+00 0.267E-15 0.114E-10 0.880E-10 0.000E+00 0.000E+00 0.000E+00 0.000E+00 0.000E+00
    83.0 0.000E+00 0.000E+00 0.100E-14 0.115E-10 0.679E-10 0.000E+00 0.000E+00 0.000E+00 0.000E+00 0.000E+00
    84.0 0.000E+00 0.000E+00 0.312E-14 0.113E-10 0.520E-10 0.000E+00 0.000E+00 0.000E+00 0.000E+00 0.000E+00
    85.0 0.000E+00 0.000E+00 0.827E-14 0.108E-10 0.396E-10 0.000E+00 0.000E+00 0.000E+00 0.000E+00 0.000E+00
    86.0 0.000E+00 0.000E+00 0.190E-13 0.101E-10 0.298E-10 0.000E+00 0.000E+00 0.000E+00 0.000E+00 0.000E+00
    87.0 0.000E+00 0.000E+00 0.388E-13 0.922E-11 0.224E-10 0.000E+00 0.000E+00 0.000E+00 0.000E+00 0.000E+00

  E*/MeV   183Po     184Po     185Po     186Po     187Po     188Po     189Po     190Po     191Po     192Po  
    72.0 0.000E+00 0.000E+00 0.000E+00 0.000E+00 0.236E-09 0.285E-08 0.190E-08 0.000E+00 0.000E+00 0.000E+00
    73.0 0.000E+00 0.000E+00 0.000E+00 0.000E+00 0.343E-09 0.231E-08 0.127E-08 0.000E+00 0.000E+00 0.000E+00
    74.0 0.000E+00 0.000E+00 0.000E+00 0.820E-15 0.466E-09 0.184E-08 0.821E-09 0.000E+00 0.000E+00 0.000E+00
    75.0 0.000E+00 0.000E+00 0.000E+00 0.321E-14 0.597E-09 0.145E-08 0.490E-09 0.000E+00 0.000E+00 0.000E+00
    76.0 0.000E+00 0.000E+00 0.000E+00 0.108E-13 0.725E-09 0.113E-08 0.242E-09 0.000E+00 0.000E+00 0.000E+00
    77.0 0.000E+00 0.000E+00 0.000E+00 0.319E-13 0.840E-09 0.872E-09 0.000E+00 0.000E+00 0.000E+00 0.000E+00
    78.0 0.000E+00 0.000E+00 0.000E+00 0.830E-13 0.933E-09 0.666E-09 0.000E+00 0.000E+00 0.000E+00 0.000E+00
    79.0 0.000E+00 0.000E+00 0.000E+00 0.192E-12 0.998E-09 0.503E-09 0.000E+00 0.000E+00 0.000E+00 0.000E+00
    80.0 0.000E+00 0.000E+00 0.000E+00 0.401E-12 0.103E-08 0.378E-09 0.000E+00 0.000E+00 0.000E+00 0.000E+00
    81.0 0.000E+00 0.000E+00 0.000E+00 0.763E-12 0.103E-08 0.281E-09 0.000E+00 0.000E+00 0.000E+00 0.000E+00
    82.0 0.000E+00 0.000E+00 0.000E+00 0.133E-11 0.101E-08 0.207E-09 0.000E+00 0.000E+00 0.000E+00 0.000E+00
    83.0 0.000E+00 0.000E+00 0.000E+00 0.215E-11 0.961E-09 0.150E-09 0.000E+00 0.000E+00 0.000E+00 0.000E+00
    84.0 0.000E+00 0.000E+00 0.000E+00 0.325E-11 0.895E-09 0.107E-09 0.000E+00 0.000E+00 0.000E+00 0.000E+00
    85.0 0.000E+00 0.000E+00 0.000E+00 0.461E-11 0.817E-09 0.748E-10 0.000E+00 0.000E+00 0.000E+00 0.000E+00
    86.0 0.000E+00 0.000E+00 0.180E-15 0.619E-11 0.732E-09 0.486E-10 0.000E+00 0.000E+00 0.000E+00 0.000E+00
    87.0 0.000E+00 0.000E+00 0.434E-15 0.791E-11 0.645E-09 0.260E-10 0.000E+00 0.000E+00 0.000E+00 0.000E+00

  E*/MeV   182Bi     183Bi     184Bi     185Bi     186Bi     187Bi     188Bi     189Bi     190Bi     191Bi  
    72.0 0.000E+00 0.000E+00 0.516E-10 0.504E-07 0.503E-07 0.903E-07 0.166E-05 0.131E-06 0.000E+00 0.000E+00
    73.0 0.000E+00 0.000E+00 0.105E-09 0.462E-07 0.365E-07 0.116E-06 0.145E-05 0.564E-07 0.000E+00 0.000E+00
    74.0 0.000E+00 0.000E+00 0.197E-09 0.413E-07 0.263E-07 0.143E-06 0.125E-05 0.870E-08 0.000E+00 0.000E+00
    75.0 0.000E+00 0.000E+00 0.344E-09 0.361E-07 0.189E-07 0.169E-06 0.106E-05 0.000E+00 0.000E+00 0.000E+00
    76.0 0.000E+00 0.000E+00 0.559E-09 0.309E-07 0.135E-07 0.192E-06 0.882E-06 0.000E+00 0.000E+00 0.000E+00
    77.0 0.000E+00 0.000E+00 0.851E-09 0.260E-07 0.961E-08 0.210E-06 0.724E-06 0.000E+00 0.000E+00 0.000E+00
    78.0 0.000E+00 0.000E+00 0.122E-08 0.215E-07 0.688E-08 0.222E-06 0.587E-06 0.000E+00 0.000E+00 0.000E+00
    79.0 0.000E+00 0.000E+00 0.165E-08 0.175E-07 0.503E-08 0.229E-06 0.470E-06 0.000E+00 0.000E+00 0.000E+00
    80.0 0.000E+00 0.726E-13 0.211E-08 0.141E-07 0.387E-08 0.228E-06 0.370E-06 0.000E+00 0.000E+00 0.000E+00
    81.0 0.000E+00 0.199E-12 0.258E-08 0.112E-07 0.329E-08 0.223E-06 0.285E-06 0.000E+00 0.000E+00 0.000E+00
    82.0 0.000E+00 0.497E-12 0.302E-08 0.878E-08 0.323E-08 0.212E-06 0.212E-06 0.000E+00 0.000E+00 0.000E+00
    83.0 0.000E+00 0.114E-11 0.339E-08 0.683E-08 0.365E-08 0.198E-06 0.145E-06 0.000E+00 0.000E+00 0.000E+00
    84.0 0.000E+00 0.241E-11 0.368E-08 0.527E-08 0.453E-08 0.181E-06 0.812E-07 0.000E+00 0.000E+00 0.000E+00
    85.0 0.000E+00 0.471E-11 0.386E-08 0.403E-08 0.584E-08 0.162E-06 0.384E-07 0.000E+00 0.000E+00 0.000E+00
    86.0 0.000E+00 0.855E-11 0.393E-08 0.306E-08 0.754E-08 0.144E-06 0.121E-07 0.000E+00 0.000E+00 0.000E+00
    87.0 0.000E+00 0.145E-10 0.390E-08 0.231E-08 0.955E-08 0.125E-06 0.282E-08 0.000E+00 0.000E+00 0.000E+00

  E*/MeV   181Pb     182Pb     183Pb     184Pb     185Pb     186Pb     187Pb     188Pb     189Pb     190Pb  
    72.0 0.000E+00 0.000E+00 0.240E-11 0.872E-07 0.368E-05 0.579E-06 0.205E-05 0.909E-05 0.132E-05 0.177E-08
    73.0 0.000E+00 0.000E+00 0.634E-11 0.122E-06 0.339E-05 0.416E-06 0.245E-05 0.763E-05 0.961E-06 0.815E-09
    74.0 0.000E+00 0.000E+00 0.152E-10 0.163E-06 0.304E-05 0.300E-06 0.284E-05 0.631E-05 0.693E-06 0.000E+00
    75.0 0.000E+00 0.000E+00 0.335E-10 0.208E-06 0.268E-05 0.220E-06 0.321E-05 0.514E-05 0.497E-06 0.000E+00
    76.0 0.000E+00 0.000E+00 0.683E-10 0.254E-06 0.232E-05 0.169E-06 0.352E-05 0.412E-05 0.353E-06 0.000E+00
    77.0 0.000E+00 0.000E+00 0.130E-09 0.299E-06 0.197E-05 0.141E-06 0.376E-05 0.325E-05 0.250E-06 0.000E+00
    78.0 0.000E+00 0.000E+00 0.236E-09 0.338E-06 0.165E-05 0.132E-06 0.392E-05 0.248E-05 0.176E-06 0.000E+00
    79.0 0.000E+00 0.000E+00 0.409E-09 0.369E-06 0.137E-05 0.141E-06 0.399E-05 0.184E-05 0.123E-06 0.000E+00
    80.0 0.000E+00 0.000E+00 0.685E-09 0.391E-06 0.112E-05 0.166E-06 0.398E-05 0.117E-05 0.854E-07 0.000E+00
    81.0 0.000E+00 0.000E+00 0.107E-08 0.402E-06 0.989E-06 0.201E-06 0.404E-05 0.103E-05 0.590E-07 0.000E+00
    82.0 0.000E+00 0.000E+00 0.169E-08 0.405E-06 0.793E-06 0.248E-06 0.390E-05 0.554E-06 0.405E-07 0.000E+00
    83.0 0.000E+00 0.000E+00 0.261E-08 0.399E-06 0.629E-06 0.306E-06 0.370E-05 0.321E-06 0.276E-07 0.000E+00
    84.0 0.000E+00 0.000E+00 0.393E-08 0.384E-06 0.495E-06 0.373E-06 0.344E-05 0.189E-06 0.187E-07 0.000E+00
    85.0 0.000E+00 0.319E-12 0.575E-08 0.361E-06 0.386E-06 0.444E-06 0.315E-05 0.107E-06 0.126E-07 0.000E+00
    86.0 0.000E+00 0.705E-12 0.816E-08 0.334E-06 0.299E-06 0.516E-06 0.282E-05 0.606E-07 0.834E-08 0.000E+00
    87.0 0.000E+00 0.147E-11 0.112E-07 0.303E-06 0.230E-06 0.584E-06 0.247E-05 0.185E-07 0.551E-08 0.000E+00

 Z-Verteilung  
 E*/MeV     Pb         Bi         Po         At  
   72.0  0.168E-04 0.198E-05 0.498E-08 0.647E-09
   73.0  0.150E-04 0.171E-05 0.392E-08 0.566E-09
   74.0  0.133E-04 0.147E-05 0.313E-08 0.486E-09
   75.0  0.120E-04 0.128E-05 0.254E-08 0.405E-09
   76.0  0.107E-04 0.112E-05 0.210E-08 0.335E-09
   77.0  0.967E-05 0.970E-06 0.171E-08 0.280E-09
   78.0  0.871E-05 0.839E-06 0.160E-08 0.231E-09
   79.0  0.783E-05 0.723E-06 0.150E-08 0.189E-09
   80.0  0.690E-05 0.619E-06 0.141E-08 0.154E-09
   81.0  0.672E-05 0.525E-06 0.132E-08 0.124E-09
   82.0  0.594E-05 0.438E-06 0.122E-08 0.994E-10
   83.0  0.538E-05 0.356E-06 0.111E-08 0.795E-10
   84.0  0.490E-05 0.275E-06 0.101E-08 0.633E-10
   85.0  0.446E-05 0.214E-06 0.896E-09 0.504E-10
   86.0  0.405E-05 0.170E-06 0.787E-09 0.400E-10
   87.0  0.362E-05 0.144E-06 0.679E-09 0.316E-10

 Z und A Mittelwerte    
   E*/MeV     MW.Z  St.Abw.Z      MW.A  St.Abw.A
    72.0     82.11      0.31    187.28      1.29
    73.0     82.10      0.31    187.21      1.29
    74.0     82.10      0.30    187.13      1.28
    75.0     82.10      0.30    187.07      1.26
    76.0     82.09      0.29    187.01      1.24
    77.0     82.09      0.29    186.95      1.22
    78.0     82.09      0.28    186.89      1.19
    79.0     82.08      0.28    186.83      1.16
    80.0     82.08      0.28    186.75      1.13
    81.0     82.07      0.26    186.73      1.11
    82.0     82.07      0.25    186.65      1.07
    83.0     82.06      0.24    186.60      1.04
    84.0     82.05      0.23    186.57      1.01
    85.0     82.05      0.21    186.53      0.99
    86.0     82.04      0.20    186.51      0.97
    87.0     82.04      0.19    186.47      0.96

 HIVAP  CASOUT

   90Zr 103Rh 193At IFUS10 barfac0.53 sigr3.0 09/11/2023 10:40 Sitarcik 


     E_lab  A*MeV   E*/MeV     SI_fus      SI_VR     SI_Spalt  L_krit     b_Spalt

   496.118    5.51    88.0  0.2182E+03  0.3335E-05  0.2181E+03    65.0       99.96
   497.992    5.53    89.0  0.2173E+03  0.2901E-05  0.2173E+03    65.0       99.96
   499.866    5.55    90.0  0.2165E+03  0.2435E-05  0.2164E+03    65.0       99.96
   501.740    5.57    91.0  0.2157E+03  0.1961E-05  0.2156E+03    65.0       99.96

     Querschnitte / mbarn

  E*/MeV   184At     185At     186At     187At     188At     189At     190At     191At     192At     193At  
    88.0 0.000E+00 0.000E+00 0.711E-13 0.826E-11 0.167E-10 0.000E+00 0.000E+00 0.000E+00 0.000E+00 0.000E+00
    89.0 0.000E+00 0.000E+00 0.119E-12 0.728E-11 0.123E-10 0.000E+00 0.000E+00 0.000E+00 0.000E+00 0.000E+00
    90.0 0.000E+00 0.000E+00 0.183E-12 0.632E-11 0.903E-11 0.000E+00 0.000E+00 0.000E+00 0.000E+00 0.000E+00
    91.0 0.000E+00 0.000E+00 0.264E-12 0.541E-11 0.641E-11 0.000E+00 0.000E+00 0.000E+00 0.000E+00 0.000E+00

  E*/MeV   183Po     184Po     185Po     186Po     187Po     188Po     189Po     190Po     191Po     192Po  
    88.0 0.000E+00 0.000E+00 0.948E-15 0.967E-11 0.560E-09 0.840E-11 0.000E+00 0.000E+00 0.000E+00 0.000E+00
    89.0 0.000E+00 0.000E+00 0.195E-14 0.114E-10 0.480E-09 0.000E+00 0.000E+00 0.000E+00 0.000E+00 0.000E+00
    90.0 0.000E+00 0.000E+00 0.389E-14 0.129E-10 0.406E-09 0.000E+00 0.000E+00 0.000E+00 0.000E+00 0.000E+00
    91.0 0.000E+00 0.000E+00 0.765E-14 0.141E-10 0.340E-09 0.000E+00 0.000E+00 0.000E+00 0.000E+00 0.000E+00

  E*/MeV   182Bi     183Bi     184Bi     185Bi     186Bi     187Bi     188Bi     189Bi     190Bi     191Bi  
    88.0 0.000E+00 0.230E-10 0.377E-08 0.174E-08 0.118E-07 0.107E-06 0.387E-09 0.000E+00 0.000E+00 0.000E+00
    89.0 0.000E+00 0.344E-10 0.357E-08 0.130E-08 0.141E-07 0.909E-07 0.000E+00 0.000E+00 0.000E+00 0.000E+00
    90.0 0.000E+00 0.487E-10 0.331E-08 0.973E-09 0.164E-07 0.753E-07 0.000E+00 0.000E+00 0.000E+00 0.000E+00
    91.0 0.000E+00 0.656E-10 0.302E-08 0.733E-09 0.185E-07 0.602E-07 0.000E+00 0.000E+00 0.000E+00 0.000E+00

  E*/MeV   181Pb     182Pb     183Pb     184Pb     185Pb     186Pb     187Pb     188Pb     189Pb     190Pb  
    88.0 0.000E+00 0.294E-11 0.149E-07 0.270E-06 0.176E-06 0.646E-06 0.210E-05 0.524E-09 0.357E-08 0.000E+00
    89.0 0.000E+00 0.566E-11 0.192E-07 0.238E-06 0.135E-06 0.697E-06 0.170E-05 0.000E+00 0.215E-08 0.000E+00
    90.0 0.000E+00 0.106E-10 0.239E-07 0.206E-06 0.103E-06 0.735E-06 0.127E-05 0.000E+00 0.126E-08 0.000E+00
    91.0 0.000E+00 0.193E-10 0.288E-07 0.177E-06 0.803E-07 0.760E-06 0.833E-06 0.000E+00 0.611E-09 0.000E+00

 Z-Verteilung  
 E*/MeV     Pb         Bi         Po         At  
   88.0  0.321E-05 0.125E-06 0.579E-09 0.250E-10
   89.0  0.279E-05 0.110E-06 0.492E-09 0.197E-10
   90.0  0.234E-05 0.961E-07 0.419E-09 0.155E-10
   91.0  0.188E-05 0.826E-07 0.354E-09 0.121E-10

 Z und A Mittelwerte    
   E*/MeV     MW.Z  St.Abw.Z      MW.A  St.Abw.A
    88.0     82.04      0.19    186.43      0.95
    89.0     82.04      0.19    186.39      0.96
    90.0     82.04      0.20    186.31      0.97
    91.0     82.04      0.20    186.19      0.98
                                                                        
           



 Ende HIVAP 
