          Programm HIVAP,  Autor  W.Reisdorf   Version fuer "rzri6f" vom  7. 6. 1994

           Bearbeitung F.P.Heﬂberger
           
   90Zr 103Rh 193At IFUS10 barfac0.50 sigr3.0 09/11/2023 10:38 Sitarcik 
           

 Unterprogramm SEPENF

 benutzt Sierks Programm BARFIT 
 Q-Wert  -176.768 MeV
 Massen aus der Datei "mlz.dat" 

         Exp. Schaleneffekte,  SHELL0=    0.00
          At  184   At  185   At  186   At  187   At  188   At  189   At  190   At  191   At  192   At  193
             -0.96     -0.15     -0.95     -0.13     -0.92     -0.10     -0.88     -0.07     -0.87     -0.14
          Po  183   Po  184   Po  185   Po  186   Po  187   Po  188   Po  189   Po  190   Po  191   Po  192
             -0.41      0.51     -0.23      0.60     -0.21      0.55     -0.34      0.34     -0.63     -0.03
          Bi  182   Bi  183   Bi  184   Bi  185   Bi  186   Bi  187   Bi  188   Bi  189   Bi  190   Bi  191
             -2.02     -1.09     -1.82     -0.98     -1.79     -1.03     -1.92     -1.24     -2.20     -1.60
          Pb  181   Pb  182   Pb  183   Pb  184   Pb  185   Pb  186   Pb  187   Pb  188   Pb  189   Pb  190
             -2.05     -1.11     -1.85     -1.00     -1.81     -1.05     -1.94     -1.26     -2.22     -1.62

           BARFAC=   0.500      BAR0=   0.000

          Separationsenergien (BN,BP,BA) und Spaltbarrieren
          At  184   At  185   At  186   At  187   At  188   At  189   At  190   At  191   At  192   At  193
             10.83     12.24     10.41     11.81     10.00     11.40      9.60     11.01      9.25     10.70
             -2.63     -2.25     -1.92     -1.64     -1.40     -1.20     -1.04     -0.93     -0.82     -0.71
             -9.93     -9.63     -9.36     -9.14     -8.96     -8.83     -8.72     -8.66     -8.59     -8.53
              3.06      2.37      3.29      2.60      3.51      2.81      3.71      3.02      3.94      3.33
             -1.62     -0.81     -1.61     -0.80     -1.60     -0.80     -1.60     -0.80     -1.59     -0.79
          Po  183   Po  184   Po  185   Po  186   Po  187   Po  188   Po  189   Po  190   Po  191   Po  192
             10.41     11.86     10.08     11.54      9.75     11.20      9.44     10.89      9.14     10.58
             -1.08     -0.82     -0.54     -0.28     -0.02      0.24      0.50      0.75      1.01      1.26
            -10.16     -9.96     -9.74     -9.53     -9.32     -9.12     -8.90     -8.69     -8.47     -8.26
              2.98      2.19      3.07      2.37      3.31      2.68      3.70      3.15      4.24      3.77
             -0.81      0.00     -0.81      0.00     -0.80      0.00     -0.80      0.00     -0.80      0.00
          Bi  182   Bi  183   Bi  184   Bi  185   Bi  186   Bi  187   Bi  188   Bi  189   Bi  190   Bi  191
             10.14     11.60      9.81     11.27      9.49     10.95      9.18     10.64      8.88     10.33
             -2.30     -2.03     -1.76     -1.49     -1.22     -0.96     -0.69     -0.43     -0.17      0.09
             -8.19     -7.99     -7.78     -7.58     -7.36     -7.16     -6.93     -6.73     -6.50     -6.30
              5.12      4.33      5.21      4.50      5.45      4.83      5.85      5.31      6.40      5.92
             -1.63     -0.81     -1.62     -0.81     -1.61     -0.80     -1.60     -0.80     -1.60     -0.80
          Pb  181   Pb  182   Pb  183   Pb  184   Pb  185   Pb  186   Pb  187   Pb  188   Pb  189   Pb  190
              9.86     11.33      9.54     11.00      9.22     10.68      8.92     10.38      8.62     10.08
              1.42      1.68      1.94      2.20      2.46      2.71      2.97      3.22      3.47      3.72
             -6.22     -6.03     -5.81     -5.61     -5.39     -5.19     -4.97     -4.76     -4.54     -4.33
              5.72      4.94      5.82      5.12      6.08      5.46      6.49      5.94      7.04      6.57
             -0.82      0.00     -0.81      0.00     -0.81      0.00     -0.80      0.00     -0.80      0.00

 benutzter Q-Wert  -176.768 MeV    effektiver Q-Wert  -176.768 MeV

 HIVAP  CASOUT

   90Zr 103Rh 193At IFUS10 barfac0.50 sigr3.0 09/11/2023 10:38 Sitarcik 


     E_lab  A*MeV   E*/MeV     SI_fus      SI_VR     SI_Spalt  L_krit     b_Spalt

   346.215    3.85     8.0  0.7449E-04  0.3248E-07  0.7446E-04     0.0       99.96
   348.089    3.87     9.0  0.3763E-03  0.1008E-06  0.3762E-03     0.0       99.97
   349.963    3.89    10.0  0.1798E-02  0.4623E-06  0.1798E-02     0.0       99.97
   351.837    3.91    11.0  0.7419E-02  0.1925E-05  0.7417E-02     0.0       99.97
   353.711    3.93    12.0  0.2405E-01  0.5599E-05  0.2404E-01     0.0       99.98
   355.584    3.95    13.0  0.6101E-01  0.1224E-04  0.6099E-01     0.0       99.98
   357.458    3.97    14.0  0.1312E+00  0.2327E-04  0.1311E+00     0.0       99.98
   359.332    3.99    15.0  0.2565E+00  0.4610E-04  0.2565E+00     0.0       99.98
   361.206    4.01    16.0  0.4634E+00  0.8460E-04  0.4634E+00     0.0       99.98
   363.079    4.03    17.0  0.7859E+00  0.1070E-03  0.7858E+00     0.0       99.99
   364.953    4.06    18.0  0.1268E+01  0.1123E-03  0.1268E+01     0.0       99.99
   366.827    4.08    19.0  0.1962E+01  0.1077E-03  0.1962E+01     0.0       99.99
   368.701    4.10    20.0  0.2938E+01  0.9899E-04  0.2938E+01     0.0       99.99
   370.575    4.12    21.0  0.4270E+01  0.9025E-04  0.4269E+01     0.0       99.99
   372.448    4.14    22.0  0.6047E+01  0.8385E-04  0.6044E+01     0.0       99.96
   374.322    4.16    23.0  0.8351E+01  0.8465E-04  0.8346E+01     0.0       99.93

     Querschnitte / mbarn

  E*/MeV   184At     185At     186At     187At     188At     189At     190At     191At     192At     193At  
     8.0 0.000E+00 0.000E+00 0.000E+00 0.000E+00 0.000E+00 0.000E+00 0.000E+00 0.000E+00 0.000E+00 0.265E-07
     9.0 0.000E+00 0.000E+00 0.000E+00 0.000E+00 0.000E+00 0.000E+00 0.000E+00 0.000E+00 0.000E+00 0.459E-07
    10.0 0.000E+00 0.000E+00 0.000E+00 0.000E+00 0.000E+00 0.000E+00 0.000E+00 0.000E+00 0.000E+00 0.765E-07
    11.0 0.000E+00 0.000E+00 0.000E+00 0.000E+00 0.000E+00 0.000E+00 0.000E+00 0.000E+00 0.107E-09 0.110E-06
    12.0 0.000E+00 0.000E+00 0.000E+00 0.000E+00 0.000E+00 0.000E+00 0.000E+00 0.000E+00 0.480E-07 0.123E-06
    13.0 0.000E+00 0.000E+00 0.000E+00 0.000E+00 0.000E+00 0.000E+00 0.000E+00 0.000E+00 0.130E-05 0.123E-06
    14.0 0.000E+00 0.000E+00 0.000E+00 0.000E+00 0.000E+00 0.000E+00 0.000E+00 0.000E+00 0.659E-05 0.119E-06
    15.0 0.000E+00 0.000E+00 0.000E+00 0.000E+00 0.000E+00 0.000E+00 0.000E+00 0.000E+00 0.237E-04 0.124E-06
    16.0 0.000E+00 0.000E+00 0.000E+00 0.000E+00 0.000E+00 0.000E+00 0.000E+00 0.000E+00 0.564E-04 0.106E-06
    17.0 0.000E+00 0.000E+00 0.000E+00 0.000E+00 0.000E+00 0.000E+00 0.000E+00 0.000E+00 0.721E-04 0.101E-06
    18.0 0.000E+00 0.000E+00 0.000E+00 0.000E+00 0.000E+00 0.000E+00 0.000E+00 0.000E+00 0.701E-04 0.837E-07
    19.0 0.000E+00 0.000E+00 0.000E+00 0.000E+00 0.000E+00 0.000E+00 0.000E+00 0.000E+00 0.593E-04 0.859E-07
    20.0 0.000E+00 0.000E+00 0.000E+00 0.000E+00 0.000E+00 0.000E+00 0.000E+00 0.000E+00 0.467E-04 0.754E-07
    21.0 0.000E+00 0.000E+00 0.000E+00 0.000E+00 0.000E+00 0.000E+00 0.000E+00 0.630E-09 0.357E-04 0.558E-07
    22.0 0.000E+00 0.000E+00 0.000E+00 0.000E+00 0.000E+00 0.000E+00 0.000E+00 0.175E-07 0.257E-04 0.000E+00
    23.0 0.000E+00 0.000E+00 0.000E+00 0.000E+00 0.000E+00 0.000E+00 0.000E+00 0.165E-06 0.179E-04 0.000E+00

  E*/MeV   183Po     184Po     185Po     186Po     187Po     188Po     189Po     190Po     191Po     192Po  
     8.0 0.000E+00 0.000E+00 0.000E+00 0.000E+00 0.000E+00 0.000E+00 0.000E+00 0.000E+00 0.000E+00 0.596E-08
     9.0 0.000E+00 0.000E+00 0.000E+00 0.000E+00 0.000E+00 0.000E+00 0.000E+00 0.000E+00 0.000E+00 0.544E-07
    10.0 0.000E+00 0.000E+00 0.000E+00 0.000E+00 0.000E+00 0.000E+00 0.000E+00 0.000E+00 0.000E+00 0.380E-06
    11.0 0.000E+00 0.000E+00 0.000E+00 0.000E+00 0.000E+00 0.000E+00 0.000E+00 0.000E+00 0.000E+00 0.177E-05
    12.0 0.000E+00 0.000E+00 0.000E+00 0.000E+00 0.000E+00 0.000E+00 0.000E+00 0.000E+00 0.000E+00 0.520E-05
    13.0 0.000E+00 0.000E+00 0.000E+00 0.000E+00 0.000E+00 0.000E+00 0.000E+00 0.000E+00 0.000E+00 0.100E-04
    14.0 0.000E+00 0.000E+00 0.000E+00 0.000E+00 0.000E+00 0.000E+00 0.000E+00 0.000E+00 0.000E+00 0.143E-04
    15.0 0.000E+00 0.000E+00 0.000E+00 0.000E+00 0.000E+00 0.000E+00 0.000E+00 0.000E+00 0.379E-11 0.168E-04
    16.0 0.000E+00 0.000E+00 0.000E+00 0.000E+00 0.000E+00 0.000E+00 0.000E+00 0.000E+00 0.793E-09 0.169E-04
    17.0 0.000E+00 0.000E+00 0.000E+00 0.000E+00 0.000E+00 0.000E+00 0.000E+00 0.000E+00 0.780E-08 0.151E-04
    18.0 0.000E+00 0.000E+00 0.000E+00 0.000E+00 0.000E+00 0.000E+00 0.000E+00 0.000E+00 0.433E-07 0.124E-04
    19.0 0.000E+00 0.000E+00 0.000E+00 0.000E+00 0.000E+00 0.000E+00 0.000E+00 0.000E+00 0.201E-06 0.967E-05
    20.0 0.000E+00 0.000E+00 0.000E+00 0.000E+00 0.000E+00 0.000E+00 0.000E+00 0.000E+00 0.741E-06 0.718E-05
    21.0 0.000E+00 0.000E+00 0.000E+00 0.000E+00 0.000E+00 0.000E+00 0.000E+00 0.000E+00 0.223E-05 0.513E-05
    22.0 0.000E+00 0.000E+00 0.000E+00 0.000E+00 0.000E+00 0.000E+00 0.000E+00 0.000E+00 0.557E-05 0.353E-05
    23.0 0.000E+00 0.000E+00 0.000E+00 0.000E+00 0.000E+00 0.000E+00 0.000E+00 0.000E+00 0.115E-04 0.236E-05

  E*/MeV   182Bi     183Bi     184Bi     185Bi     186Bi     187Bi     188Bi     189Bi     190Bi     191Bi  
     8.0 0.000E+00 0.000E+00 0.000E+00 0.000E+00 0.000E+00 0.000E+00 0.000E+00 0.454E-10 0.000E+00 0.000E+00
     9.0 0.000E+00 0.000E+00 0.000E+00 0.000E+00 0.000E+00 0.000E+00 0.000E+00 0.563E-09 0.000E+00 0.000E+00
    10.0 0.000E+00 0.000E+00 0.000E+00 0.000E+00 0.000E+00 0.000E+00 0.000E+00 0.587E-08 0.000E+00 0.000E+00
    11.0 0.000E+00 0.000E+00 0.000E+00 0.000E+00 0.000E+00 0.000E+00 0.000E+00 0.428E-07 0.000E+00 0.145E-12
    12.0 0.000E+00 0.000E+00 0.000E+00 0.000E+00 0.000E+00 0.000E+00 0.000E+00 0.226E-06 0.000E+00 0.650E-11
    13.0 0.000E+00 0.000E+00 0.000E+00 0.000E+00 0.000E+00 0.000E+00 0.000E+00 0.800E-06 0.000E+00 0.907E-10
    14.0 0.000E+00 0.000E+00 0.000E+00 0.000E+00 0.000E+00 0.000E+00 0.000E+00 0.227E-05 0.000E+00 0.756E-09
    15.0 0.000E+00 0.000E+00 0.000E+00 0.000E+00 0.000E+00 0.000E+00 0.000E+00 0.546E-05 0.000E+00 0.456E-08
    16.0 0.000E+00 0.000E+00 0.000E+00 0.000E+00 0.000E+00 0.000E+00 0.000E+00 0.112E-04 0.000E+00 0.210E-07
    17.0 0.000E+00 0.000E+00 0.000E+00 0.000E+00 0.000E+00 0.000E+00 0.000E+00 0.195E-04 0.000E+00 0.788E-07
    18.0 0.000E+00 0.000E+00 0.000E+00 0.000E+00 0.000E+00 0.000E+00 0.733E-10 0.292E-04 0.000E+00 0.250E-06
    19.0 0.000E+00 0.000E+00 0.000E+00 0.000E+00 0.000E+00 0.000E+00 0.106E-08 0.374E-04 0.000E+00 0.693E-06
    20.0 0.000E+00 0.000E+00 0.000E+00 0.000E+00 0.000E+00 0.000E+00 0.701E-08 0.417E-04 0.000E+00 0.171E-05
    21.0 0.000E+00 0.000E+00 0.000E+00 0.000E+00 0.000E+00 0.000E+00 0.322E-07 0.413E-04 0.000E+00 0.380E-05
    22.0 0.000E+00 0.000E+00 0.000E+00 0.000E+00 0.000E+00 0.000E+00 0.120E-06 0.373E-04 0.131E-11 0.759E-05
    23.0 0.000E+00 0.000E+00 0.000E+00 0.000E+00 0.000E+00 0.000E+00 0.378E-06 0.313E-04 0.227E-10 0.136E-04

  E*/MeV   181Pb     182Pb     183Pb     184Pb     185Pb     186Pb     187Pb     188Pb     189Pb     190Pb  
     8.0 0.000E+00 0.000E+00 0.000E+00 0.000E+00 0.000E+00 0.000E+00 0.000E+00 0.000E+00 0.000E+00 0.000E+00
     9.0 0.000E+00 0.000E+00 0.000E+00 0.000E+00 0.000E+00 0.000E+00 0.000E+00 0.000E+00 0.000E+00 0.000E+00
    10.0 0.000E+00 0.000E+00 0.000E+00 0.000E+00 0.000E+00 0.000E+00 0.000E+00 0.000E+00 0.000E+00 0.000E+00
    11.0 0.000E+00 0.000E+00 0.000E+00 0.000E+00 0.000E+00 0.000E+00 0.000E+00 0.000E+00 0.000E+00 0.000E+00
    12.0 0.000E+00 0.000E+00 0.000E+00 0.000E+00 0.000E+00 0.000E+00 0.000E+00 0.828E-10 0.000E+00 0.000E+00
    13.0 0.000E+00 0.000E+00 0.000E+00 0.000E+00 0.000E+00 0.000E+00 0.000E+00 0.506E-09 0.000E+00 0.000E+00
    14.0 0.000E+00 0.000E+00 0.000E+00 0.000E+00 0.000E+00 0.000E+00 0.000E+00 0.226E-08 0.000E+00 0.000E+00
    15.0 0.000E+00 0.000E+00 0.000E+00 0.000E+00 0.000E+00 0.000E+00 0.000E+00 0.819E-08 0.000E+00 0.000E+00
    16.0 0.000E+00 0.000E+00 0.000E+00 0.000E+00 0.000E+00 0.000E+00 0.000E+00 0.252E-07 0.000E+00 0.144E-13
    17.0 0.000E+00 0.000E+00 0.000E+00 0.000E+00 0.000E+00 0.000E+00 0.000E+00 0.684E-07 0.000E+00 0.411E-12
    18.0 0.000E+00 0.000E+00 0.000E+00 0.000E+00 0.000E+00 0.000E+00 0.000E+00 0.171E-06 0.000E+00 0.521E-11
    19.0 0.000E+00 0.000E+00 0.000E+00 0.000E+00 0.000E+00 0.000E+00 0.000E+00 0.401E-06 0.000E+00 0.411E-10
    20.0 0.000E+00 0.000E+00 0.000E+00 0.000E+00 0.000E+00 0.000E+00 0.000E+00 0.907E-06 0.000E+00 0.233E-09
    21.0 0.000E+00 0.000E+00 0.000E+00 0.000E+00 0.000E+00 0.000E+00 0.000E+00 0.195E-05 0.000E+00 0.102E-08
    22.0 0.000E+00 0.000E+00 0.000E+00 0.000E+00 0.000E+00 0.000E+00 0.202E-10 0.397E-05 0.000E+00 0.368E-08
    23.0 0.000E+00 0.000E+00 0.000E+00 0.000E+00 0.000E+00 0.000E+00 0.323E-09 0.750E-05 0.000E+00 0.112E-07

 Z-Verteilung  
 E*/MeV     Pb         Bi         Po         At  
    8.0  0.000E+00 0.454E-10 0.596E-08 0.265E-07
    9.0  0.000E+00 0.563E-09 0.544E-07 0.459E-07
   10.0  0.000E+00 0.587E-08 0.380E-06 0.765E-07
   11.0  0.000E+00 0.428E-07 0.177E-05 0.110E-06
   12.0  0.828E-10 0.226E-06 0.520E-05 0.171E-06
   13.0  0.506E-09 0.800E-06 0.100E-04 0.142E-05
   14.0  0.226E-08 0.227E-05 0.143E-04 0.671E-05
   15.0  0.819E-08 0.546E-05 0.168E-04 0.239E-04
   16.0  0.252E-07 0.112E-04 0.169E-04 0.565E-04
   17.0  0.684E-07 0.196E-04 0.151E-04 0.722E-04
   18.0  0.171E-06 0.295E-04 0.125E-04 0.702E-04
   19.0  0.401E-06 0.381E-04 0.987E-05 0.594E-04
   20.0  0.907E-06 0.434E-04 0.792E-05 0.467E-04
   21.0  0.195E-05 0.452E-04 0.736E-05 0.358E-04
   22.0  0.397E-05 0.450E-04 0.910E-05 0.257E-04
   23.0  0.751E-05 0.452E-04 0.139E-04 0.180E-04

 Z und A Mittelwerte    
   E*/MeV     MW.Z  St.Abw.Z      MW.A  St.Abw.A
     8.0     84.81      0.39    192.81      0.41
     9.0     84.45      0.51    192.44      0.56
    10.0     84.15      0.39    192.13      0.51
    11.0     84.03      0.28    191.99      0.51
    12.0     83.99      0.27    191.90      0.61
    13.0     84.05      0.42    191.81      0.75
    14.0     84.19      0.59    191.71      0.89
    15.0     84.40      0.69    191.65      0.97
    16.0     84.53      0.72    191.60      1.02
    17.0     84.49      0.79    191.45      1.16
    18.0     84.36      0.87    191.21      1.32
    19.0     84.19      0.94    190.94      1.44
    20.0     84.02      0.97    190.68      1.49
    21.0     83.85      0.98    190.47      1.49
    22.0     83.67      0.96    190.31      1.45
    23.0     83.50      0.92    190.22      1.40

 HIVAP  CASOUT

   90Zr 103Rh 193At IFUS10 barfac0.50 sigr3.0 09/11/2023 10:38 Sitarcik 


     E_lab  A*MeV   E*/MeV     SI_fus      SI_VR     SI_Spalt  L_krit     b_Spalt

   376.196    4.18    24.0  0.1126E+02  0.9536E-04  0.1125E+02     0.0       99.89
   378.070    4.20    25.0  0.1487E+02  0.1147E-03  0.1484E+02    17.0       99.85
   379.944    4.22    26.0  0.1924E+02  0.1388E-03  0.1921E+02    24.0       99.82
   381.817    4.24    27.0  0.2444E+02  0.1628E-03  0.2438E+02    30.0       99.76
   383.691    4.26    28.0  0.3051E+02  0.1831E-03  0.3042E+02    65.0       99.70
   385.565    4.28    29.0  0.3748E+02  0.1972E-03  0.3734E+02    65.0       99.65
   387.439    4.30    30.0  0.4533E+02  0.2038E-03  0.4514E+02    65.0       99.58
   389.313    4.33    31.0  0.5406E+02  0.2026E-03  0.5380E+02    65.0       99.52
   391.186    4.35    32.0  0.6359E+02  0.1938E-03  0.6325E+02    65.0       99.46
   393.060    4.37    33.0  0.7384E+02  0.1797E-03  0.7338E+02    65.0       99.38
   394.934    4.39    34.0  0.8471E+02  0.1641E-03  0.8413E+02    65.0       99.31
   396.808    4.41    35.0  0.9602E+02  0.1505E-03  0.9529E+02    65.0       99.23
   398.681    4.43    36.0  0.1077E+03  0.1418E-03  0.1068E+03    65.0       99.16
   400.555    4.45    37.0  0.1195E+03  0.1388E-03  0.1184E+03    65.0       99.10
   402.429    4.47    38.0  0.1313E+03  0.1405E-03  0.1301E+03    65.0       99.05
   404.303    4.49    39.0  0.1430E+03  0.1449E-03  0.1416E+03    65.0       99.00

     Querschnitte / mbarn

  E*/MeV   184At     185At     186At     187At     188At     189At     190At     191At     192At     193At  
    24.0 0.000E+00 0.000E+00 0.000E+00 0.000E+00 0.000E+00 0.000E+00 0.000E+00 0.765E-06 0.124E-04 0.000E+00
    25.0 0.000E+00 0.000E+00 0.000E+00 0.000E+00 0.000E+00 0.000E+00 0.000E+00 0.203E-05 0.840E-05 0.000E+00
    26.0 0.000E+00 0.000E+00 0.000E+00 0.000E+00 0.000E+00 0.000E+00 0.000E+00 0.344E-05 0.538E-05 0.000E+00
    27.0 0.000E+00 0.000E+00 0.000E+00 0.000E+00 0.000E+00 0.000E+00 0.000E+00 0.430E-05 0.342E-05 0.000E+00
    28.0 0.000E+00 0.000E+00 0.000E+00 0.000E+00 0.000E+00 0.000E+00 0.000E+00 0.444E-05 0.224E-05 0.000E+00
    29.0 0.000E+00 0.000E+00 0.000E+00 0.000E+00 0.000E+00 0.000E+00 0.000E+00 0.400E-05 0.134E-05 0.000E+00
    30.0 0.000E+00 0.000E+00 0.000E+00 0.000E+00 0.000E+00 0.000E+00 0.000E+00 0.327E-05 0.762E-06 0.000E+00
    31.0 0.000E+00 0.000E+00 0.000E+00 0.000E+00 0.000E+00 0.000E+00 0.000E+00 0.249E-05 0.416E-06 0.000E+00
    32.0 0.000E+00 0.000E+00 0.000E+00 0.000E+00 0.000E+00 0.000E+00 0.343E-11 0.180E-05 0.211E-06 0.000E+00
    33.0 0.000E+00 0.000E+00 0.000E+00 0.000E+00 0.000E+00 0.000E+00 0.107E-09 0.124E-05 0.972E-07 0.000E+00
    34.0 0.000E+00 0.000E+00 0.000E+00 0.000E+00 0.000E+00 0.000E+00 0.123E-08 0.831E-06 0.412E-07 0.000E+00
    35.0 0.000E+00 0.000E+00 0.000E+00 0.000E+00 0.000E+00 0.000E+00 0.764E-08 0.540E-06 0.193E-07 0.000E+00
    36.0 0.000E+00 0.000E+00 0.000E+00 0.000E+00 0.000E+00 0.000E+00 0.303E-07 0.343E-06 0.774E-08 0.000E+00
    37.0 0.000E+00 0.000E+00 0.000E+00 0.000E+00 0.000E+00 0.000E+00 0.848E-07 0.213E-06 0.000E+00 0.000E+00
    38.0 0.000E+00 0.000E+00 0.000E+00 0.000E+00 0.000E+00 0.000E+00 0.176E-06 0.130E-06 0.000E+00 0.000E+00
    39.0 0.000E+00 0.000E+00 0.000E+00 0.000E+00 0.000E+00 0.000E+00 0.280E-06 0.780E-07 0.000E+00 0.000E+00

  E*/MeV   183Po     184Po     185Po     186Po     187Po     188Po     189Po     190Po     191Po     192Po  
    24.0 0.000E+00 0.000E+00 0.000E+00 0.000E+00 0.000E+00 0.000E+00 0.000E+00 0.000E+00 0.199E-04 0.156E-05
    25.0 0.000E+00 0.000E+00 0.000E+00 0.000E+00 0.000E+00 0.000E+00 0.000E+00 0.000E+00 0.291E-04 0.102E-05
    26.0 0.000E+00 0.000E+00 0.000E+00 0.000E+00 0.000E+00 0.000E+00 0.000E+00 0.184E-10 0.366E-04 0.657E-06
    27.0 0.000E+00 0.000E+00 0.000E+00 0.000E+00 0.000E+00 0.000E+00 0.000E+00 0.196E-09 0.403E-04 0.410E-06
    28.0 0.000E+00 0.000E+00 0.000E+00 0.000E+00 0.000E+00 0.000E+00 0.000E+00 0.140E-08 0.398E-04 0.245E-06
    29.0 0.000E+00 0.000E+00 0.000E+00 0.000E+00 0.000E+00 0.000E+00 0.000E+00 0.726E-08 0.359E-04 0.134E-06
    30.0 0.000E+00 0.000E+00 0.000E+00 0.000E+00 0.000E+00 0.000E+00 0.000E+00 0.287E-07 0.300E-04 0.494E-07
    31.0 0.000E+00 0.000E+00 0.000E+00 0.000E+00 0.000E+00 0.000E+00 0.000E+00 0.887E-07 0.236E-04 0.198E-07
    32.0 0.000E+00 0.000E+00 0.000E+00 0.000E+00 0.000E+00 0.000E+00 0.000E+00 0.219E-06 0.176E-04 0.108E-07
    33.0 0.000E+00 0.000E+00 0.000E+00 0.000E+00 0.000E+00 0.000E+00 0.000E+00 0.445E-06 0.126E-04 0.460E-08
    34.0 0.000E+00 0.000E+00 0.000E+00 0.000E+00 0.000E+00 0.000E+00 0.000E+00 0.755E-06 0.872E-05 0.000E+00
    35.0 0.000E+00 0.000E+00 0.000E+00 0.000E+00 0.000E+00 0.000E+00 0.000E+00 0.109E-05 0.585E-05 0.000E+00
    36.0 0.000E+00 0.000E+00 0.000E+00 0.000E+00 0.000E+00 0.000E+00 0.000E+00 0.137E-05 0.383E-05 0.000E+00
    37.0 0.000E+00 0.000E+00 0.000E+00 0.000E+00 0.000E+00 0.000E+00 0.455E-12 0.153E-05 0.245E-05 0.000E+00
    38.0 0.000E+00 0.000E+00 0.000E+00 0.000E+00 0.000E+00 0.000E+00 0.418E-11 0.155E-05 0.154E-05 0.000E+00
    39.0 0.000E+00 0.000E+00 0.000E+00 0.000E+00 0.000E+00 0.000E+00 0.258E-10 0.144E-05 0.951E-06 0.000E+00

  E*/MeV   182Bi     183Bi     184Bi     185Bi     186Bi     187Bi     188Bi     189Bi     190Bi     191Bi  
    24.0 0.000E+00 0.000E+00 0.000E+00 0.000E+00 0.000E+00 0.000E+00 0.104E-05 0.246E-04 0.209E-09 0.219E-04
    25.0 0.000E+00 0.000E+00 0.000E+00 0.000E+00 0.000E+00 0.000E+00 0.254E-05 0.184E-04 0.133E-08 0.319E-04
    26.0 0.000E+00 0.000E+00 0.000E+00 0.000E+00 0.000E+00 0.000E+00 0.550E-05 0.132E-04 0.655E-08 0.421E-04
    27.0 0.000E+00 0.000E+00 0.000E+00 0.000E+00 0.000E+00 0.000E+00 0.106E-04 0.907E-05 0.261E-07 0.506E-04
    28.0 0.000E+00 0.000E+00 0.000E+00 0.000E+00 0.000E+00 0.105E-10 0.184E-04 0.608E-05 0.876E-07 0.557E-04
    29.0 0.000E+00 0.000E+00 0.000E+00 0.000E+00 0.000E+00 0.116E-09 0.286E-04 0.398E-05 0.253E-06 0.567E-04
    30.0 0.000E+00 0.000E+00 0.000E+00 0.000E+00 0.000E+00 0.761E-09 0.397E-04 0.256E-05 0.642E-06 0.538E-04
    31.0 0.000E+00 0.000E+00 0.000E+00 0.000E+00 0.000E+00 0.358E-08 0.492E-04 0.163E-05 0.146E-05 0.480E-04
    32.0 0.000E+00 0.000E+00 0.000E+00 0.000E+00 0.000E+00 0.135E-07 0.546E-04 0.103E-05 0.298E-05 0.405E-04
    33.0 0.000E+00 0.000E+00 0.000E+00 0.000E+00 0.000E+00 0.428E-07 0.549E-04 0.650E-06 0.558E-05 0.326E-04
    34.0 0.000E+00 0.000E+00 0.000E+00 0.000E+00 0.000E+00 0.117E-06 0.505E-04 0.403E-06 0.959E-05 0.252E-04
    35.0 0.000E+00 0.000E+00 0.000E+00 0.000E+00 0.000E+00 0.281E-06 0.433E-04 0.241E-06 0.152E-04 0.187E-04
    36.0 0.000E+00 0.000E+00 0.000E+00 0.000E+00 0.000E+00 0.596E-06 0.349E-04 0.139E-06 0.222E-04 0.135E-04
    37.0 0.000E+00 0.000E+00 0.000E+00 0.000E+00 0.000E+00 0.112E-05 0.267E-04 0.777E-07 0.301E-04 0.944E-05
    38.0 0.000E+00 0.000E+00 0.000E+00 0.000E+00 0.000E+00 0.189E-05 0.196E-04 0.286E-07 0.378E-04 0.644E-05
    39.0 0.000E+00 0.000E+00 0.000E+00 0.000E+00 0.000E+00 0.284E-05 0.139E-04 0.338E-07 0.442E-04 0.429E-05

  E*/MeV   181Pb     182Pb     183Pb     184Pb     185Pb     186Pb     187Pb     188Pb     189Pb     190Pb  
    24.0 0.000E+00 0.000E+00 0.000E+00 0.000E+00 0.000E+00 0.000E+00 0.215E-08 0.131E-04 0.000E+00 0.299E-07
    25.0 0.000E+00 0.000E+00 0.000E+00 0.000E+00 0.000E+00 0.000E+00 0.908E-08 0.213E-04 0.000E+00 0.719E-07
    26.0 0.000E+00 0.000E+00 0.000E+00 0.000E+00 0.000E+00 0.000E+00 0.303E-07 0.318E-04 0.000E+00 0.159E-06
    27.0 0.000E+00 0.000E+00 0.000E+00 0.000E+00 0.000E+00 0.000E+00 0.853E-07 0.436E-04 0.000E+00 0.326E-06
    28.0 0.000E+00 0.000E+00 0.000E+00 0.000E+00 0.000E+00 0.000E+00 0.208E-06 0.553E-04 0.000E+00 0.630E-06
    29.0 0.000E+00 0.000E+00 0.000E+00 0.000E+00 0.000E+00 0.000E+00 0.449E-06 0.647E-04 0.185E-10 0.115E-05
    30.0 0.000E+00 0.000E+00 0.000E+00 0.000E+00 0.000E+00 0.000E+00 0.865E-06 0.701E-04 0.124E-09 0.199E-05
    31.0 0.000E+00 0.000E+00 0.000E+00 0.000E+00 0.000E+00 0.000E+00 0.153E-05 0.709E-04 0.631E-09 0.326E-05
    32.0 0.000E+00 0.000E+00 0.000E+00 0.000E+00 0.000E+00 0.000E+00 0.258E-05 0.671E-04 0.253E-08 0.506E-05
    33.0 0.000E+00 0.000E+00 0.000E+00 0.000E+00 0.000E+00 0.123E-10 0.423E-05 0.599E-04 0.839E-08 0.744E-05
    34.0 0.000E+00 0.000E+00 0.000E+00 0.000E+00 0.000E+00 0.624E-10 0.681E-05 0.507E-04 0.236E-07 0.104E-04
    35.0 0.000E+00 0.000E+00 0.000E+00 0.000E+00 0.000E+00 0.246E-09 0.106E-04 0.409E-04 0.573E-07 0.137E-04
    36.0 0.000E+00 0.000E+00 0.000E+00 0.000E+00 0.000E+00 0.823E-09 0.160E-04 0.317E-04 0.124E-06 0.170E-04
    37.0 0.000E+00 0.000E+00 0.000E+00 0.000E+00 0.000E+00 0.243E-08 0.230E-04 0.237E-04 0.243E-06 0.201E-04
    38.0 0.000E+00 0.000E+00 0.000E+00 0.000E+00 0.000E+00 0.652E-08 0.313E-04 0.171E-04 0.438E-06 0.225E-04
    39.0 0.000E+00 0.000E+00 0.000E+00 0.000E+00 0.000E+00 0.161E-07 0.401E-04 0.121E-04 0.741E-06 0.240E-04

 Z-Verteilung  
 E*/MeV     Pb         Bi         Po         At  
   24.0  0.132E-04 0.476E-04 0.214E-04 0.132E-04
   25.0  0.213E-04 0.529E-04 0.301E-04 0.104E-04
   26.0  0.319E-04 0.608E-04 0.372E-04 0.881E-05
   27.0  0.440E-04 0.703E-04 0.407E-04 0.773E-05
   28.0  0.561E-04 0.803E-04 0.400E-04 0.668E-05
   29.0  0.663E-04 0.896E-04 0.360E-04 0.534E-05
   30.0  0.730E-04 0.967E-04 0.300E-04 0.403E-05
   31.0  0.757E-04 0.100E-03 0.237E-04 0.291E-05
   32.0  0.747E-04 0.992E-04 0.178E-04 0.201E-05
   33.0  0.715E-04 0.938E-04 0.131E-04 0.134E-05
   34.0  0.679E-04 0.858E-04 0.947E-05 0.873E-06
   35.0  0.653E-04 0.777E-04 0.694E-05 0.567E-06
   36.0  0.649E-04 0.713E-04 0.520E-05 0.381E-06
   37.0  0.671E-04 0.675E-04 0.398E-05 0.298E-06
   38.0  0.714E-04 0.658E-04 0.308E-05 0.306E-06
   39.0  0.769E-04 0.653E-04 0.239E-05 0.358E-06

 Z und A Mittelwerte    
   E*/MeV     MW.Z  St.Abw.Z      MW.A  St.Abw.A
    24.0     83.36      0.89    190.18      1.36
    25.0     83.26      0.86    190.14      1.36
    26.0     83.17      0.85    190.05      1.39
    27.0     83.07      0.84    189.91      1.44
    28.0     82.99      0.82    189.73      1.48
    29.0     82.90      0.79    189.53      1.49
    30.0     82.83      0.75    189.33      1.48
    31.0     82.77      0.70    189.15      1.45
    32.0     82.73      0.67    189.01      1.40
    33.0     82.69      0.64    188.91      1.36
    34.0     82.65      0.61    188.85      1.32
    35.0     82.62      0.59    188.83      1.30
    36.0     82.58      0.58    188.83      1.30
    37.0     82.55      0.56    188.84      1.32
    38.0     82.52      0.55    188.82      1.36
    39.0     82.49      0.55    188.78      1.40

 HIVAP  CASOUT

   90Zr 103Rh 193At IFUS10 barfac0.50 sigr3.0 09/11/2023 10:38 Sitarcik 


     E_lab  A*MeV   E*/MeV     SI_fus      SI_VR     SI_Spalt  L_krit     b_Spalt

   406.177    4.51    40.0  0.1544E+03  0.1490E-03  0.1528E+03    65.0       98.98
   408.050    4.53    41.0  0.1653E+03  0.1505E-03  0.1636E+03    65.0       98.97
   409.924    4.55    42.0  0.1757E+03  0.1479E-03  0.1739E+03    65.0       98.99
   411.798    4.58    43.0  0.1854E+03  0.1410E-03  0.1836E+03    65.0       99.03
   413.672    4.60    44.0  0.1944E+03  0.1306E-03  0.1927E+03    65.0       99.09
   415.546    4.62    45.0  0.2026E+03  0.1182E-03  0.2009E+03    65.0       99.17
   417.419    4.64    46.0  0.2100E+03  0.1059E-03  0.2084E+03    65.0       99.27
   419.293    4.66    47.0  0.2165E+03  0.9420E-04  0.2151E+03    65.0       99.37
   421.167    4.68    48.0  0.2222E+03  0.8415E-04  0.2210E+03    65.0       99.47
   423.041    4.70    49.0  0.2271E+03  0.7592E-04  0.2261E+03    65.0       99.57
   424.914    4.72    50.0  0.2311E+03  0.6927E-04  0.2304E+03    65.0       99.66
   426.788    4.74    51.0  0.2345E+03  0.6376E-04  0.2339E+03    65.0       99.74
   428.662    4.76    52.0  0.2372E+03  0.5888E-04  0.2368E+03    65.0       99.81
   430.536    4.78    53.0  0.2393E+03  0.5424E-04  0.2390E+03    65.0       99.86
   432.410    4.80    54.0  0.2409E+03  0.4963E-04  0.2406E+03    65.0       99.90
   434.283    4.83    55.0  0.2419E+03  0.4496E-04  0.2418E+03    65.0       99.93

     Querschnitte / mbarn

  E*/MeV   184At     185At     186At     187At     188At     189At     190At     191At     192At     193At  
    40.0 0.000E+00 0.000E+00 0.000E+00 0.000E+00 0.000E+00 0.000E+00 0.366E-06 0.462E-07 0.000E+00 0.000E+00
    41.0 0.000E+00 0.000E+00 0.000E+00 0.000E+00 0.000E+00 0.000E+00 0.410E-06 0.269E-07 0.000E+00 0.000E+00
    42.0 0.000E+00 0.000E+00 0.000E+00 0.000E+00 0.000E+00 0.000E+00 0.410E-06 0.155E-07 0.000E+00 0.000E+00
    43.0 0.000E+00 0.000E+00 0.000E+00 0.000E+00 0.000E+00 0.385E-12 0.376E-06 0.844E-08 0.000E+00 0.000E+00
    44.0 0.000E+00 0.000E+00 0.000E+00 0.000E+00 0.000E+00 0.483E-11 0.322E-06 0.363E-08 0.000E+00 0.000E+00
    45.0 0.000E+00 0.000E+00 0.000E+00 0.000E+00 0.000E+00 0.341E-10 0.262E-06 0.000E+00 0.000E+00 0.000E+00
    46.0 0.000E+00 0.000E+00 0.000E+00 0.000E+00 0.000E+00 0.154E-09 0.204E-06 0.000E+00 0.000E+00 0.000E+00
    47.0 0.000E+00 0.000E+00 0.000E+00 0.000E+00 0.000E+00 0.488E-09 0.153E-06 0.000E+00 0.000E+00 0.000E+00
    48.0 0.000E+00 0.000E+00 0.000E+00 0.000E+00 0.000E+00 0.114E-08 0.112E-06 0.000E+00 0.000E+00 0.000E+00
    49.0 0.000E+00 0.000E+00 0.000E+00 0.000E+00 0.000E+00 0.209E-08 0.795E-07 0.000E+00 0.000E+00 0.000E+00
    50.0 0.000E+00 0.000E+00 0.000E+00 0.000E+00 0.000E+00 0.316E-08 0.555E-07 0.000E+00 0.000E+00 0.000E+00
    51.0 0.000E+00 0.000E+00 0.000E+00 0.000E+00 0.000E+00 0.412E-08 0.382E-07 0.000E+00 0.000E+00 0.000E+00
    52.0 0.000E+00 0.000E+00 0.000E+00 0.000E+00 0.000E+00 0.479E-08 0.258E-07 0.000E+00 0.000E+00 0.000E+00
    53.0 0.000E+00 0.000E+00 0.000E+00 0.000E+00 0.000E+00 0.509E-08 0.173E-07 0.000E+00 0.000E+00 0.000E+00
    54.0 0.000E+00 0.000E+00 0.000E+00 0.000E+00 0.000E+00 0.504E-08 0.115E-07 0.000E+00 0.000E+00 0.000E+00
    55.0 0.000E+00 0.000E+00 0.000E+00 0.000E+00 0.257E-14 0.470E-08 0.754E-08 0.000E+00 0.000E+00 0.000E+00

  E*/MeV   183Po     184Po     185Po     186Po     187Po     188Po     189Po     190Po     191Po     192Po  
    40.0 0.000E+00 0.000E+00 0.000E+00 0.000E+00 0.000E+00 0.000E+00 0.124E-09 0.125E-05 0.579E-06 0.000E+00
    41.0 0.000E+00 0.000E+00 0.000E+00 0.000E+00 0.000E+00 0.000E+00 0.495E-09 0.103E-05 0.348E-06 0.000E+00
    42.0 0.000E+00 0.000E+00 0.000E+00 0.000E+00 0.000E+00 0.000E+00 0.165E-08 0.806E-06 0.207E-06 0.000E+00
    43.0 0.000E+00 0.000E+00 0.000E+00 0.000E+00 0.000E+00 0.000E+00 0.463E-08 0.607E-06 0.121E-06 0.000E+00
    44.0 0.000E+00 0.000E+00 0.000E+00 0.000E+00 0.000E+00 0.000E+00 0.111E-07 0.443E-06 0.705E-07 0.000E+00
    45.0 0.000E+00 0.000E+00 0.000E+00 0.000E+00 0.000E+00 0.000E+00 0.230E-07 0.315E-06 0.386E-07 0.000E+00
    46.0 0.000E+00 0.000E+00 0.000E+00 0.000E+00 0.000E+00 0.000E+00 0.414E-07 0.218E-06 0.204E-07 0.000E+00
    47.0 0.000E+00 0.000E+00 0.000E+00 0.000E+00 0.000E+00 0.000E+00 0.657E-07 0.149E-06 0.000E+00 0.000E+00
    48.0 0.000E+00 0.000E+00 0.000E+00 0.000E+00 0.000E+00 0.000E+00 0.933E-07 0.997E-07 0.000E+00 0.000E+00
    49.0 0.000E+00 0.000E+00 0.000E+00 0.000E+00 0.000E+00 0.556E-13 0.120E-06 0.659E-07 0.000E+00 0.000E+00
    50.0 0.000E+00 0.000E+00 0.000E+00 0.000E+00 0.000E+00 0.346E-12 0.141E-06 0.431E-07 0.000E+00 0.000E+00
    51.0 0.000E+00 0.000E+00 0.000E+00 0.000E+00 0.000E+00 0.167E-11 0.154E-06 0.279E-07 0.000E+00 0.000E+00
    52.0 0.000E+00 0.000E+00 0.000E+00 0.000E+00 0.000E+00 0.652E-11 0.158E-06 0.179E-07 0.000E+00 0.000E+00
    53.0 0.000E+00 0.000E+00 0.000E+00 0.000E+00 0.000E+00 0.209E-10 0.153E-06 0.113E-07 0.000E+00 0.000E+00
    54.0 0.000E+00 0.000E+00 0.000E+00 0.000E+00 0.000E+00 0.564E-10 0.142E-06 0.706E-08 0.000E+00 0.000E+00
    55.0 0.000E+00 0.000E+00 0.000E+00 0.000E+00 0.000E+00 0.130E-09 0.126E-06 0.422E-08 0.000E+00 0.000E+00

  E*/MeV   182Bi     183Bi     184Bi     185Bi     186Bi     187Bi     188Bi     189Bi     190Bi     191Bi  
    40.0 0.000E+00 0.000E+00 0.000E+00 0.000E+00 0.000E+00 0.382E-05 0.960E-05 0.776E-07 0.482E-04 0.281E-05
    41.0 0.000E+00 0.000E+00 0.000E+00 0.000E+00 0.000E+00 0.465E-05 0.644E-05 0.183E-06 0.494E-04 0.181E-05
    42.0 0.000E+00 0.000E+00 0.000E+00 0.000E+00 0.238E-10 0.514E-05 0.423E-05 0.386E-06 0.478E-04 0.114E-05
    43.0 0.000E+00 0.000E+00 0.000E+00 0.000E+00 0.105E-09 0.522E-05 0.273E-05 0.725E-06 0.439E-04 0.715E-06
    44.0 0.000E+00 0.000E+00 0.000E+00 0.000E+00 0.383E-09 0.493E-05 0.174E-05 0.123E-05 0.386E-04 0.442E-06
    45.0 0.000E+00 0.000E+00 0.000E+00 0.000E+00 0.120E-08 0.438E-05 0.109E-05 0.192E-05 0.325E-04 0.271E-06
    46.0 0.000E+00 0.000E+00 0.000E+00 0.000E+00 0.332E-08 0.369E-05 0.676E-06 0.333E-05 0.265E-04 0.164E-06
    47.0 0.000E+00 0.000E+00 0.000E+00 0.000E+00 0.817E-08 0.297E-05 0.415E-06 0.467E-05 0.209E-04 0.985E-07
    48.0 0.000E+00 0.000E+00 0.000E+00 0.000E+00 0.180E-07 0.231E-05 0.253E-06 0.610E-05 0.161E-04 0.585E-07
    49.0 0.000E+00 0.000E+00 0.000E+00 0.000E+00 0.360E-07 0.174E-05 0.153E-06 0.743E-05 0.121E-04 0.334E-07
    50.0 0.000E+00 0.000E+00 0.000E+00 0.000E+00 0.653E-07 0.127E-05 0.922E-07 0.851E-05 0.888E-05 0.179E-07
    51.0 0.000E+00 0.000E+00 0.000E+00 0.000E+00 0.108E-06 0.913E-06 0.558E-07 0.921E-05 0.642E-05 0.927E-08
    52.0 0.000E+00 0.000E+00 0.000E+00 0.000E+00 0.163E-06 0.643E-06 0.350E-07 0.946E-05 0.457E-05 0.364E-08
    53.0 0.000E+00 0.000E+00 0.000E+00 0.101E-11 0.227E-06 0.446E-06 0.249E-07 0.928E-05 0.321E-05 0.000E+00
    54.0 0.000E+00 0.000E+00 0.000E+00 0.411E-11 0.292E-06 0.305E-06 0.239E-07 0.873E-05 0.223E-05 0.000E+00
    55.0 0.000E+00 0.000E+00 0.000E+00 0.144E-10 0.349E-06 0.206E-06 0.317E-07 0.792E-05 0.153E-05 0.000E+00

  E*/MeV   181Pb     182Pb     183Pb     184Pb     185Pb     186Pb     187Pb     188Pb     189Pb     190Pb  
    40.0 0.000E+00 0.000E+00 0.000E+00 0.000E+00 0.000E+00 0.373E-07 0.485E-04 0.828E-05 0.119E-05 0.243E-04
    41.0 0.000E+00 0.000E+00 0.000E+00 0.000E+00 0.000E+00 0.817E-07 0.551E-04 0.556E-05 0.184E-05 0.236E-04
    42.0 0.000E+00 0.000E+00 0.000E+00 0.000E+00 0.000E+00 0.170E-06 0.592E-04 0.366E-05 0.273E-05 0.220E-04
    43.0 0.000E+00 0.000E+00 0.000E+00 0.000E+00 0.000E+00 0.336E-06 0.602E-04 0.237E-05 0.393E-05 0.197E-04
    44.0 0.000E+00 0.000E+00 0.000E+00 0.000E+00 0.000E+00 0.625E-06 0.582E-04 0.152E-05 0.546E-05 0.171E-04
    45.0 0.000E+00 0.000E+00 0.000E+00 0.000E+00 0.000E+00 0.109E-05 0.537E-04 0.959E-06 0.734E-05 0.144E-04
    46.0 0.000E+00 0.000E+00 0.000E+00 0.000E+00 0.173E-10 0.178E-05 0.475E-04 0.603E-06 0.952E-05 0.117E-04
    47.0 0.000E+00 0.000E+00 0.000E+00 0.000E+00 0.641E-10 0.271E-05 0.404E-04 0.383E-06 0.119E-04 0.933E-05
    48.0 0.000E+00 0.000E+00 0.000E+00 0.000E+00 0.201E-09 0.388E-05 0.333E-04 0.258E-06 0.143E-04 0.726E-05
    49.0 0.000E+00 0.000E+00 0.000E+00 0.000E+00 0.550E-09 0.519E-05 0.267E-04 0.200E-06 0.166E-04 0.553E-05
    50.0 0.000E+00 0.000E+00 0.000E+00 0.000E+00 0.134E-08 0.651E-05 0.208E-04 0.202E-06 0.185E-04 0.414E-05
    51.0 0.000E+00 0.000E+00 0.000E+00 0.000E+00 0.291E-08 0.771E-05 0.159E-04 0.262E-06 0.199E-04 0.304E-05
    52.0 0.000E+00 0.000E+00 0.000E+00 0.000E+00 0.574E-08 0.863E-05 0.118E-04 0.391E-06 0.207E-04 0.221E-05
    53.0 0.000E+00 0.000E+00 0.000E+00 0.000E+00 0.105E-07 0.918E-05 0.870E-05 0.601E-06 0.208E-04 0.158E-05
    54.0 0.000E+00 0.000E+00 0.000E+00 0.000E+00 0.181E-07 0.932E-05 0.629E-05 0.904E-06 0.202E-04 0.112E-05
    55.0 0.000E+00 0.000E+00 0.000E+00 0.000E+00 0.300E-07 0.906E-05 0.448E-05 0.131E-05 0.191E-04 0.784E-06

 Z-Verteilung  
 E*/MeV     Pb         Bi         Po         At  
   40.0  0.823E-04 0.645E-04 0.183E-05 0.412E-06
   41.0  0.862E-04 0.624E-04 0.138E-05 0.437E-06
   42.0  0.878E-04 0.587E-04 0.101E-05 0.426E-06
   43.0  0.866E-04 0.533E-04 0.733E-06 0.385E-06
   44.0  0.829E-04 0.469E-04 0.525E-06 0.326E-06
   45.0  0.774E-04 0.402E-04 0.376E-06 0.262E-06
   46.0  0.711E-04 0.343E-04 0.280E-06 0.204E-06
   47.0  0.648E-04 0.291E-04 0.214E-06 0.153E-06
   48.0  0.590E-04 0.248E-04 0.193E-06 0.113E-06
   49.0  0.542E-04 0.215E-04 0.186E-06 0.816E-07
   50.0  0.502E-04 0.188E-04 0.184E-06 0.587E-07
   51.0  0.468E-04 0.167E-04 0.182E-06 0.423E-07
   52.0  0.438E-04 0.149E-04 0.176E-06 0.306E-07
   53.0  0.409E-04 0.132E-04 0.165E-06 0.224E-07
   54.0  0.379E-04 0.116E-04 0.149E-06 0.165E-07
   55.0  0.348E-04 0.100E-04 0.130E-06 0.122E-07

 Z und A Mittelwerte    
   E*/MeV     MW.Z  St.Abw.Z      MW.A  St.Abw.A
    40.0     82.47      0.54    188.72      1.43
    41.0     82.44      0.53    188.65      1.45
    42.0     82.42      0.52    188.57      1.46
    43.0     82.40      0.52    188.50      1.46
    44.0     82.37      0.51    188.43      1.46
    45.0     82.35      0.50    188.38      1.45
    46.0     82.34      0.49    188.34      1.43
    47.0     82.32      0.48    188.31      1.40
    48.0     82.30      0.47    188.29      1.38
    49.0     82.29      0.47    188.27      1.35
    50.0     82.28      0.46    188.26      1.33
    51.0     82.27      0.45    188.25      1.32
    52.0     82.26      0.45    188.24      1.32
    53.0     82.25      0.44    188.22      1.31
    54.0     82.24      0.44    188.20      1.31
    55.0     82.23      0.43    188.18      1.31

 HIVAP  CASOUT

   90Zr 103Rh 193At IFUS10 barfac0.50 sigr3.0 09/11/2023 10:38 Sitarcik 


     E_lab  A*MeV   E*/MeV     SI_fus      SI_VR     SI_Spalt  L_krit     b_Spalt

   436.157    4.85    56.0  0.2426E+03  0.4029E-04  0.2425E+03    65.0       99.95
   438.031    4.87    57.0  0.2429E+03  0.3574E-04  0.2429E+03    65.0       99.97
   439.905    4.89    58.0  0.2430E+03  0.3146E-04  0.2429E+03    65.0       99.98
   441.779    4.91    59.0  0.2428E+03  0.2754E-04  0.2427E+03    65.0       99.98
   443.652    4.93    60.0  0.2424E+03  0.2405E-04  0.2424E+03    65.0       99.99
   445.526    4.95    61.0  0.2419E+03  0.2103E-04  0.2418E+03    65.0       99.99
   447.400    4.97    62.0  0.2412E+03  0.1844E-04  0.2412E+03    65.0       99.99
   449.274    4.99    63.0  0.2404E+03  0.1623E-04  0.2404E+03    65.0       99.99
   451.147    5.01    64.0  0.2396E+03  0.1434E-04  0.2396E+03    65.0       99.99
   453.021    5.03    65.0  0.2387E+03  0.1272E-04  0.2387E+03    65.0       99.99
   454.895    5.05    66.0  0.2378E+03  0.1130E-04  0.2378E+03    65.0       99.99
   456.769    5.08    67.0  0.2369E+03  0.1004E-04  0.2369E+03    65.0       99.99
   458.643    5.10    68.0  0.2360E+03  0.8908E-05  0.2359E+03    65.0       99.99
   460.516    5.12    69.0  0.2350E+03  0.7881E-05  0.2350E+03    65.0       99.99
   462.390    5.14    70.0  0.2341E+03  0.6951E-05  0.2340E+03    65.0       99.99
   464.264    5.16    71.0  0.2331E+03  0.6115E-05  0.2331E+03    65.0       99.99

     Querschnitte / mbarn

  E*/MeV   184At     185At     186At     187At     188At     189At     190At     191At     192At     193At  
    56.0 0.000E+00 0.000E+00 0.000E+00 0.000E+00 0.279E-13 0.418E-08 0.492E-08 0.000E+00 0.000E+00 0.000E+00
    57.0 0.000E+00 0.000E+00 0.000E+00 0.000E+00 0.198E-12 0.357E-08 0.320E-08 0.000E+00 0.000E+00 0.000E+00
    58.0 0.000E+00 0.000E+00 0.000E+00 0.000E+00 0.100E-11 0.296E-08 0.206E-08 0.000E+00 0.000E+00 0.000E+00
    59.0 0.000E+00 0.000E+00 0.000E+00 0.000E+00 0.377E-11 0.238E-08 0.132E-08 0.000E+00 0.000E+00 0.000E+00
    60.0 0.000E+00 0.000E+00 0.000E+00 0.000E+00 0.111E-10 0.187E-08 0.839E-09 0.000E+00 0.000E+00 0.000E+00
    61.0 0.000E+00 0.000E+00 0.000E+00 0.000E+00 0.265E-10 0.144E-08 0.497E-09 0.000E+00 0.000E+00 0.000E+00
    62.0 0.000E+00 0.000E+00 0.000E+00 0.000E+00 0.526E-10 0.109E-08 0.248E-09 0.000E+00 0.000E+00 0.000E+00
    63.0 0.000E+00 0.000E+00 0.000E+00 0.000E+00 0.897E-10 0.811E-09 0.619E-11 0.000E+00 0.000E+00 0.000E+00
    64.0 0.000E+00 0.000E+00 0.000E+00 0.000E+00 0.135E-09 0.596E-09 0.000E+00 0.000E+00 0.000E+00 0.000E+00
    65.0 0.000E+00 0.000E+00 0.000E+00 0.000E+00 0.183E-09 0.433E-09 0.000E+00 0.000E+00 0.000E+00 0.000E+00
    66.0 0.000E+00 0.000E+00 0.000E+00 0.000E+00 0.228E-09 0.312E-09 0.000E+00 0.000E+00 0.000E+00 0.000E+00
    67.0 0.000E+00 0.000E+00 0.000E+00 0.207E-15 0.264E-09 0.222E-09 0.000E+00 0.000E+00 0.000E+00 0.000E+00
    68.0 0.000E+00 0.000E+00 0.000E+00 0.137E-14 0.288E-09 0.157E-09 0.000E+00 0.000E+00 0.000E+00 0.000E+00
    69.0 0.000E+00 0.000E+00 0.000E+00 0.657E-14 0.299E-09 0.110E-09 0.000E+00 0.000E+00 0.000E+00 0.000E+00
    70.0 0.000E+00 0.000E+00 0.000E+00 0.240E-13 0.297E-09 0.766E-10 0.000E+00 0.000E+00 0.000E+00 0.000E+00
    71.0 0.000E+00 0.000E+00 0.000E+00 0.692E-13 0.284E-09 0.527E-10 0.000E+00 0.000E+00 0.000E+00 0.000E+00

  E*/MeV   183Po     184Po     185Po     186Po     187Po     188Po     189Po     190Po     191Po     192Po  
    56.0 0.000E+00 0.000E+00 0.000E+00 0.000E+00 0.000E+00 0.262E-09 0.108E-06 0.224E-08 0.000E+00 0.000E+00
    57.0 0.000E+00 0.000E+00 0.000E+00 0.000E+00 0.000E+00 0.465E-09 0.898E-07 0.807E-09 0.000E+00 0.000E+00
    58.0 0.000E+00 0.000E+00 0.000E+00 0.000E+00 0.000E+00 0.738E-09 0.728E-07 0.291E-09 0.000E+00 0.000E+00
    59.0 0.000E+00 0.000E+00 0.000E+00 0.000E+00 0.000E+00 0.106E-08 0.577E-07 0.000E+00 0.000E+00 0.000E+00
    60.0 0.000E+00 0.000E+00 0.000E+00 0.000E+00 0.000E+00 0.141E-08 0.448E-07 0.000E+00 0.000E+00 0.000E+00
    61.0 0.000E+00 0.000E+00 0.000E+00 0.000E+00 0.000E+00 0.173E-08 0.342E-07 0.000E+00 0.000E+00 0.000E+00
    62.0 0.000E+00 0.000E+00 0.000E+00 0.000E+00 0.974E-14 0.199E-08 0.257E-07 0.000E+00 0.000E+00 0.000E+00
    63.0 0.000E+00 0.000E+00 0.000E+00 0.000E+00 0.426E-13 0.217E-08 0.191E-07 0.000E+00 0.000E+00 0.000E+00
    64.0 0.000E+00 0.000E+00 0.000E+00 0.000E+00 0.160E-12 0.225E-08 0.140E-07 0.000E+00 0.000E+00 0.000E+00
    65.0 0.000E+00 0.000E+00 0.000E+00 0.000E+00 0.523E-12 0.223E-08 0.102E-07 0.000E+00 0.000E+00 0.000E+00
    66.0 0.000E+00 0.000E+00 0.000E+00 0.000E+00 0.150E-11 0.214E-08 0.730E-08 0.000E+00 0.000E+00 0.000E+00
    67.0 0.000E+00 0.000E+00 0.000E+00 0.000E+00 0.381E-11 0.198E-08 0.521E-08 0.000E+00 0.000E+00 0.000E+00
    68.0 0.000E+00 0.000E+00 0.000E+00 0.000E+00 0.863E-11 0.178E-08 0.368E-08 0.000E+00 0.000E+00 0.000E+00
    69.0 0.000E+00 0.000E+00 0.000E+00 0.000E+00 0.176E-10 0.156E-08 0.259E-08 0.000E+00 0.000E+00 0.000E+00
    70.0 0.000E+00 0.000E+00 0.000E+00 0.000E+00 0.324E-10 0.134E-08 0.180E-08 0.000E+00 0.000E+00 0.000E+00
    71.0 0.000E+00 0.000E+00 0.000E+00 0.000E+00 0.548E-10 0.112E-08 0.124E-08 0.000E+00 0.000E+00 0.000E+00

  E*/MeV   182Bi     183Bi     184Bi     185Bi     186Bi     187Bi     188Bi     189Bi     190Bi     191Bi  
    56.0 0.000E+00 0.000E+00 0.000E+00 0.446E-10 0.390E-06 0.138E-06 0.508E-07 0.695E-05 0.104E-05 0.000E+00
    57.0 0.000E+00 0.000E+00 0.000E+00 0.123E-09 0.410E-06 0.916E-07 0.842E-07 0.592E-05 0.703E-06 0.000E+00
    58.0 0.000E+00 0.000E+00 0.000E+00 0.303E-09 0.409E-06 0.604E-07 0.136E-06 0.492E-05 0.471E-06 0.000E+00
    59.0 0.000E+00 0.000E+00 0.000E+00 0.678E-09 0.390E-06 0.396E-07 0.205E-06 0.399E-05 0.313E-06 0.000E+00
    60.0 0.000E+00 0.000E+00 0.000E+00 0.138E-08 0.357E-06 0.258E-07 0.293E-06 0.317E-05 0.207E-06 0.000E+00
    61.0 0.000E+00 0.000E+00 0.000E+00 0.254E-08 0.316E-06 0.168E-07 0.394E-06 0.248E-05 0.136E-06 0.000E+00
    62.0 0.000E+00 0.000E+00 0.000E+00 0.430E-08 0.271E-06 0.109E-07 0.501E-06 0.190E-05 0.887E-07 0.000E+00
    63.0 0.000E+00 0.000E+00 0.000E+00 0.667E-08 0.226E-06 0.715E-08 0.607E-06 0.143E-05 0.573E-07 0.000E+00
    64.0 0.000E+00 0.000E+00 0.000E+00 0.957E-08 0.185E-06 0.487E-08 0.700E-06 0.106E-05 0.367E-07 0.000E+00
    65.0 0.000E+00 0.000E+00 0.000E+00 0.127E-07 0.148E-06 0.371E-08 0.772E-06 0.780E-06 0.233E-07 0.000E+00
    66.0 0.000E+00 0.000E+00 0.000E+00 0.159E-07 0.116E-06 0.362E-08 0.819E-06 0.561E-06 0.145E-07 0.000E+00
    67.0 0.000E+00 0.000E+00 0.140E-12 0.186E-07 0.896E-07 0.458E-08 0.838E-06 0.399E-06 0.893E-08 0.000E+00
    68.0 0.000E+00 0.000E+00 0.459E-12 0.207E-07 0.682E-07 0.668E-08 0.829E-06 0.273E-06 0.529E-08 0.000E+00
    69.0 0.000E+00 0.000E+00 0.135E-11 0.220E-07 0.514E-07 0.102E-07 0.796E-06 0.173E-06 0.275E-08 0.000E+00
    70.0 0.000E+00 0.000E+00 0.361E-11 0.223E-07 0.382E-07 0.150E-07 0.743E-06 0.926E-07 0.827E-09 0.000E+00
    71.0 0.000E+00 0.000E+00 0.878E-11 0.218E-07 0.282E-07 0.213E-07 0.677E-06 0.255E-07 0.000E+00 0.000E+00

  E*/MeV   181Pb     182Pb     183Pb     184Pb     185Pb     186Pb     187Pb     188Pb     189Pb     190Pb  
    56.0 0.000E+00 0.000E+00 0.000E+00 0.000E+00 0.486E-07 0.848E-05 0.316E-05 0.180E-05 0.176E-04 0.544E-06
    57.0 0.000E+00 0.000E+00 0.000E+00 0.000E+00 0.775E-07 0.767E-05 0.220E-05 0.238E-05 0.157E-04 0.374E-06
    58.0 0.000E+00 0.000E+00 0.000E+00 0.185E-11 0.121E-06 0.673E-05 0.152E-05 0.300E-05 0.138E-04 0.255E-06
    59.0 0.000E+00 0.000E+00 0.000E+00 0.550E-11 0.184E-06 0.574E-05 0.104E-05 0.362E-05 0.118E-04 0.173E-06
    60.0 0.000E+00 0.000E+00 0.000E+00 0.147E-10 0.271E-06 0.478E-05 0.712E-06 0.419E-05 0.988E-05 0.116E-06
    61.0 0.000E+00 0.000E+00 0.000E+00 0.355E-10 0.384E-06 0.389E-05 0.487E-06 0.467E-05 0.813E-05 0.778E-07
    62.0 0.000E+00 0.000E+00 0.000E+00 0.797E-10 0.520E-06 0.311E-05 0.336E-06 0.503E-05 0.659E-05 0.516E-07
    63.0 0.000E+00 0.000E+00 0.000E+00 0.168E-09 0.674E-06 0.244E-05 0.240E-06 0.523E-05 0.525E-05 0.340E-07
    64.0 0.000E+00 0.000E+00 0.000E+00 0.339E-09 0.835E-06 0.189E-05 0.185E-06 0.527E-05 0.413E-05 0.223E-07
    65.0 0.000E+00 0.000E+00 0.000E+00 0.664E-09 0.991E-06 0.144E-05 0.161E-06 0.516E-05 0.321E-05 0.144E-07
    66.0 0.000E+00 0.000E+00 0.000E+00 0.126E-08 0.113E-05 0.108E-05 0.162E-06 0.492E-05 0.246E-05 0.929E-08
    67.0 0.000E+00 0.000E+00 0.000E+00 0.234E-08 0.123E-05 0.805E-06 0.188E-06 0.458E-05 0.187E-05 0.593E-08
    68.0 0.000E+00 0.000E+00 0.000E+00 0.417E-08 0.130E-05 0.593E-06 0.235E-06 0.416E-05 0.140E-05 0.370E-08
    69.0 0.000E+00 0.000E+00 0.000E+00 0.712E-08 0.132E-05 0.433E-06 0.302E-06 0.371E-05 0.104E-05 0.220E-08
    70.0 0.000E+00 0.000E+00 0.000E+00 0.116E-07 0.131E-05 0.314E-06 0.388E-06 0.324E-05 0.770E-06 0.128E-08
    71.0 0.000E+00 0.000E+00 0.307E-12 0.180E-07 0.126E-05 0.226E-06 0.489E-06 0.278E-05 0.564E-06 0.631E-09

 Z-Verteilung  
 E*/MeV     Pb         Bi         Po         At  
   56.0  0.316E-04 0.857E-05 0.111E-06 0.910E-08
   57.0  0.284E-04 0.721E-05 0.911E-07 0.677E-08
   58.0  0.254E-04 0.599E-05 0.738E-07 0.502E-08
   59.0  0.225E-04 0.494E-05 0.587E-07 0.370E-08
   60.0  0.199E-04 0.406E-05 0.462E-07 0.272E-08
   61.0  0.176E-04 0.334E-05 0.359E-07 0.196E-08
   62.0  0.156E-04 0.278E-05 0.277E-07 0.139E-08
   63.0  0.139E-04 0.234E-05 0.212E-07 0.906E-09
   64.0  0.123E-04 0.200E-05 0.162E-07 0.731E-09
   65.0  0.110E-04 0.174E-05 0.124E-07 0.616E-09
   66.0  0.976E-05 0.153E-05 0.944E-08 0.539E-09
   67.0  0.868E-05 0.136E-05 0.719E-08 0.486E-09
   68.0  0.770E-05 0.120E-05 0.547E-08 0.445E-09
   69.0  0.682E-05 0.106E-05 0.417E-08 0.409E-09
   70.0  0.603E-05 0.913E-06 0.317E-08 0.374E-09
   71.0  0.534E-05 0.774E-06 0.242E-08 0.337E-09

 Z und A Mittelwerte    
   E*/MeV     MW.Z  St.Abw.Z      MW.A  St.Abw.A
    56.0     82.22      0.42    188.16      1.31
    57.0     82.21      0.41    188.15      1.30
    58.0     82.20      0.40    188.13      1.29
    59.0     82.18      0.39    188.11      1.27
    60.0     82.17      0.38    188.08      1.26
    61.0     82.16      0.37    188.05      1.24
    62.0     82.15      0.37    188.01      1.23
    63.0     82.15      0.36    187.95      1.22
    64.0     82.14      0.35    187.89      1.22
    65.0     82.14      0.35    187.82      1.23
    66.0     82.14      0.35    187.74      1.25
    67.0     82.14      0.35    187.66      1.27
    68.0     82.14      0.35    187.57      1.29
    69.0     82.14      0.34    187.48      1.31
    70.0     82.13      0.34    187.38      1.33
    71.0     82.13      0.34    187.29      1.33

 HIVAP  CASOUT

   90Zr 103Rh 193At IFUS10 barfac0.50 sigr3.0 09/11/2023 10:38 Sitarcik 


     E_lab  A*MeV   E*/MeV     SI_fus      SI_VR     SI_Spalt  L_krit     b_Spalt

   466.138    5.18    72.0  0.2322E+03  0.5402E-05  0.2322E+03    65.0       99.99
   468.012    5.20    73.0  0.2313E+03  0.4796E-05  0.2312E+03    65.0       99.99
   469.885    5.22    74.0  0.2303E+03  0.4265E-05  0.2303E+03    65.0       99.99
   471.759    5.24    75.0  0.2294E+03  0.3803E-05  0.2294E+03    65.0       99.99
   473.633    5.26    76.0  0.2285E+03  0.3398E-05  0.2285E+03    65.0       99.99
   475.507    5.28    77.0  0.2276E+03  0.3039E-05  0.2276E+03    65.0       99.99
   477.380    5.30    78.0  0.2267E+03  0.2710E-05  0.2267E+03    65.0       99.99
   479.254    5.33    79.0  0.2258E+03  0.2423E-05  0.2258E+03    65.0       99.98
   481.128    5.35    80.0  0.2250E+03  0.2136E-05  0.2249E+03    65.0       99.98
   483.002    5.37    81.0  0.2241E+03  0.1884E-05  0.2240E+03    65.0       99.98
   484.876    5.39    82.0  0.2232E+03  0.1687E-05  0.2232E+03    65.0       99.98
   486.749    5.41    83.0  0.2224E+03  0.1614E-05  0.2223E+03    65.0       99.98
   488.623    5.43    84.0  0.2215E+03  0.1439E-05  0.2215E+03    65.0       99.98
   490.497    5.45    85.0  0.2207E+03  0.1287E-05  0.2206E+03    65.0       99.98
   492.371    5.47    86.0  0.2198E+03  0.1147E-05  0.2198E+03    65.0       99.97
   494.245    5.49    87.0  0.2190E+03  0.1017E-05  0.2189E+03    65.0       99.97

     Querschnitte / mbarn

  E*/MeV   184At     185At     186At     187At     188At     189At     190At     191At     192At     193At  
    72.0 0.000E+00 0.000E+00 0.000E+00 0.165E-12 0.263E-09 0.354E-10 0.000E+00 0.000E+00 0.000E+00 0.000E+00
    73.0 0.000E+00 0.000E+00 0.000E+00 0.333E-12 0.237E-09 0.220E-10 0.000E+00 0.000E+00 0.000E+00 0.000E+00
    74.0 0.000E+00 0.000E+00 0.000E+00 0.589E-12 0.208E-09 0.130E-10 0.000E+00 0.000E+00 0.000E+00 0.000E+00
    75.0 0.000E+00 0.000E+00 0.000E+00 0.933E-12 0.179E-09 0.239E-11 0.000E+00 0.000E+00 0.000E+00 0.000E+00
    76.0 0.000E+00 0.000E+00 0.000E+00 0.135E-11 0.151E-09 0.000E+00 0.000E+00 0.000E+00 0.000E+00 0.000E+00
    77.0 0.000E+00 0.000E+00 0.000E+00 0.180E-11 0.125E-09 0.000E+00 0.000E+00 0.000E+00 0.000E+00 0.000E+00
    78.0 0.000E+00 0.000E+00 0.000E+00 0.225E-11 0.102E-09 0.000E+00 0.000E+00 0.000E+00 0.000E+00 0.000E+00
    79.0 0.000E+00 0.000E+00 0.000E+00 0.266E-11 0.824E-10 0.000E+00 0.000E+00 0.000E+00 0.000E+00 0.000E+00
    80.0 0.000E+00 0.000E+00 0.000E+00 0.300E-11 0.656E-10 0.000E+00 0.000E+00 0.000E+00 0.000E+00 0.000E+00
    81.0 0.000E+00 0.000E+00 0.244E-16 0.323E-11 0.516E-10 0.000E+00 0.000E+00 0.000E+00 0.000E+00 0.000E+00
    82.0 0.000E+00 0.000E+00 0.113E-15 0.336E-11 0.403E-10 0.000E+00 0.000E+00 0.000E+00 0.000E+00 0.000E+00
    83.0 0.000E+00 0.000E+00 0.428E-15 0.337E-11 0.311E-10 0.000E+00 0.000E+00 0.000E+00 0.000E+00 0.000E+00
    84.0 0.000E+00 0.000E+00 0.134E-14 0.329E-11 0.239E-10 0.000E+00 0.000E+00 0.000E+00 0.000E+00 0.000E+00
    85.0 0.000E+00 0.000E+00 0.358E-14 0.314E-11 0.181E-10 0.000E+00 0.000E+00 0.000E+00 0.000E+00 0.000E+00
    86.0 0.000E+00 0.000E+00 0.829E-14 0.292E-11 0.137E-10 0.000E+00 0.000E+00 0.000E+00 0.000E+00 0.000E+00
    87.0 0.000E+00 0.000E+00 0.170E-13 0.266E-11 0.103E-10 0.000E+00 0.000E+00 0.000E+00 0.000E+00 0.000E+00

  E*/MeV   183Po     184Po     185Po     186Po     187Po     188Po     189Po     190Po     191Po     192Po  
    72.0 0.000E+00 0.000E+00 0.000E+00 0.000E+00 0.853E-10 0.926E-09 0.837E-09 0.000E+00 0.000E+00 0.000E+00
    73.0 0.000E+00 0.000E+00 0.000E+00 0.000E+00 0.123E-09 0.751E-09 0.556E-09 0.000E+00 0.000E+00 0.000E+00
    74.0 0.000E+00 0.000E+00 0.000E+00 0.240E-15 0.167E-09 0.601E-09 0.352E-09 0.000E+00 0.000E+00 0.000E+00
    75.0 0.000E+00 0.000E+00 0.000E+00 0.911E-15 0.214E-09 0.475E-09 0.195E-09 0.000E+00 0.000E+00 0.000E+00
    76.0 0.000E+00 0.000E+00 0.000E+00 0.296E-14 0.259E-09 0.371E-09 0.470E-10 0.000E+00 0.000E+00 0.000E+00
    77.0 0.000E+00 0.000E+00 0.000E+00 0.841E-14 0.300E-09 0.287E-09 0.000E+00 0.000E+00 0.000E+00 0.000E+00
    78.0 0.000E+00 0.000E+00 0.000E+00 0.211E-13 0.333E-09 0.219E-09 0.000E+00 0.000E+00 0.000E+00 0.000E+00
    79.0 0.000E+00 0.000E+00 0.000E+00 0.471E-13 0.356E-09 0.166E-09 0.000E+00 0.000E+00 0.000E+00 0.000E+00
    80.0 0.000E+00 0.000E+00 0.000E+00 0.953E-13 0.368E-09 0.125E-09 0.000E+00 0.000E+00 0.000E+00 0.000E+00
    81.0 0.000E+00 0.000E+00 0.000E+00 0.176E-12 0.369E-09 0.927E-10 0.000E+00 0.000E+00 0.000E+00 0.000E+00
    82.0 0.000E+00 0.000E+00 0.000E+00 0.299E-12 0.361E-09 0.680E-10 0.000E+00 0.000E+00 0.000E+00 0.000E+00
    83.0 0.000E+00 0.000E+00 0.000E+00 0.473E-12 0.344E-09 0.489E-10 0.000E+00 0.000E+00 0.000E+00 0.000E+00
    84.0 0.000E+00 0.000E+00 0.000E+00 0.699E-12 0.320E-09 0.334E-10 0.000E+00 0.000E+00 0.000E+00 0.000E+00
    85.0 0.000E+00 0.000E+00 0.000E+00 0.975E-12 0.293E-09 0.216E-10 0.000E+00 0.000E+00 0.000E+00 0.000E+00
    86.0 0.000E+00 0.000E+00 0.736E-16 0.129E-11 0.263E-09 0.117E-10 0.000E+00 0.000E+00 0.000E+00 0.000E+00
    87.0 0.000E+00 0.000E+00 0.176E-15 0.163E-11 0.232E-09 0.701E-11 0.000E+00 0.000E+00 0.000E+00 0.000E+00

  E*/MeV   182Bi     183Bi     184Bi     185Bi     186Bi     187Bi     188Bi     189Bi     190Bi     191Bi  
    72.0 0.000E+00 0.000E+00 0.195E-10 0.207E-07 0.206E-07 0.288E-07 0.604E-06 0.000E+00 0.000E+00 0.000E+00
    73.0 0.000E+00 0.000E+00 0.400E-10 0.190E-07 0.149E-07 0.371E-07 0.527E-06 0.000E+00 0.000E+00 0.000E+00
    74.0 0.000E+00 0.000E+00 0.757E-10 0.170E-07 0.108E-07 0.456E-07 0.451E-06 0.000E+00 0.000E+00 0.000E+00
    75.0 0.000E+00 0.000E+00 0.133E-09 0.149E-07 0.770E-08 0.537E-07 0.380E-06 0.000E+00 0.000E+00 0.000E+00
    76.0 0.000E+00 0.000E+00 0.217E-09 0.128E-07 0.549E-08 0.609E-07 0.315E-06 0.000E+00 0.000E+00 0.000E+00
    77.0 0.000E+00 0.000E+00 0.332E-09 0.107E-07 0.390E-08 0.665E-07 0.258E-06 0.000E+00 0.000E+00 0.000E+00
    78.0 0.000E+00 0.000E+00 0.477E-09 0.889E-08 0.278E-08 0.703E-07 0.208E-06 0.000E+00 0.000E+00 0.000E+00
    79.0 0.000E+00 0.000E+00 0.647E-09 0.725E-08 0.201E-08 0.721E-07 0.166E-06 0.000E+00 0.000E+00 0.000E+00
    80.0 0.000E+00 0.249E-13 0.831E-09 0.583E-08 0.152E-08 0.720E-07 0.130E-06 0.000E+00 0.000E+00 0.000E+00
    81.0 0.000E+00 0.687E-13 0.102E-08 0.464E-08 0.125E-08 0.700E-07 0.991E-07 0.000E+00 0.000E+00 0.000E+00
    82.0 0.000E+00 0.173E-12 0.119E-08 0.365E-08 0.116E-08 0.666E-07 0.720E-07 0.000E+00 0.000E+00 0.000E+00
    83.0 0.000E+00 0.399E-12 0.134E-08 0.284E-08 0.126E-08 0.620E-07 0.472E-07 0.000E+00 0.000E+00 0.000E+00
    84.0 0.000E+00 0.848E-12 0.146E-08 0.220E-08 0.151E-08 0.566E-07 0.210E-07 0.000E+00 0.000E+00 0.000E+00
    85.0 0.000E+00 0.167E-11 0.153E-08 0.168E-08 0.191E-08 0.508E-07 0.541E-08 0.000E+00 0.000E+00 0.000E+00
    86.0 0.000E+00 0.304E-11 0.156E-08 0.128E-08 0.244E-08 0.448E-07 0.000E+00 0.000E+00 0.000E+00 0.000E+00
    87.0 0.000E+00 0.518E-11 0.155E-08 0.967E-09 0.308E-08 0.390E-07 0.000E+00 0.000E+00 0.000E+00 0.000E+00

  E*/MeV   181Pb     182Pb     183Pb     184Pb     185Pb     186Pb     187Pb     188Pb     189Pb     190Pb  
    72.0 0.000E+00 0.000E+00 0.896E-12 0.264E-07 0.118E-05 0.161E-06 0.600E-06 0.235E-05 0.410E-06 0.000E+00
    73.0 0.000E+00 0.000E+00 0.235E-11 0.370E-07 0.107E-05 0.115E-06 0.716E-06 0.196E-05 0.296E-06 0.000E+00
    74.0 0.000E+00 0.000E+00 0.558E-11 0.494E-07 0.959E-06 0.825E-07 0.829E-06 0.161E-05 0.212E-06 0.000E+00
    75.0 0.000E+00 0.000E+00 0.121E-10 0.628E-07 0.840E-06 0.600E-07 0.931E-06 0.130E-05 0.151E-06 0.000E+00
    76.0 0.000E+00 0.000E+00 0.244E-10 0.766E-07 0.723E-06 0.454E-07 0.102E-05 0.103E-05 0.107E-06 0.000E+00
    77.0 0.000E+00 0.000E+00 0.456E-10 0.897E-07 0.612E-06 0.371E-07 0.108E-05 0.801E-06 0.751E-07 0.000E+00
    78.0 0.000E+00 0.000E+00 0.808E-10 0.101E-06 0.511E-06 0.339E-07 0.112E-05 0.596E-06 0.525E-07 0.000E+00
    79.0 0.000E+00 0.000E+00 0.137E-09 0.110E-06 0.420E-06 0.353E-07 0.114E-05 0.433E-06 0.365E-07 0.000E+00
    80.0 0.000E+00 0.000E+00 0.224E-09 0.116E-06 0.342E-06 0.405E-07 0.113E-05 0.273E-06 0.252E-07 0.000E+00
    81.0 0.000E+00 0.000E+00 0.357E-09 0.119E-06 0.274E-06 0.492E-07 0.110E-05 0.151E-06 0.173E-07 0.000E+00
    82.0 0.000E+00 0.000E+00 0.556E-09 0.119E-06 0.218E-06 0.609E-07 0.104E-05 0.889E-07 0.118E-07 0.000E+00
    83.0 0.000E+00 0.000E+00 0.812E-09 0.117E-06 0.190E-06 0.726E-07 0.104E-05 0.713E-07 0.796E-08 0.000E+00
    84.0 0.000E+00 0.000E+00 0.120E-08 0.112E-06 0.149E-06 0.875E-07 0.961E-06 0.391E-07 0.535E-08 0.000E+00
    85.0 0.000E+00 0.106E-12 0.174E-08 0.105E-06 0.116E-06 0.103E-06 0.875E-06 0.208E-07 0.352E-08 0.000E+00
    86.0 0.000E+00 0.229E-12 0.245E-08 0.970E-07 0.894E-07 0.119E-06 0.780E-06 0.708E-08 0.229E-08 0.000E+00
    87.0 0.000E+00 0.467E-12 0.333E-08 0.877E-07 0.685E-07 0.134E-06 0.677E-06 0.000E+00 0.145E-08 0.000E+00

 Z-Verteilung  
 E*/MeV     Pb         Bi         Po         At  
   72.0  0.473E-05 0.674E-06 0.185E-08 0.299E-09
   73.0  0.420E-05 0.598E-06 0.143E-08 0.259E-09
   74.0  0.374E-05 0.525E-06 0.112E-08 0.222E-09
   75.0  0.335E-05 0.457E-06 0.884E-09 0.182E-09
   76.0  0.300E-05 0.395E-06 0.677E-09 0.152E-09
   77.0  0.270E-05 0.340E-06 0.587E-09 0.127E-09
   78.0  0.242E-05 0.291E-06 0.552E-09 0.105E-09
   79.0  0.217E-05 0.248E-06 0.522E-09 0.851E-10
   80.0  0.193E-05 0.211E-06 0.493E-09 0.686E-10
   81.0  0.171E-05 0.176E-06 0.462E-09 0.549E-10
   82.0  0.154E-05 0.145E-06 0.429E-09 0.436E-10
   83.0  0.150E-05 0.115E-06 0.393E-09 0.345E-10
   84.0  0.136E-05 0.828E-07 0.355E-09 0.272E-10
   85.0  0.123E-05 0.614E-07 0.315E-09 0.213E-10
   86.0  0.110E-05 0.501E-07 0.276E-09 0.166E-10
   87.0  0.972E-06 0.446E-07 0.241E-09 0.130E-10

 Z und A Mittelwerte    
   E*/MeV     MW.Z  St.Abw.Z      MW.A  St.Abw.A
    72.0     82.13      0.33    187.21      1.33
    73.0     82.13      0.33    187.14      1.32
    74.0     82.12      0.33    187.07      1.31
    75.0     82.12      0.33    187.00      1.29
    76.0     82.12      0.32    186.94      1.27
    77.0     82.11      0.32    186.89      1.24
    78.0     82.11      0.31    186.83      1.21
    79.0     82.10      0.31    186.77      1.18
    80.0     82.10      0.30    186.70      1.15
    81.0     82.09      0.29    186.64      1.11
    82.0     82.09      0.28    186.59      1.08
    83.0     82.07      0.26    186.58      1.05
    84.0     82.06      0.24    186.54      1.02
    85.0     82.05      0.22    186.51      1.00
    86.0     82.04      0.21    186.48      0.99
    87.0     82.04      0.21    186.45      0.98

 HIVAP  CASOUT

   90Zr 103Rh 193At IFUS10 barfac0.50 sigr3.0 09/11/2023 10:38 Sitarcik 


     E_lab  A*MeV   E*/MeV     SI_fus      SI_VR     SI_Spalt  L_krit     b_Spalt

   496.118    5.51    88.0  0.2182E+03  0.8897E-06  0.2181E+03    65.0       99.97
   497.992    5.53    89.0  0.2173E+03  0.7545E-06  0.2173E+03    65.0       99.97
   499.866    5.55    90.0  0.2165E+03  0.6063E-06  0.2164E+03    65.0       99.97
   501.740    5.57    91.0  0.2157E+03  0.4623E-06  0.2156E+03    65.0       99.96

     Querschnitte / mbarn

  E*/MeV   184At     185At     186At     187At     188At     189At     190At     191At     192At     193At  
    88.0 0.000E+00 0.000E+00 0.312E-13 0.238E-11 0.767E-11 0.000E+00 0.000E+00 0.000E+00 0.000E+00 0.000E+00
    89.0 0.000E+00 0.000E+00 0.524E-13 0.209E-11 0.565E-11 0.000E+00 0.000E+00 0.000E+00 0.000E+00 0.000E+00
    90.0 0.000E+00 0.000E+00 0.811E-13 0.182E-11 0.413E-11 0.000E+00 0.000E+00 0.000E+00 0.000E+00 0.000E+00
    91.0 0.000E+00 0.000E+00 0.117E-12 0.155E-11 0.293E-11 0.000E+00 0.000E+00 0.000E+00 0.000E+00 0.000E+00

  E*/MeV   183Po     184Po     185Po     186Po     187Po     188Po     189Po     190Po     191Po     192Po  
    88.0 0.000E+00 0.000E+00 0.378E-15 0.197E-11 0.202E-09 0.235E-11 0.000E+00 0.000E+00 0.000E+00 0.000E+00
    89.0 0.000E+00 0.000E+00 0.761E-15 0.228E-11 0.173E-09 0.000E+00 0.000E+00 0.000E+00 0.000E+00 0.000E+00
    90.0 0.000E+00 0.000E+00 0.148E-14 0.257E-11 0.147E-09 0.000E+00 0.000E+00 0.000E+00 0.000E+00 0.000E+00
    91.0 0.000E+00 0.000E+00 0.283E-14 0.279E-11 0.123E-09 0.000E+00 0.000E+00 0.000E+00 0.000E+00 0.000E+00

  E*/MeV   182Bi     183Bi     184Bi     185Bi     186Bi     187Bi     188Bi     189Bi     190Bi     191Bi  
    88.0 0.000E+00 0.827E-11 0.150E-08 0.727E-09 0.380E-08 0.334E-07 0.000E+00 0.000E+00 0.000E+00 0.000E+00
    89.0 0.000E+00 0.124E-10 0.142E-08 0.544E-09 0.454E-08 0.283E-07 0.000E+00 0.000E+00 0.000E+00 0.000E+00
    90.0 0.000E+00 0.177E-10 0.132E-08 0.406E-09 0.526E-08 0.233E-07 0.000E+00 0.000E+00 0.000E+00 0.000E+00
    91.0 0.000E+00 0.238E-10 0.120E-08 0.305E-09 0.593E-08 0.184E-07 0.000E+00 0.000E+00 0.000E+00 0.000E+00

  E*/MeV   181Pb     182Pb     183Pb     184Pb     185Pb     186Pb     187Pb     188Pb     189Pb     190Pb  
    88.0 0.000E+00 0.909E-12 0.440E-08 0.780E-07 0.523E-07 0.147E-06 0.567E-06 0.000E+00 0.844E-09 0.000E+00
    89.0 0.000E+00 0.170E-11 0.562E-08 0.684E-07 0.399E-07 0.158E-06 0.447E-06 0.000E+00 0.431E-09 0.000E+00
    90.0 0.000E+00 0.310E-11 0.696E-08 0.591E-07 0.304E-07 0.166E-06 0.314E-06 0.000E+00 0.889E-10 0.000E+00
    91.0 0.000E+00 0.551E-11 0.837E-08 0.505E-07 0.235E-07 0.170E-06 0.184E-06 0.000E+00 0.000E+00 0.000E+00

 Z-Verteilung  
 E*/MeV     Pb         Bi         Po         At  
   88.0  0.850E-06 0.395E-07 0.206E-09 0.101E-10
   89.0  0.719E-06 0.348E-07 0.175E-09 0.779E-11
   90.0  0.576E-06 0.303E-07 0.149E-09 0.603E-11
   91.0  0.436E-06 0.259E-07 0.126E-09 0.460E-11

 Z und A Mittelwerte    
   E*/MeV     MW.Z  St.Abw.Z      MW.A  St.Abw.A
    88.0     82.04      0.21    186.42      0.98
    89.0     82.05      0.21    186.37      0.99
    90.0     82.05      0.22    186.27      1.02
    91.0     82.06      0.23    186.11      1.04
                                                                        
           



 Ende HIVAP 
