          Programm HIVAP,  Autor  W.Reisdorf   Version fuer "rzri6f" vom  7. 6. 1994

           Bearbeitung F.P.Heﬂberger
           
   93Nb 99Ru 192At IFUS10 barfac0.40 sigr3.0 17/04/2023 13:48 Sitarcik  
           

 Unterprogramm SEPENF

 benutzt Sierks Programm BARFIT 
 Q-Wert  -177.443 MeV
 Massen aus der Datei "mlz.dat" 

         Exp. Schaleneffekte,  SHELL0=    0.00
          At  183   At  184   At  185   At  186   At  187   At  188   At  189   At  190   At  191   At  192
             -0.16     -0.96     -0.15     -0.95     -0.13     -0.92     -0.10     -0.88     -0.07     -0.87
          Po  182   Po  183   Po  184   Po  185   Po  186   Po  187   Po  188   Po  189   Po  190   Po  191
              0.25     -0.41      0.51     -0.23      0.60     -0.21      0.55     -0.34      0.34     -0.63
          Bi  181   Bi  182   Bi  183   Bi  184   Bi  185   Bi  186   Bi  187   Bi  188   Bi  189   Bi  190
             -1.37     -2.02     -1.09     -1.82     -0.98     -1.79     -1.03     -1.92     -1.24     -2.20
          Pb  180   Pb  181   Pb  182   Pb  183   Pb  184   Pb  185   Pb  186   Pb  187   Pb  188   Pb  189
             -1.40     -2.05     -1.11     -1.85     -1.00     -1.81     -1.05     -1.94     -1.26     -2.22

           BARFAC=   0.400      BAR0=   0.000

          Separationsenergien (BN,BP,BA) und Spaltbarrieren
          At  183   At  184   At  185   At  186   At  187   At  188   At  189   At  190   At  191   At  192
             12.65     10.83     12.24     10.41     11.81     10.00     11.40      9.60     11.01      9.25
             -3.05     -2.63     -2.25     -1.92     -1.64     -1.40     -1.20     -1.04     -0.93     -0.82
            -10.29     -9.93     -9.63     -9.36     -9.14     -8.96     -8.83     -8.72     -8.66     -8.59
              1.74      2.64      1.93      2.82      2.11      2.99      2.27      3.14      2.43      3.33
             -0.81     -1.62     -0.81     -1.61     -0.80     -1.60     -0.80     -1.60     -0.80     -1.59
          Po  182   Po  183   Po  184   Po  185   Po  186   Po  187   Po  188   Po  189   Po  190   Po  191
             12.21     10.41     11.86     10.08     11.54      9.75     11.20      9.44     10.89      9.14
             -1.35     -1.08     -0.82     -0.54     -0.28     -0.02      0.24      0.50      0.75      1.01
            -10.37    -10.16     -9.96     -9.74     -9.53     -9.32     -9.12     -8.90     -8.69     -8.47
              1.70      2.47      1.65      2.50      1.77      2.69      2.03      3.03      2.46      3.52
              0.00     -0.81      0.00     -0.81      0.00     -0.80      0.00     -0.80      0.00     -0.80
          Bi  181   Bi  182   Bi  183   Bi  184   Bi  185   Bi  186   Bi  187   Bi  188   Bi  189   Bi  190
             11.94     10.14     11.60      9.81     11.27      9.49     10.95      9.18     10.64      8.88
             -2.58     -2.30     -2.03     -1.76     -1.49     -1.22     -0.96     -0.69     -0.43     -0.17
             -8.40     -8.19     -7.99     -7.78     -7.58     -7.36     -7.16     -6.93     -6.73     -6.50
              3.73      4.50      3.68      4.53      3.80      4.72      4.07      5.06      4.49      5.56
             -0.82     -1.63     -0.81     -1.62     -0.81     -1.61     -0.80     -1.60     -0.80     -1.60
          Pb  180   Pb  181   Pb  182   Pb  183   Pb  184   Pb  185   Pb  186   Pb  187   Pb  188   Pb  189
             11.67      9.86     11.33      9.54     11.00      9.22     10.68      8.92     10.38      8.62
              1.15      1.42      1.68      1.94      2.20      2.46      2.71      2.97      3.22      3.47
             -6.44     -6.22     -6.03     -5.81     -5.61     -5.39     -5.19     -4.97     -4.76     -4.54
              4.21      4.99      4.17      5.03      4.30      5.23      4.58      5.58      5.01      6.07
              0.00     -0.82      0.00     -0.81      0.00     -0.81      0.00     -0.80      0.00     -0.80

 benutzter Q-Wert  -177.443 MeV    effektiver Q-Wert  -177.443 MeV

 HIVAP  CASOUT

   93Nb 99Ru 192At IFUS10 barfac0.40 sigr3.0 17/04/2023 13:48 Sitarcik  


     E_lab  A*MeV   E*/MeV     SI_fus      SI_VR     SI_Spalt  L_krit     b_Spalt

   359.647    3.87     8.0  0.1378E-04  0.5488E-08  0.1378E-04     0.0       99.96
   361.587    3.89     9.0  0.7079E-04  0.2279E-07  0.7077E-04     0.0       99.97
   363.526    3.91    10.0  0.3534E-03  0.1206E-06  0.3533E-03     0.0       99.97
   365.466    3.93    11.0  0.1674E-02  0.5957E-06  0.1673E-02     0.0       99.96
   367.405    3.95    12.0  0.6929E-02  0.2325E-05  0.6927E-02     0.0       99.97
   369.344    3.97    13.0  0.2273E-01  0.6260E-05  0.2272E-01     0.0       99.97
   371.284    3.99    14.0  0.5918E-01  0.1113E-04  0.5917E-01     0.0       99.98
   373.223    4.01    15.0  0.1313E+00  0.1581E-04  0.1313E+00     0.0       99.99
   375.163    4.03    16.0  0.2639E+00  0.2073E-04  0.2639E+00     0.0       99.99
   377.102    4.05    17.0  0.4849E+00  0.2588E-04  0.4849E+00     0.0       99.99
   379.041    4.08    18.0  0.8351E+00  0.3098E-04  0.8350E+00     0.0      100.00
   380.981    4.10    19.0  0.1369E+01  0.3502E-04  0.1369E+01     0.0      100.00
   382.920    4.12    20.0  0.2149E+01  0.3700E-04  0.2149E+01     0.0      100.00
   384.860    4.14    21.0  0.3260E+01  0.3728E-04  0.3260E+01     0.0      100.00
   386.799    4.16    22.0  0.4784E+01  0.3707E-04  0.4783E+01     0.0       99.98
   388.738    4.18    23.0  0.6814E+01  0.3807E-04  0.6810E+01     0.0       99.95

     Querschnitte / mbarn

  E*/MeV   183At     184At     185At     186At     187At     188At     189At     190At     191At     192At  
     8.0 0.000E+00 0.000E+00 0.000E+00 0.000E+00 0.000E+00 0.000E+00 0.000E+00 0.000E+00 0.000E+00 0.376E-08
     9.0 0.000E+00 0.000E+00 0.000E+00 0.000E+00 0.000E+00 0.000E+00 0.000E+00 0.000E+00 0.000E+00 0.759E-08
    10.0 0.000E+00 0.000E+00 0.000E+00 0.000E+00 0.000E+00 0.000E+00 0.000E+00 0.000E+00 0.158E-09 0.142E-07
    11.0 0.000E+00 0.000E+00 0.000E+00 0.000E+00 0.000E+00 0.000E+00 0.000E+00 0.000E+00 0.114E-07 0.235E-07
    12.0 0.000E+00 0.000E+00 0.000E+00 0.000E+00 0.000E+00 0.000E+00 0.000E+00 0.000E+00 0.209E-06 0.298E-07
    13.0 0.000E+00 0.000E+00 0.000E+00 0.000E+00 0.000E+00 0.000E+00 0.000E+00 0.000E+00 0.110E-05 0.342E-07
    14.0 0.000E+00 0.000E+00 0.000E+00 0.000E+00 0.000E+00 0.000E+00 0.000E+00 0.000E+00 0.210E-05 0.399E-07
    15.0 0.000E+00 0.000E+00 0.000E+00 0.000E+00 0.000E+00 0.000E+00 0.000E+00 0.000E+00 0.268E-05 0.415E-07
    16.0 0.000E+00 0.000E+00 0.000E+00 0.000E+00 0.000E+00 0.000E+00 0.000E+00 0.000E+00 0.299E-05 0.438E-07
    17.0 0.000E+00 0.000E+00 0.000E+00 0.000E+00 0.000E+00 0.000E+00 0.000E+00 0.000E+00 0.299E-05 0.522E-07
    18.0 0.000E+00 0.000E+00 0.000E+00 0.000E+00 0.000E+00 0.000E+00 0.000E+00 0.000E+00 0.272E-05 0.513E-07
    19.0 0.000E+00 0.000E+00 0.000E+00 0.000E+00 0.000E+00 0.000E+00 0.000E+00 0.000E+00 0.233E-05 0.361E-07
    20.0 0.000E+00 0.000E+00 0.000E+00 0.000E+00 0.000E+00 0.000E+00 0.000E+00 0.000E+00 0.195E-05 0.000E+00
    21.0 0.000E+00 0.000E+00 0.000E+00 0.000E+00 0.000E+00 0.000E+00 0.000E+00 0.411E-10 0.153E-05 0.000E+00
    22.0 0.000E+00 0.000E+00 0.000E+00 0.000E+00 0.000E+00 0.000E+00 0.000E+00 0.160E-08 0.111E-05 0.000E+00
    23.0 0.000E+00 0.000E+00 0.000E+00 0.000E+00 0.000E+00 0.000E+00 0.000E+00 0.217E-07 0.813E-06 0.000E+00

  E*/MeV   182Po     183Po     184Po     185Po     186Po     187Po     188Po     189Po     190Po     191Po  
     8.0 0.000E+00 0.000E+00 0.000E+00 0.000E+00 0.000E+00 0.000E+00 0.000E+00 0.000E+00 0.000E+00 0.172E-08
     9.0 0.000E+00 0.000E+00 0.000E+00 0.000E+00 0.000E+00 0.000E+00 0.000E+00 0.000E+00 0.000E+00 0.151E-07
    10.0 0.000E+00 0.000E+00 0.000E+00 0.000E+00 0.000E+00 0.000E+00 0.000E+00 0.000E+00 0.000E+00 0.105E-06
    11.0 0.000E+00 0.000E+00 0.000E+00 0.000E+00 0.000E+00 0.000E+00 0.000E+00 0.000E+00 0.000E+00 0.550E-06
    12.0 0.000E+00 0.000E+00 0.000E+00 0.000E+00 0.000E+00 0.000E+00 0.000E+00 0.000E+00 0.000E+00 0.201E-05
    13.0 0.000E+00 0.000E+00 0.000E+00 0.000E+00 0.000E+00 0.000E+00 0.000E+00 0.000E+00 0.000E+00 0.478E-05
    14.0 0.000E+00 0.000E+00 0.000E+00 0.000E+00 0.000E+00 0.000E+00 0.000E+00 0.000E+00 0.000E+00 0.783E-05
    15.0 0.000E+00 0.000E+00 0.000E+00 0.000E+00 0.000E+00 0.000E+00 0.000E+00 0.000E+00 0.259E-10 0.101E-04
    16.0 0.000E+00 0.000E+00 0.000E+00 0.000E+00 0.000E+00 0.000E+00 0.000E+00 0.000E+00 0.400E-09 0.110E-04
    17.0 0.000E+00 0.000E+00 0.000E+00 0.000E+00 0.000E+00 0.000E+00 0.000E+00 0.000E+00 0.330E-08 0.107E-04
    18.0 0.000E+00 0.000E+00 0.000E+00 0.000E+00 0.000E+00 0.000E+00 0.000E+00 0.000E+00 0.178E-07 0.957E-05
    19.0 0.000E+00 0.000E+00 0.000E+00 0.000E+00 0.000E+00 0.000E+00 0.000E+00 0.000E+00 0.654E-07 0.805E-05
    20.0 0.000E+00 0.000E+00 0.000E+00 0.000E+00 0.000E+00 0.000E+00 0.000E+00 0.000E+00 0.178E-06 0.649E-05
    21.0 0.000E+00 0.000E+00 0.000E+00 0.000E+00 0.000E+00 0.000E+00 0.000E+00 0.000E+00 0.376E-06 0.509E-05
    22.0 0.000E+00 0.000E+00 0.000E+00 0.000E+00 0.000E+00 0.000E+00 0.000E+00 0.000E+00 0.633E-06 0.391E-05
    23.0 0.000E+00 0.000E+00 0.000E+00 0.000E+00 0.000E+00 0.000E+00 0.000E+00 0.000E+00 0.882E-06 0.298E-05

  E*/MeV   181Bi     182Bi     183Bi     184Bi     185Bi     186Bi     187Bi     188Bi     189Bi     190Bi  
     8.0 0.000E+00 0.000E+00 0.000E+00 0.000E+00 0.000E+00 0.000E+00 0.000E+00 0.986E-11 0.000E+00 0.000E+00
     9.0 0.000E+00 0.000E+00 0.000E+00 0.000E+00 0.000E+00 0.000E+00 0.000E+00 0.124E-09 0.000E+00 0.000E+00
    10.0 0.000E+00 0.000E+00 0.000E+00 0.000E+00 0.000E+00 0.000E+00 0.000E+00 0.133E-08 0.000E+00 0.000E+00
    11.0 0.000E+00 0.000E+00 0.000E+00 0.000E+00 0.000E+00 0.000E+00 0.000E+00 0.112E-07 0.000E+00 0.120E-12
    12.0 0.000E+00 0.000E+00 0.000E+00 0.000E+00 0.000E+00 0.000E+00 0.000E+00 0.760E-07 0.000E+00 0.410E-11
    13.0 0.000E+00 0.000E+00 0.000E+00 0.000E+00 0.000E+00 0.000E+00 0.000E+00 0.346E-06 0.000E+00 0.606E-10
    14.0 0.000E+00 0.000E+00 0.000E+00 0.000E+00 0.000E+00 0.000E+00 0.000E+00 0.116E-05 0.000E+00 0.516E-09
    15.0 0.000E+00 0.000E+00 0.000E+00 0.000E+00 0.000E+00 0.000E+00 0.000E+00 0.302E-05 0.000E+00 0.314E-08
    16.0 0.000E+00 0.000E+00 0.000E+00 0.000E+00 0.000E+00 0.000E+00 0.000E+00 0.662E-05 0.000E+00 0.148E-07
    17.0 0.000E+00 0.000E+00 0.000E+00 0.000E+00 0.000E+00 0.000E+00 0.118E-10 0.120E-04 0.000E+00 0.552E-07
    18.0 0.000E+00 0.000E+00 0.000E+00 0.000E+00 0.000E+00 0.000E+00 0.213E-09 0.183E-04 0.000E+00 0.175E-06
    19.0 0.000E+00 0.000E+00 0.000E+00 0.000E+00 0.000E+00 0.000E+00 0.156E-08 0.238E-04 0.000E+00 0.483E-06
    20.0 0.000E+00 0.000E+00 0.000E+00 0.000E+00 0.000E+00 0.000E+00 0.801E-08 0.266E-04 0.000E+00 0.117E-05
    21.0 0.000E+00 0.000E+00 0.000E+00 0.000E+00 0.000E+00 0.000E+00 0.322E-07 0.265E-04 0.000E+00 0.253E-05
    22.0 0.000E+00 0.000E+00 0.000E+00 0.000E+00 0.000E+00 0.000E+00 0.105E-06 0.242E-04 0.350E-11 0.484E-05
    23.0 0.000E+00 0.000E+00 0.000E+00 0.000E+00 0.000E+00 0.000E+00 0.290E-06 0.206E-04 0.318E-10 0.828E-05

  E*/MeV   180Pb     181Pb     182Pb     183Pb     184Pb     185Pb     186Pb     187Pb     188Pb     189Pb  
     8.0 0.000E+00 0.000E+00 0.000E+00 0.000E+00 0.000E+00 0.000E+00 0.000E+00 0.000E+00 0.000E+00 0.000E+00
     9.0 0.000E+00 0.000E+00 0.000E+00 0.000E+00 0.000E+00 0.000E+00 0.000E+00 0.000E+00 0.000E+00 0.000E+00
    10.0 0.000E+00 0.000E+00 0.000E+00 0.000E+00 0.000E+00 0.000E+00 0.000E+00 0.000E+00 0.000E+00 0.000E+00
    11.0 0.000E+00 0.000E+00 0.000E+00 0.000E+00 0.000E+00 0.000E+00 0.000E+00 0.151E-11 0.000E+00 0.000E+00
    12.0 0.000E+00 0.000E+00 0.000E+00 0.000E+00 0.000E+00 0.000E+00 0.000E+00 0.517E-10 0.000E+00 0.000E+00
    13.0 0.000E+00 0.000E+00 0.000E+00 0.000E+00 0.000E+00 0.000E+00 0.000E+00 0.390E-09 0.000E+00 0.000E+00
    14.0 0.000E+00 0.000E+00 0.000E+00 0.000E+00 0.000E+00 0.000E+00 0.000E+00 0.195E-08 0.000E+00 0.000E+00
    15.0 0.000E+00 0.000E+00 0.000E+00 0.000E+00 0.000E+00 0.000E+00 0.000E+00 0.724E-08 0.000E+00 0.000E+00
    16.0 0.000E+00 0.000E+00 0.000E+00 0.000E+00 0.000E+00 0.000E+00 0.000E+00 0.224E-07 0.000E+00 0.110E-12
    17.0 0.000E+00 0.000E+00 0.000E+00 0.000E+00 0.000E+00 0.000E+00 0.000E+00 0.576E-07 0.000E+00 0.219E-11
    18.0 0.000E+00 0.000E+00 0.000E+00 0.000E+00 0.000E+00 0.000E+00 0.000E+00 0.132E-06 0.000E+00 0.215E-10
    19.0 0.000E+00 0.000E+00 0.000E+00 0.000E+00 0.000E+00 0.000E+00 0.000E+00 0.281E-06 0.000E+00 0.135E-09
    20.0 0.000E+00 0.000E+00 0.000E+00 0.000E+00 0.000E+00 0.000E+00 0.000E+00 0.583E-06 0.000E+00 0.618E-09
    21.0 0.000E+00 0.000E+00 0.000E+00 0.000E+00 0.000E+00 0.000E+00 0.000E+00 0.119E-05 0.000E+00 0.219E-08
    22.0 0.000E+00 0.000E+00 0.000E+00 0.000E+00 0.000E+00 0.000E+00 0.000E+00 0.230E-05 0.000E+00 0.622E-08
    23.0 0.000E+00 0.000E+00 0.000E+00 0.000E+00 0.000E+00 0.000E+00 0.144E-10 0.416E-05 0.000E+00 0.149E-07

 Z-Verteilung  
 E*/MeV     Pb         Bi         Po         At  
    8.0  0.000E+00 0.986E-11 0.172E-08 0.376E-08
    9.0  0.000E+00 0.124E-09 0.151E-07 0.759E-08
   10.0  0.000E+00 0.133E-08 0.105E-06 0.143E-07
   11.0  0.151E-11 0.112E-07 0.550E-06 0.349E-07
   12.0  0.517E-10 0.760E-07 0.201E-05 0.238E-06
   13.0  0.390E-09 0.346E-06 0.478E-05 0.114E-05
   14.0  0.195E-08 0.116E-05 0.783E-05 0.214E-05
   15.0  0.724E-08 0.302E-05 0.101E-04 0.272E-05
   16.0  0.224E-07 0.663E-05 0.110E-04 0.303E-05
   17.0  0.576E-07 0.120E-04 0.107E-04 0.304E-05
   18.0  0.132E-06 0.185E-04 0.959E-05 0.277E-05
   19.0  0.281E-06 0.243E-04 0.811E-05 0.237E-05
   20.0  0.583E-06 0.278E-04 0.667E-05 0.195E-05
   21.0  0.119E-05 0.291E-04 0.546E-05 0.153E-05
   22.0  0.231E-05 0.291E-04 0.455E-05 0.112E-05
   23.0  0.418E-05 0.292E-04 0.386E-05 0.835E-06

 Z und A Mittelwerte    
   E*/MeV     MW.Z  St.Abw.Z      MW.A  St.Abw.A
     8.0     84.68      0.47    191.68      0.49
     9.0     84.33      0.48    191.32      0.53
    10.0     84.11      0.34    191.08      0.46
    11.0     84.04      0.28    190.98      0.46
    12.0     84.07      0.36    190.91      0.55
    13.0     84.13      0.47    190.84      0.69
    14.0     84.09      0.54    190.69      0.92
    15.0     83.98      0.60    190.43      1.18
    16.0     83.82      0.66    190.04      1.40
    17.0     83.65      0.68    189.60      1.50
    18.0     83.48      0.66    189.20      1.47
    19.0     83.36      0.62    188.92      1.38
    20.0     83.27      0.58    188.74      1.29
    21.0     83.20      0.55    188.66      1.23
    22.0     83.12      0.54    188.64      1.21
    23.0     83.04      0.55    188.67      1.24

 HIVAP  CASOUT

   93Nb 99Ru 192At IFUS10 barfac0.40 sigr3.0 17/04/2023 13:48 Sitarcik  


     E_lab  A*MeV   E*/MeV     SI_fus      SI_VR     SI_Spalt  L_krit     b_Spalt

   390.678    4.20    24.0  0.9442E+01  0.4117E-04  0.9431E+01     2.0       99.88
   392.617    4.22    25.0  0.1275E+02  0.4631E-04  0.1273E+02    17.0       99.82
   394.557    4.24    26.0  0.1685E+02  0.5269E-04  0.1680E+02    24.0       99.74
   396.496    4.26    27.0  0.2177E+02  0.5828E-04  0.2170E+02    30.0       99.66
   398.435    4.28    28.0  0.2760E+02  0.6134E-04  0.2747E+02    35.0       99.54
   400.375    4.31    29.0  0.3438E+02  0.6119E-04  0.3418E+02    65.0       99.44
   402.314    4.33    30.0  0.4207E+02  0.5773E-04  0.4178E+02    65.0       99.32
   404.253    4.35    31.0  0.5069E+02  0.5199E-04  0.5028E+02    65.0       99.19
   406.193    4.37    32.0  0.6019E+02  0.4511E-04  0.5961E+02    65.0       99.04
   408.132    4.39    33.0  0.7042E+02  0.3824E-04  0.6964E+02    65.0       98.90
   410.072    4.41    34.0  0.8136E+02  0.3222E-04  0.8032E+02    65.0       98.72
   412.011    4.43    35.0  0.9279E+02  0.2733E-04  0.9145E+02    65.0       98.56
   413.950    4.45    36.0  0.1046E+03  0.2352E-04  0.1029E+03    65.0       98.38
   415.890    4.47    37.0  0.1166E+03  0.2054E-04  0.1145E+03    65.0       98.23
   417.829    4.49    38.0  0.1286E+03  0.1805E-04  0.1262E+03    65.0       98.07
   419.769    4.51    39.0  0.1405E+03  0.1583E-04  0.1376E+03    65.0       97.91

     Querschnitte / mbarn

  E*/MeV   183At     184At     185At     186At     187At     188At     189At     190At     191At     192At  
    24.0 0.000E+00 0.000E+00 0.000E+00 0.000E+00 0.000E+00 0.000E+00 0.000E+00 0.134E-06 0.631E-06 0.000E+00
    25.0 0.000E+00 0.000E+00 0.000E+00 0.000E+00 0.000E+00 0.000E+00 0.000E+00 0.469E-06 0.545E-06 0.000E+00
    26.0 0.000E+00 0.000E+00 0.000E+00 0.000E+00 0.000E+00 0.000E+00 0.000E+00 0.107E-05 0.515E-06 0.000E+00
    27.0 0.000E+00 0.000E+00 0.000E+00 0.000E+00 0.000E+00 0.000E+00 0.000E+00 0.164E-05 0.495E-06 0.000E+00
    28.0 0.000E+00 0.000E+00 0.000E+00 0.000E+00 0.000E+00 0.000E+00 0.000E+00 0.195E-05 0.350E-06 0.000E+00
    29.0 0.000E+00 0.000E+00 0.000E+00 0.000E+00 0.000E+00 0.000E+00 0.000E+00 0.197E-05 0.216E-06 0.000E+00
    30.0 0.000E+00 0.000E+00 0.000E+00 0.000E+00 0.000E+00 0.000E+00 0.000E+00 0.178E-05 0.124E-06 0.000E+00
    31.0 0.000E+00 0.000E+00 0.000E+00 0.000E+00 0.000E+00 0.000E+00 0.324E-12 0.148E-05 0.680E-07 0.000E+00
    32.0 0.000E+00 0.000E+00 0.000E+00 0.000E+00 0.000E+00 0.000E+00 0.106E-10 0.116E-05 0.371E-07 0.000E+00
    33.0 0.000E+00 0.000E+00 0.000E+00 0.000E+00 0.000E+00 0.000E+00 0.126E-09 0.862E-06 0.200E-07 0.000E+00
    34.0 0.000E+00 0.000E+00 0.000E+00 0.000E+00 0.000E+00 0.000E+00 0.766E-09 0.619E-06 0.107E-07 0.000E+00
    35.0 0.000E+00 0.000E+00 0.000E+00 0.000E+00 0.000E+00 0.000E+00 0.275E-08 0.430E-06 0.000E+00 0.000E+00
    36.0 0.000E+00 0.000E+00 0.000E+00 0.000E+00 0.000E+00 0.000E+00 0.644E-08 0.291E-06 0.000E+00 0.000E+00
    37.0 0.000E+00 0.000E+00 0.000E+00 0.000E+00 0.000E+00 0.000E+00 0.109E-07 0.194E-06 0.000E+00 0.000E+00
    38.0 0.000E+00 0.000E+00 0.000E+00 0.000E+00 0.000E+00 0.000E+00 0.146E-07 0.127E-06 0.000E+00 0.000E+00
    39.0 0.000E+00 0.000E+00 0.000E+00 0.000E+00 0.000E+00 0.000E+00 0.166E-07 0.844E-07 0.000E+00 0.000E+00

  E*/MeV   182Po     183Po     184Po     185Po     186Po     187Po     188Po     189Po     190Po     191Po  
    24.0 0.000E+00 0.000E+00 0.000E+00 0.000E+00 0.000E+00 0.000E+00 0.000E+00 0.000E+00 0.105E-05 0.227E-05
    25.0 0.000E+00 0.000E+00 0.000E+00 0.000E+00 0.000E+00 0.000E+00 0.000E+00 0.217E-12 0.110E-05 0.174E-05
    26.0 0.000E+00 0.000E+00 0.000E+00 0.000E+00 0.000E+00 0.000E+00 0.000E+00 0.402E-11 0.105E-05 0.132E-05
    27.0 0.000E+00 0.000E+00 0.000E+00 0.000E+00 0.000E+00 0.000E+00 0.000E+00 0.370E-10 0.915E-06 0.962E-06
    28.0 0.000E+00 0.000E+00 0.000E+00 0.000E+00 0.000E+00 0.000E+00 0.000E+00 0.239E-09 0.749E-06 0.653E-06
    29.0 0.000E+00 0.000E+00 0.000E+00 0.000E+00 0.000E+00 0.000E+00 0.000E+00 0.119E-08 0.583E-06 0.414E-06
    30.0 0.000E+00 0.000E+00 0.000E+00 0.000E+00 0.000E+00 0.000E+00 0.000E+00 0.457E-08 0.433E-06 0.241E-06
    31.0 0.000E+00 0.000E+00 0.000E+00 0.000E+00 0.000E+00 0.000E+00 0.000E+00 0.140E-07 0.311E-06 0.134E-06
    32.0 0.000E+00 0.000E+00 0.000E+00 0.000E+00 0.000E+00 0.000E+00 0.000E+00 0.347E-07 0.216E-06 0.704E-07
    33.0 0.000E+00 0.000E+00 0.000E+00 0.000E+00 0.000E+00 0.000E+00 0.000E+00 0.712E-07 0.146E-06 0.356E-07
    34.0 0.000E+00 0.000E+00 0.000E+00 0.000E+00 0.000E+00 0.000E+00 0.000E+00 0.123E-06 0.969E-07 0.180E-07
    35.0 0.000E+00 0.000E+00 0.000E+00 0.000E+00 0.000E+00 0.000E+00 0.000E+00 0.184E-06 0.629E-07 0.963E-08
    36.0 0.000E+00 0.000E+00 0.000E+00 0.000E+00 0.000E+00 0.000E+00 0.000E+00 0.239E-06 0.400E-07 0.514E-08
    37.0 0.000E+00 0.000E+00 0.000E+00 0.000E+00 0.000E+00 0.000E+00 0.829E-13 0.277E-06 0.249E-07 0.000E+00
    38.0 0.000E+00 0.000E+00 0.000E+00 0.000E+00 0.000E+00 0.000E+00 0.610E-12 0.292E-06 0.151E-07 0.000E+00
    39.0 0.000E+00 0.000E+00 0.000E+00 0.000E+00 0.000E+00 0.000E+00 0.319E-11 0.283E-06 0.821E-08 0.000E+00

  E*/MeV   181Bi     182Bi     183Bi     184Bi     185Bi     186Bi     187Bi     188Bi     189Bi     190Bi  
    24.0 0.000E+00 0.000E+00 0.000E+00 0.000E+00 0.000E+00 0.000E+00 0.686E-06 0.168E-04 0.211E-09 0.126E-04
    25.0 0.000E+00 0.000E+00 0.000E+00 0.000E+00 0.000E+00 0.000E+00 0.140E-05 0.132E-04 0.110E-08 0.173E-04
    26.0 0.000E+00 0.000E+00 0.000E+00 0.000E+00 0.000E+00 0.000E+00 0.247E-05 0.998E-05 0.464E-08 0.214E-04
    27.0 0.000E+00 0.000E+00 0.000E+00 0.000E+00 0.000E+00 0.000E+00 0.377E-05 0.736E-05 0.163E-07 0.240E-04
    28.0 0.000E+00 0.000E+00 0.000E+00 0.000E+00 0.000E+00 0.000E+00 0.496E-05 0.532E-05 0.490E-07 0.248E-04
    29.0 0.000E+00 0.000E+00 0.000E+00 0.000E+00 0.000E+00 0.445E-11 0.573E-05 0.385E-05 0.127E-06 0.238E-04
    30.0 0.000E+00 0.000E+00 0.000E+00 0.000E+00 0.000E+00 0.364E-10 0.588E-05 0.280E-05 0.288E-06 0.213E-04
    31.0 0.000E+00 0.000E+00 0.000E+00 0.000E+00 0.000E+00 0.193E-09 0.549E-05 0.206E-05 0.575E-06 0.180E-04
    32.0 0.000E+00 0.000E+00 0.000E+00 0.000E+00 0.000E+00 0.794E-09 0.472E-05 0.151E-05 0.101E-05 0.145E-04
    33.0 0.000E+00 0.000E+00 0.000E+00 0.000E+00 0.000E+00 0.270E-08 0.381E-05 0.108E-05 0.160E-05 0.111E-04
    34.0 0.000E+00 0.000E+00 0.000E+00 0.000E+00 0.000E+00 0.789E-08 0.291E-05 0.734E-06 0.226E-05 0.826E-05
    35.0 0.000E+00 0.000E+00 0.000E+00 0.000E+00 0.000E+00 0.201E-07 0.213E-05 0.474E-06 0.290E-05 0.593E-05
    36.0 0.000E+00 0.000E+00 0.000E+00 0.000E+00 0.000E+00 0.452E-07 0.150E-05 0.287E-06 0.340E-05 0.414E-05
    37.0 0.000E+00 0.000E+00 0.000E+00 0.000E+00 0.000E+00 0.902E-07 0.103E-05 0.164E-06 0.368E-05 0.282E-05
    38.0 0.000E+00 0.000E+00 0.000E+00 0.000E+00 0.000E+00 0.161E-06 0.689E-06 0.893E-07 0.369E-05 0.188E-05
    39.0 0.000E+00 0.000E+00 0.000E+00 0.000E+00 0.000E+00 0.256E-06 0.451E-06 0.473E-07 0.348E-05 0.123E-05

  E*/MeV   180Pb     181Pb     182Pb     183Pb     184Pb     185Pb     186Pb     187Pb     188Pb     189Pb  
    24.0 0.000E+00 0.000E+00 0.000E+00 0.000E+00 0.000E+00 0.000E+00 0.786E-10 0.694E-05 0.000E+00 0.312E-07
    25.0 0.000E+00 0.000E+00 0.000E+00 0.000E+00 0.000E+00 0.000E+00 0.352E-09 0.106E-04 0.000E+00 0.594E-07
    26.0 0.000E+00 0.000E+00 0.000E+00 0.000E+00 0.000E+00 0.000E+00 0.135E-08 0.148E-04 0.000E+00 0.107E-06
    27.0 0.000E+00 0.000E+00 0.000E+00 0.000E+00 0.000E+00 0.000E+00 0.451E-08 0.189E-04 0.000E+00 0.185E-06
    28.0 0.000E+00 0.000E+00 0.000E+00 0.000E+00 0.000E+00 0.000E+00 0.133E-07 0.222E-04 0.367E-13 0.315E-06
    29.0 0.000E+00 0.000E+00 0.000E+00 0.000E+00 0.000E+00 0.000E+00 0.354E-07 0.240E-04 0.293E-12 0.521E-06
    30.0 0.000E+00 0.000E+00 0.000E+00 0.000E+00 0.000E+00 0.000E+00 0.842E-07 0.240E-04 0.890E-11 0.828E-06
    31.0 0.000E+00 0.000E+00 0.000E+00 0.000E+00 0.000E+00 0.000E+00 0.182E-06 0.224E-04 0.377E-10 0.126E-05
    32.0 0.000E+00 0.000E+00 0.000E+00 0.000E+00 0.000E+00 0.000E+00 0.355E-06 0.197E-04 0.137E-09 0.181E-05
    33.0 0.000E+00 0.000E+00 0.000E+00 0.000E+00 0.000E+00 0.530E-11 0.630E-06 0.164E-04 0.439E-09 0.245E-05
    34.0 0.000E+00 0.000E+00 0.000E+00 0.000E+00 0.000E+00 0.247E-10 0.102E-05 0.130E-04 0.126E-08 0.313E-05
    35.0 0.000E+00 0.000E+00 0.000E+00 0.000E+00 0.000E+00 0.885E-10 0.150E-05 0.993E-05 0.326E-08 0.375E-05
    36.0 0.000E+00 0.000E+00 0.000E+00 0.000E+00 0.000E+00 0.264E-09 0.202E-05 0.729E-05 0.768E-08 0.424E-05
    37.0 0.000E+00 0.000E+00 0.000E+00 0.000E+00 0.000E+00 0.676E-09 0.250E-05 0.519E-05 0.166E-07 0.454E-05
    38.0 0.000E+00 0.000E+00 0.000E+00 0.000E+00 0.000E+00 0.152E-08 0.286E-05 0.360E-05 0.329E-07 0.460E-05
    39.0 0.000E+00 0.000E+00 0.000E+00 0.000E+00 0.000E+00 0.302E-08 0.303E-05 0.244E-05 0.602E-07 0.444E-05

 Z-Verteilung  
 E*/MeV     Pb         Bi         Po         At  
   24.0  0.697E-05 0.301E-04 0.332E-05 0.765E-06
   25.0  0.106E-04 0.318E-04 0.284E-05 0.101E-05
   26.0  0.149E-04 0.338E-04 0.237E-05 0.159E-05
   27.0  0.191E-04 0.352E-04 0.188E-05 0.213E-05
   28.0  0.225E-04 0.352E-04 0.140E-05 0.230E-05
   29.0  0.245E-04 0.335E-04 0.998E-06 0.219E-05
   30.0  0.249E-04 0.303E-04 0.679E-06 0.190E-05
   31.0  0.239E-04 0.261E-04 0.458E-06 0.155E-05
   32.0  0.219E-04 0.217E-04 0.321E-06 0.119E-05
   33.0  0.195E-04 0.176E-04 0.253E-06 0.883E-06
   34.0  0.172E-04 0.142E-04 0.238E-06 0.631E-06
   35.0  0.152E-04 0.115E-04 0.256E-06 0.433E-06
   36.0  0.136E-04 0.937E-05 0.284E-06 0.298E-06
   37.0  0.123E-04 0.778E-05 0.302E-06 0.204E-06
   38.0  0.111E-04 0.651E-05 0.307E-06 0.142E-06
   39.0  0.997E-05 0.546E-05 0.292E-06 0.101E-06

 Z und A Mittelwerte    
   E*/MeV     MW.Z  St.Abw.Z      MW.A  St.Abw.A
    24.0     82.95      0.57    188.70      1.29
    25.0     82.88      0.60    188.70      1.35
    26.0     82.82      0.65    188.67      1.41
    27.0     82.78      0.68    188.60      1.44
    28.0     82.73      0.68    188.51      1.46
    29.0     82.69      0.68    188.42      1.46
    30.0     82.65      0.67    188.33      1.46
    31.0     82.61      0.66    188.27      1.44
    32.0     82.58      0.65    188.22      1.42
    33.0     82.54      0.63    188.19      1.40
    34.0     82.51      0.62    188.17      1.37
    35.0     82.49      0.60    188.17      1.35
    36.0     82.46      0.59    188.17      1.34
    37.0     82.44      0.58    188.15      1.34
    38.0     82.42      0.57    188.13      1.35
    39.0     82.40      0.56    188.09      1.36

 HIVAP  CASOUT

   93Nb 99Ru 192At IFUS10 barfac0.40 sigr3.0 17/04/2023 13:48 Sitarcik  


     E_lab  A*MeV   E*/MeV     SI_fus      SI_VR     SI_Spalt  L_krit     b_Spalt

   421.708    4.53    40.0  0.1522E+03  0.1373E-04  0.1488E+03    65.0       97.76
   423.647    4.56    41.0  0.1634E+03  0.1173E-04  0.1595E+03    65.0       97.63
   425.587    4.58    42.0  0.1740E+03  0.9850E-05  0.1696E+03    65.0       97.50
   427.526    4.60    43.0  0.1839E+03  0.8143E-05  0.1791E+03    65.0       97.39
   429.466    4.62    44.0  0.1931E+03  0.6657E-05  0.1879E+03    65.0       97.30
   431.405    4.64    45.0  0.2015E+03  0.5406E-05  0.1959E+03    65.0       97.20
   433.344    4.66    46.0  0.2090E+03  0.4428E-05  0.2030E+03    65.0       97.13
   435.284    4.68    47.0  0.2157E+03  0.3662E-05  0.2094E+03    65.0       97.06
   437.223    4.70    48.0  0.2215E+03  0.3091E-05  0.2149E+03    65.0       97.00
   439.163    4.72    49.0  0.2265E+03  0.2669E-05  0.2196E+03    65.0       96.95
   441.102    4.74    50.0  0.2307E+03  0.2354E-05  0.2235E+03    65.0       96.91
   443.041    4.76    51.0  0.2341E+03  0.2104E-05  0.2268E+03    65.0       96.87
   444.981    4.78    52.0  0.2368E+03  0.1896E-05  0.2294E+03    65.0       96.84
   446.920    4.81    53.0  0.2390E+03  0.1705E-05  0.2314E+03    65.0       96.82
   448.860    4.83    54.0  0.2406E+03  0.1521E-05  0.2328E+03    65.0       96.79
   450.799    4.85    55.0  0.2416E+03  0.1343E-05  0.2339E+03    65.0       96.78

     Querschnitte / mbarn

  E*/MeV   183At     184At     185At     186At     187At     188At     189At     190At     191At     192At  
    40.0 0.000E+00 0.000E+00 0.000E+00 0.000E+00 0.000E+00 0.000E+00 0.168E-07 0.569E-07 0.000E+00 0.000E+00
    41.0 0.000E+00 0.000E+00 0.000E+00 0.000E+00 0.000E+00 0.000E+00 0.155E-07 0.386E-07 0.000E+00 0.000E+00
    42.0 0.000E+00 0.000E+00 0.000E+00 0.000E+00 0.000E+00 0.000E+00 0.134E-07 0.261E-07 0.000E+00 0.000E+00
    43.0 0.000E+00 0.000E+00 0.000E+00 0.000E+00 0.000E+00 0.000E+00 0.109E-07 0.174E-07 0.000E+00 0.000E+00
    44.0 0.000E+00 0.000E+00 0.000E+00 0.000E+00 0.000E+00 0.505E-13 0.852E-08 0.113E-07 0.000E+00 0.000E+00
    45.0 0.000E+00 0.000E+00 0.000E+00 0.000E+00 0.000E+00 0.641E-12 0.642E-08 0.706E-08 0.000E+00 0.000E+00
    46.0 0.000E+00 0.000E+00 0.000E+00 0.000E+00 0.000E+00 0.447E-11 0.469E-08 0.396E-08 0.000E+00 0.000E+00
    47.0 0.000E+00 0.000E+00 0.000E+00 0.000E+00 0.000E+00 0.198E-10 0.335E-08 0.210E-08 0.000E+00 0.000E+00
    48.0 0.000E+00 0.000E+00 0.000E+00 0.000E+00 0.000E+00 0.618E-10 0.235E-08 0.119E-08 0.000E+00 0.000E+00
    49.0 0.000E+00 0.000E+00 0.000E+00 0.000E+00 0.000E+00 0.145E-09 0.163E-08 0.748E-09 0.000E+00 0.000E+00
    50.0 0.000E+00 0.000E+00 0.000E+00 0.000E+00 0.000E+00 0.268E-09 0.112E-08 0.461E-09 0.000E+00 0.000E+00
    51.0 0.000E+00 0.000E+00 0.000E+00 0.000E+00 0.000E+00 0.413E-09 0.763E-09 0.280E-09 0.000E+00 0.000E+00
    52.0 0.000E+00 0.000E+00 0.000E+00 0.000E+00 0.000E+00 0.553E-09 0.518E-09 0.169E-09 0.000E+00 0.000E+00
    53.0 0.000E+00 0.000E+00 0.000E+00 0.000E+00 0.000E+00 0.663E-09 0.350E-09 0.000E+00 0.000E+00 0.000E+00
    54.0 0.000E+00 0.000E+00 0.000E+00 0.000E+00 0.000E+00 0.728E-09 0.236E-09 0.000E+00 0.000E+00 0.000E+00
    55.0 0.000E+00 0.000E+00 0.000E+00 0.000E+00 0.398E-15 0.745E-09 0.156E-09 0.000E+00 0.000E+00 0.000E+00

  E*/MeV   182Po     183Po     184Po     185Po     186Po     187Po     188Po     189Po     190Po     191Po  
    40.0 0.000E+00 0.000E+00 0.000E+00 0.000E+00 0.000E+00 0.000E+00 0.126E-10 0.257E-06 0.328E-08 0.000E+00
    41.0 0.000E+00 0.000E+00 0.000E+00 0.000E+00 0.000E+00 0.000E+00 0.391E-10 0.220E-06 0.110E-08 0.000E+00
    42.0 0.000E+00 0.000E+00 0.000E+00 0.000E+00 0.000E+00 0.000E+00 0.987E-10 0.179E-06 0.436E-09 0.000E+00
    43.0 0.000E+00 0.000E+00 0.000E+00 0.000E+00 0.000E+00 0.000E+00 0.208E-09 0.140E-06 0.000E+00 0.000E+00
    44.0 0.000E+00 0.000E+00 0.000E+00 0.000E+00 0.000E+00 0.000E+00 0.374E-09 0.106E-06 0.000E+00 0.000E+00
    45.0 0.000E+00 0.000E+00 0.000E+00 0.000E+00 0.000E+00 0.000E+00 0.586E-09 0.785E-07 0.000E+00 0.000E+00
    46.0 0.000E+00 0.000E+00 0.000E+00 0.000E+00 0.000E+00 0.000E+00 0.817E-09 0.565E-07 0.000E+00 0.000E+00
    47.0 0.000E+00 0.000E+00 0.000E+00 0.000E+00 0.000E+00 0.000E+00 0.103E-08 0.399E-07 0.000E+00 0.000E+00
    48.0 0.000E+00 0.000E+00 0.000E+00 0.000E+00 0.000E+00 0.000E+00 0.119E-08 0.277E-07 0.000E+00 0.000E+00
    49.0 0.000E+00 0.000E+00 0.000E+00 0.000E+00 0.000E+00 0.221E-14 0.128E-08 0.190E-07 0.000E+00 0.000E+00
    50.0 0.000E+00 0.000E+00 0.000E+00 0.000E+00 0.000E+00 0.136E-13 0.129E-08 0.129E-07 0.000E+00 0.000E+00
    51.0 0.000E+00 0.000E+00 0.000E+00 0.000E+00 0.000E+00 0.670E-13 0.124E-08 0.868E-08 0.000E+00 0.000E+00
    52.0 0.000E+00 0.000E+00 0.000E+00 0.000E+00 0.000E+00 0.270E-12 0.113E-08 0.579E-08 0.000E+00 0.000E+00
    53.0 0.000E+00 0.000E+00 0.000E+00 0.000E+00 0.000E+00 0.903E-12 0.998E-09 0.383E-08 0.000E+00 0.000E+00
    54.0 0.000E+00 0.000E+00 0.000E+00 0.000E+00 0.000E+00 0.255E-11 0.849E-09 0.252E-08 0.000E+00 0.000E+00
    55.0 0.000E+00 0.000E+00 0.000E+00 0.000E+00 0.000E+00 0.620E-11 0.702E-09 0.163E-08 0.000E+00 0.000E+00

  E*/MeV   181Bi     182Bi     183Bi     184Bi     185Bi     186Bi     187Bi     188Bi     189Bi     190Bi  
    40.0 0.000E+00 0.000E+00 0.000E+00 0.000E+00 0.000E+00 0.365E-06 0.290E-06 0.251E-07 0.310E-05 0.794E-06
    41.0 0.000E+00 0.000E+00 0.000E+00 0.000E+00 0.151E-11 0.470E-06 0.184E-06 0.150E-07 0.262E-05 0.506E-06
    42.0 0.000E+00 0.000E+00 0.000E+00 0.000E+00 0.668E-11 0.549E-06 0.115E-06 0.128E-07 0.213E-05 0.319E-06
    43.0 0.000E+00 0.000E+00 0.000E+00 0.000E+00 0.243E-10 0.588E-06 0.708E-07 0.228E-07 0.167E-05 0.200E-06
    44.0 0.000E+00 0.000E+00 0.000E+00 0.000E+00 0.753E-10 0.583E-06 0.432E-07 0.493E-07 0.127E-05 0.124E-06
    45.0 0.000E+00 0.000E+00 0.000E+00 0.000E+00 0.204E-09 0.542E-06 0.261E-07 0.811E-07 0.936E-06 0.761E-07
    46.0 0.000E+00 0.000E+00 0.000E+00 0.000E+00 0.486E-09 0.476E-06 0.156E-07 0.155E-06 0.676E-06 0.463E-07
    47.0 0.000E+00 0.000E+00 0.000E+00 0.000E+00 0.103E-08 0.400E-06 0.922E-08 0.226E-06 0.478E-06 0.279E-07
    48.0 0.000E+00 0.000E+00 0.000E+00 0.000E+00 0.195E-08 0.322E-06 0.536E-08 0.303E-06 0.333E-06 0.165E-07
    49.0 0.000E+00 0.000E+00 0.000E+00 0.000E+00 0.332E-08 0.251E-06 0.293E-08 0.377E-06 0.228E-06 0.951E-08
    50.0 0.000E+00 0.000E+00 0.000E+00 0.000E+00 0.508E-08 0.190E-06 0.121E-08 0.441E-06 0.155E-06 0.498E-08
    51.0 0.000E+00 0.000E+00 0.000E+00 0.000E+00 0.706E-08 0.141E-06 0.230E-09 0.484E-06 0.104E-06 0.102E-08
    52.0 0.000E+00 0.000E+00 0.000E+00 0.000E+00 0.897E-08 0.102E-06 0.614E-10 0.506E-06 0.690E-07 0.553E-09
    53.0 0.000E+00 0.000E+00 0.000E+00 0.000E+00 0.105E-07 0.729E-07 0.109E-09 0.504E-06 0.455E-07 0.299E-09
    54.0 0.000E+00 0.000E+00 0.000E+00 0.000E+00 0.115E-07 0.512E-07 0.331E-09 0.480E-06 0.299E-07 0.183E-09
    55.0 0.000E+00 0.000E+00 0.000E+00 0.180E-12 0.119E-07 0.356E-07 0.711E-09 0.441E-06 0.195E-07 0.000E+00

  E*/MeV   180Pb     181Pb     182Pb     183Pb     184Pb     185Pb     186Pb     187Pb     188Pb     189Pb  
    40.0 0.000E+00 0.000E+00 0.000E+00 0.000E+00 0.000E+00 0.543E-08 0.301E-05 0.162E-05 0.102E-06 0.410E-05
    41.0 0.000E+00 0.000E+00 0.000E+00 0.000E+00 0.000E+00 0.903E-08 0.281E-05 0.105E-05 0.161E-06 0.362E-05
    42.0 0.000E+00 0.000E+00 0.000E+00 0.000E+00 0.000E+00 0.144E-07 0.249E-05 0.678E-06 0.236E-06 0.309E-05
    43.0 0.000E+00 0.000E+00 0.000E+00 0.000E+00 0.000E+00 0.228E-07 0.210E-05 0.430E-06 0.325E-06 0.254E-05
    44.0 0.000E+00 0.000E+00 0.000E+00 0.000E+00 0.000E+00 0.359E-07 0.171E-05 0.271E-06 0.419E-06 0.203E-05
    45.0 0.000E+00 0.000E+00 0.000E+00 0.000E+00 0.000E+00 0.562E-07 0.134E-05 0.168E-06 0.509E-06 0.158E-05
    46.0 0.000E+00 0.000E+00 0.000E+00 0.000E+00 0.348E-12 0.858E-07 0.102E-05 0.104E-06 0.585E-06 0.120E-05
    47.0 0.000E+00 0.000E+00 0.000E+00 0.000E+00 0.103E-11 0.126E-06 0.753E-06 0.642E-07 0.639E-06 0.893E-06
    48.0 0.000E+00 0.000E+00 0.000E+00 0.000E+00 0.285E-11 0.175E-06 0.545E-06 0.399E-07 0.665E-06 0.652E-06
    49.0 0.000E+00 0.000E+00 0.000E+00 0.000E+00 0.745E-11 0.230E-06 0.387E-06 0.258E-07 0.663E-06 0.468E-06
    50.0 0.000E+00 0.000E+00 0.000E+00 0.000E+00 0.187E-10 0.286E-06 0.271E-06 0.182E-07 0.635E-06 0.331E-06
    51.0 0.000E+00 0.000E+00 0.000E+00 0.000E+00 0.447E-10 0.336E-06 0.187E-06 0.153E-07 0.587E-06 0.231E-06
    52.0 0.000E+00 0.000E+00 0.000E+00 0.000E+00 0.102E-09 0.374E-06 0.127E-06 0.160E-07 0.525E-06 0.160E-06
    53.0 0.000E+00 0.000E+00 0.000E+00 0.000E+00 0.220E-09 0.395E-06 0.856E-07 0.194E-07 0.456E-06 0.109E-06
    54.0 0.000E+00 0.000E+00 0.000E+00 0.000E+00 0.444E-09 0.400E-06 0.571E-07 0.258E-07 0.386E-06 0.740E-07
    55.0 0.000E+00 0.000E+00 0.000E+00 0.000E+00 0.838E-09 0.387E-06 0.379E-07 0.356E-07 0.319E-06 0.498E-07

 Z-Verteilung  
 E*/MeV     Pb         Bi         Po         At  
   40.0  0.883E-05 0.457E-05 0.260E-06 0.737E-07
   41.0  0.766E-05 0.380E-05 0.221E-06 0.541E-07
   42.0  0.650E-05 0.313E-05 0.180E-06 0.395E-07
   43.0  0.542E-05 0.255E-05 0.141E-06 0.283E-07
   44.0  0.446E-05 0.207E-05 0.107E-06 0.199E-07
   45.0  0.365E-05 0.166E-05 0.791E-07 0.135E-07
   46.0  0.299E-05 0.137E-05 0.573E-07 0.865E-08
   47.0  0.247E-05 0.114E-05 0.409E-07 0.547E-08
   48.0  0.208E-05 0.982E-06 0.289E-07 0.361E-08
   49.0  0.177E-05 0.872E-06 0.203E-07 0.252E-08
   50.0  0.154E-05 0.797E-06 0.142E-07 0.185E-08
   51.0  0.136E-05 0.737E-06 0.992E-08 0.146E-08
   52.0  0.120E-05 0.686E-06 0.693E-08 0.124E-08
   53.0  0.107E-05 0.633E-06 0.483E-08 0.101E-08
   54.0  0.943E-06 0.573E-06 0.337E-08 0.964E-09
   55.0  0.831E-06 0.509E-06 0.234E-08 0.901E-09

 Z und A Mittelwerte    
   E*/MeV     MW.Z  St.Abw.Z      MW.A  St.Abw.A
    40.0     82.39      0.55    188.04      1.38
    41.0     82.38      0.55    187.98      1.40
    42.0     82.37      0.54    187.92      1.42
    43.0     82.36      0.53    187.86      1.42
    44.0     82.35      0.53    187.80      1.42
    45.0     82.34      0.52    187.75      1.41
    46.0     82.34      0.51    187.70      1.39
    47.0     82.34      0.51    187.65      1.37
    48.0     82.34      0.50    187.59      1.36
    49.0     82.34      0.50    187.52      1.35
    50.0     82.35      0.50    187.45      1.35
    51.0     82.36      0.49    187.36      1.36
    52.0     82.37      0.49    187.27      1.38
    53.0     82.38      0.49    187.18      1.40
    54.0     82.38      0.49    187.10      1.41
    55.0     82.38      0.49    187.02      1.42

 HIVAP  CASOUT

   93Nb 99Ru 192At IFUS10 barfac0.40 sigr3.0 17/04/2023 13:48 Sitarcik  


     E_lab  A*MeV   E*/MeV     SI_fus      SI_VR     SI_Spalt  L_krit     b_Spalt

   452.738    4.87    56.0  0.2423E+03  0.1171E-05  0.2345E+03    65.0       96.77
   454.678    4.89    57.0  0.2427E+03  0.1012E-05  0.2348E+03    65.0       96.77
   456.617    4.91    58.0  0.2427E+03  0.8654E-06  0.2349E+03    65.0       96.76
   458.557    4.93    59.0  0.2425E+03  0.7347E-06  0.2347E+03    65.0       96.77
   460.496    4.95    60.0  0.2421E+03  0.6191E-06  0.2343E+03    65.0       96.77
   462.435    4.97    61.0  0.2416E+03  0.5213E-06  0.2338E+03    65.0       96.78
   464.375    4.99    62.0  0.2409E+03  0.4322E-06  0.2332E+03    65.0       96.79
   466.314    5.01    63.0  0.2402E+03  0.3536E-06  0.2325E+03    65.0       96.80
   468.253    5.03    64.0  0.2394E+03  0.2920E-06  0.2317E+03    65.0       96.81
   470.193    5.06    65.0  0.2385E+03  0.2423E-06  0.2309E+03    65.0       96.82
   472.132    5.08    66.0  0.2376E+03  0.2138E-06  0.2301E+03    65.0       96.84
   474.072    5.10    67.0  0.2366E+03  0.1877E-06  0.2292E+03    65.0       96.85
   476.011    5.12    68.0  0.2357E+03  0.1636E-06  0.2283E+03    65.0       96.87
   477.950    5.14    69.0  0.2348E+03  0.1417E-06  0.2274E+03    65.0       96.89
   479.890    5.16    70.0  0.2338E+03  0.1215E-06  0.2266E+03    65.0       96.91
   481.829    5.18    71.0  0.2329E+03  0.1034E-06  0.2257E+03    65.0       96.92

     Querschnitte / mbarn

  E*/MeV   183At     184At     185At     186At     187At     188At     189At     190At     191At     192At  
    56.0 0.000E+00 0.000E+00 0.000E+00 0.000E+00 0.349E-14 0.720E-09 0.104E-09 0.000E+00 0.000E+00 0.000E+00
    57.0 0.000E+00 0.000E+00 0.000E+00 0.000E+00 0.196E-13 0.663E-09 0.571E-10 0.000E+00 0.000E+00 0.000E+00
    58.0 0.000E+00 0.000E+00 0.000E+00 0.000E+00 0.764E-13 0.587E-09 0.200E-10 0.000E+00 0.000E+00 0.000E+00
    59.0 0.000E+00 0.000E+00 0.000E+00 0.000E+00 0.220E-12 0.502E-09 0.969E-11 0.000E+00 0.000E+00 0.000E+00
    60.0 0.000E+00 0.000E+00 0.000E+00 0.000E+00 0.498E-12 0.417E-09 0.688E-11 0.000E+00 0.000E+00 0.000E+00
    61.0 0.000E+00 0.000E+00 0.000E+00 0.000E+00 0.933E-12 0.339E-09 0.481E-11 0.000E+00 0.000E+00 0.000E+00
    62.0 0.000E+00 0.000E+00 0.000E+00 0.000E+00 0.151E-11 0.269E-09 0.000E+00 0.000E+00 0.000E+00 0.000E+00
    63.0 0.000E+00 0.000E+00 0.000E+00 0.000E+00 0.216E-11 0.210E-09 0.000E+00 0.000E+00 0.000E+00 0.000E+00
    64.0 0.000E+00 0.000E+00 0.000E+00 0.000E+00 0.281E-11 0.161E-09 0.000E+00 0.000E+00 0.000E+00 0.000E+00
    65.0 0.000E+00 0.000E+00 0.000E+00 0.000E+00 0.337E-11 0.122E-09 0.000E+00 0.000E+00 0.000E+00 0.000E+00
    66.0 0.000E+00 0.000E+00 0.000E+00 0.000E+00 0.380E-11 0.910E-10 0.000E+00 0.000E+00 0.000E+00 0.000E+00
    67.0 0.000E+00 0.000E+00 0.000E+00 0.000E+00 0.405E-11 0.673E-10 0.000E+00 0.000E+00 0.000E+00 0.000E+00
    68.0 0.000E+00 0.000E+00 0.000E+00 0.617E-17 0.412E-11 0.493E-10 0.000E+00 0.000E+00 0.000E+00 0.000E+00
    69.0 0.000E+00 0.000E+00 0.000E+00 0.466E-16 0.403E-11 0.358E-10 0.000E+00 0.000E+00 0.000E+00 0.000E+00
    70.0 0.000E+00 0.000E+00 0.000E+00 0.252E-15 0.380E-11 0.258E-10 0.000E+00 0.000E+00 0.000E+00 0.000E+00
    71.0 0.000E+00 0.000E+00 0.000E+00 0.103E-14 0.348E-11 0.184E-10 0.000E+00 0.000E+00 0.000E+00 0.000E+00

  E*/MeV   182Po     183Po     184Po     185Po     186Po     187Po     188Po     189Po     190Po     191Po  
    56.0 0.000E+00 0.000E+00 0.000E+00 0.000E+00 0.000E+00 0.131E-10 0.566E-09 0.105E-08 0.000E+00 0.000E+00
    57.0 0.000E+00 0.000E+00 0.000E+00 0.000E+00 0.000E+00 0.245E-10 0.447E-09 0.611E-09 0.000E+00 0.000E+00
    58.0 0.000E+00 0.000E+00 0.000E+00 0.000E+00 0.000E+00 0.411E-10 0.346E-09 0.180E-09 0.000E+00 0.000E+00
    59.0 0.000E+00 0.000E+00 0.000E+00 0.000E+00 0.000E+00 0.624E-10 0.263E-09 0.456E-10 0.000E+00 0.000E+00
    60.0 0.000E+00 0.000E+00 0.000E+00 0.000E+00 0.000E+00 0.871E-10 0.197E-09 0.320E-10 0.000E+00 0.000E+00
    61.0 0.000E+00 0.000E+00 0.000E+00 0.000E+00 0.240E-16 0.113E-09 0.146E-09 0.000E+00 0.000E+00 0.000E+00
    62.0 0.000E+00 0.000E+00 0.000E+00 0.000E+00 0.234E-15 0.136E-09 0.107E-09 0.000E+00 0.000E+00 0.000E+00
    63.0 0.000E+00 0.000E+00 0.000E+00 0.000E+00 0.914E-15 0.156E-09 0.772E-10 0.000E+00 0.000E+00 0.000E+00
    64.0 0.000E+00 0.000E+00 0.000E+00 0.000E+00 0.298E-14 0.169E-09 0.545E-10 0.000E+00 0.000E+00 0.000E+00
    65.0 0.000E+00 0.000E+00 0.000E+00 0.000E+00 0.832E-14 0.176E-09 0.382E-10 0.000E+00 0.000E+00 0.000E+00
    66.0 0.000E+00 0.000E+00 0.000E+00 0.000E+00 0.201E-13 0.176E-09 0.254E-10 0.000E+00 0.000E+00 0.000E+00
    67.0 0.000E+00 0.000E+00 0.000E+00 0.000E+00 0.429E-13 0.170E-09 0.122E-10 0.000E+00 0.000E+00 0.000E+00
    68.0 0.000E+00 0.000E+00 0.000E+00 0.000E+00 0.819E-13 0.159E-09 0.309E-11 0.000E+00 0.000E+00 0.000E+00
    69.0 0.000E+00 0.000E+00 0.000E+00 0.000E+00 0.141E-12 0.145E-09 0.000E+00 0.000E+00 0.000E+00 0.000E+00
    70.0 0.000E+00 0.000E+00 0.000E+00 0.000E+00 0.224E-12 0.129E-09 0.000E+00 0.000E+00 0.000E+00 0.000E+00
    71.0 0.000E+00 0.000E+00 0.000E+00 0.000E+00 0.328E-12 0.112E-09 0.000E+00 0.000E+00 0.000E+00 0.000E+00

  E*/MeV   181Bi     182Bi     183Bi     184Bi     185Bi     186Bi     187Bi     188Bi     189Bi     190Bi  
    56.0 0.000E+00 0.000E+00 0.000E+00 0.609E-12 0.116E-07 0.245E-07 0.242E-08 0.390E-06 0.126E-07 0.000E+00
    57.0 0.000E+00 0.000E+00 0.000E+00 0.181E-11 0.109E-07 0.167E-07 0.440E-08 0.336E-06 0.808E-08 0.000E+00
    58.0 0.000E+00 0.000E+00 0.000E+00 0.482E-11 0.978E-08 0.113E-07 0.652E-08 0.280E-06 0.515E-08 0.000E+00
    59.0 0.000E+00 0.000E+00 0.000E+00 0.115E-10 0.849E-08 0.757E-08 0.875E-08 0.225E-06 0.320E-08 0.000E+00
    60.0 0.000E+00 0.000E+00 0.000E+00 0.250E-10 0.716E-08 0.505E-08 0.112E-07 0.174E-06 0.184E-08 0.000E+00
    61.0 0.000E+00 0.000E+00 0.000E+00 0.491E-10 0.588E-08 0.336E-08 0.133E-07 0.129E-06 0.910E-09 0.000E+00
    62.0 0.000E+00 0.000E+00 0.000E+00 0.881E-10 0.473E-08 0.222E-08 0.152E-07 0.859E-07 0.978E-10 0.000E+00
    63.0 0.000E+00 0.000E+00 0.000E+00 0.145E-09 0.373E-08 0.146E-08 0.163E-07 0.461E-07 0.000E+00 0.000E+00
    64.0 0.000E+00 0.000E+00 0.000E+00 0.221E-09 0.289E-08 0.964E-09 0.167E-07 0.188E-07 0.000E+00 0.000E+00
    65.0 0.000E+00 0.000E+00 0.000E+00 0.311E-09 0.220E-08 0.637E-09 0.166E-07 0.000E+00 0.000E+00 0.000E+00
    66.0 0.000E+00 0.000E+00 0.216E-14 0.410E-09 0.166E-08 0.430E-09 0.158E-07 0.000E+00 0.000E+00 0.000E+00
    67.0 0.000E+00 0.000E+00 0.744E-14 0.508E-09 0.123E-08 0.302E-09 0.147E-07 0.000E+00 0.000E+00 0.000E+00
    68.0 0.000E+00 0.000E+00 0.227E-13 0.595E-09 0.909E-09 0.235E-09 0.134E-07 0.000E+00 0.000E+00 0.000E+00
    69.0 0.000E+00 0.000E+00 0.620E-13 0.662E-09 0.664E-09 0.210E-09 0.118E-07 0.000E+00 0.000E+00 0.000E+00
    70.0 0.000E+00 0.000E+00 0.153E-12 0.706E-09 0.481E-09 0.267E-09 0.977E-08 0.000E+00 0.000E+00 0.000E+00
    71.0 0.000E+00 0.000E+00 0.344E-12 0.723E-09 0.346E-09 0.368E-09 0.815E-08 0.000E+00 0.000E+00 0.000E+00

  E*/MeV   180Pb     181Pb     182Pb     183Pb     184Pb     185Pb     186Pb     187Pb     188Pb     189Pb  
    56.0 0.000E+00 0.000E+00 0.000E+00 0.000E+00 0.148E-08 0.362E-06 0.249E-07 0.479E-07 0.258E-06 0.332E-07
    57.0 0.000E+00 0.000E+00 0.000E+00 0.000E+00 0.242E-08 0.326E-06 0.163E-07 0.620E-07 0.205E-06 0.220E-07
    58.0 0.000E+00 0.000E+00 0.000E+00 0.840E-13 0.372E-08 0.286E-06 0.106E-07 0.771E-07 0.160E-06 0.145E-07
    59.0 0.000E+00 0.000E+00 0.000E+00 0.251E-12 0.535E-08 0.244E-06 0.689E-08 0.919E-07 0.123E-06 0.948E-08
    60.0 0.000E+00 0.000E+00 0.000E+00 0.664E-12 0.723E-08 0.203E-06 0.449E-08 0.105E-06 0.933E-07 0.616E-08
    61.0 0.000E+00 0.000E+00 0.000E+00 0.157E-11 0.923E-08 0.165E-06 0.297E-08 0.116E-06 0.699E-07 0.397E-08
    62.0 0.000E+00 0.000E+00 0.000E+00 0.336E-11 0.112E-07 0.132E-06 0.202E-08 0.124E-06 0.517E-07 0.253E-08
    63.0 0.000E+00 0.000E+00 0.000E+00 0.655E-11 0.128E-07 0.104E-06 0.158E-08 0.128E-06 0.379E-07 0.159E-08
    64.0 0.000E+00 0.000E+00 0.000E+00 0.118E-10 0.141E-07 0.805E-07 0.151E-08 0.127E-06 0.276E-07 0.974E-09
    65.0 0.000E+00 0.000E+00 0.000E+00 0.201E-10 0.149E-07 0.615E-07 0.172E-08 0.124E-06 0.198E-07 0.556E-09
    66.0 0.000E+00 0.000E+00 0.000E+00 0.327E-10 0.152E-07 0.464E-07 0.223E-08 0.117E-06 0.142E-07 0.305E-09
    67.0 0.000E+00 0.000E+00 0.000E+00 0.519E-10 0.149E-07 0.346E-07 0.301E-08 0.108E-06 0.101E-07 0.138E-09
    68.0 0.000E+00 0.000E+00 0.000E+00 0.807E-10 0.142E-07 0.256E-07 0.394E-08 0.974E-07 0.708E-08 0.000E+00
    69.0 0.000E+00 0.000E+00 0.000E+00 0.124E-09 0.132E-07 0.188E-07 0.501E-08 0.861E-07 0.495E-08 0.000E+00
    70.0 0.000E+00 0.000E+00 0.000E+00 0.187E-09 0.119E-07 0.137E-07 0.616E-08 0.748E-07 0.343E-08 0.000E+00
    71.0 0.000E+00 0.000E+00 0.000E+00 0.275E-09 0.105E-07 0.986E-08 0.726E-08 0.634E-07 0.237E-08 0.000E+00

 Z-Verteilung  
 E*/MeV     Pb         Bi         Po         At  
   56.0  0.727E-06 0.441E-06 0.162E-08 0.824E-09
   57.0  0.634E-06 0.376E-06 0.108E-08 0.720E-09
   58.0  0.552E-06 0.312E-06 0.567E-09 0.607E-09
   59.0  0.480E-06 0.253E-06 0.371E-09 0.512E-09
   60.0  0.420E-06 0.199E-06 0.316E-09 0.425E-09
   61.0  0.368E-06 0.153E-06 0.259E-09 0.344E-09
   62.0  0.324E-06 0.108E-06 0.243E-09 0.270E-09
   63.0  0.285E-06 0.677E-07 0.233E-09 0.212E-09
   64.0  0.252E-06 0.396E-07 0.224E-09 0.164E-09
   65.0  0.222E-06 0.198E-07 0.214E-09 0.125E-09
   66.0  0.195E-06 0.183E-07 0.201E-09 0.948E-10
   67.0  0.171E-06 0.168E-07 0.182E-09 0.713E-10
   68.0  0.148E-06 0.151E-07 0.162E-09 0.534E-10
   69.0  0.128E-06 0.133E-07 0.145E-09 0.398E-10
   70.0  0.110E-06 0.112E-07 0.129E-09 0.296E-10
   71.0  0.937E-07 0.958E-08 0.112E-09 0.219E-10

 Z und A Mittelwerte    
   E*/MeV     MW.Z  St.Abw.Z      MW.A  St.Abw.A
    56.0     82.38      0.49    186.95      1.43
    57.0     82.38      0.49    186.89      1.43
    58.0     82.36      0.49    186.83      1.42
    59.0     82.35      0.48    186.78      1.40
    60.0     82.32      0.47    186.73      1.37
    61.0     82.30      0.46    186.68      1.34
    62.0     82.25      0.44    186.61      1.30
    63.0     82.19      0.40    186.52      1.26
    64.0     82.14      0.35    186.44      1.20
    65.0     82.08      0.29    186.36      1.15
    66.0     82.09      0.29    186.39      1.13
    67.0     82.09      0.30    186.41      1.11
    68.0     82.10      0.30    186.42      1.10
    69.0     82.10      0.30    186.43      1.09
    70.0     82.10      0.30    186.43      1.08
    71.0     82.10      0.30    186.41      1.08

 HIVAP  CASOUT

   93Nb 99Ru 192At IFUS10 barfac0.40 sigr3.0 17/04/2023 13:48 Sitarcik  


     E_lab  A*MeV   E*/MeV     SI_fus      SI_VR     SI_Spalt  L_krit     b_Spalt

   483.769    5.20    72.0  0.2319E+03  0.8710E-07  0.2248E+03    65.0       96.94
   485.708    5.22    73.0  0.2310E+03  0.7199E-07  0.2240E+03    65.0       96.96
   487.647    5.24    74.0  0.2301E+03  0.5927E-07  0.2231E+03    65.0       96.97
   489.587    5.26    75.0  0.2292E+03  0.4829E-07  0.2223E+03    65.0       96.99
   491.526    5.29    76.0  0.2283E+03  0.3893E-07  0.2214E+03    65.0       97.01
   493.466    5.31    77.0  0.2274E+03  0.2942E-07  0.2206E+03    65.0       97.03
   495.405    5.33    78.0  0.2265E+03  0.2007E-07  0.2198E+03    65.0       97.04
   497.344    5.35    79.0  0.2256E+03  0.1709E-07  0.2190E+03    65.0       97.06
   499.284    5.37    80.0  0.2247E+03  0.1429E-07  0.2182E+03    65.0       97.08
   501.223    5.39    81.0  0.2239E+03  0.1308E-07  0.2174E+03    65.0       97.10
   503.163    5.41    82.0  0.2230E+03  0.1196E-07  0.2166E+03    65.0       97.12
   505.102    5.43    83.0  0.2221E+03  0.1079E-07  0.2158E+03    65.0       97.14
   507.041    5.45    84.0  0.2213E+03  0.9499E-08  0.2150E+03    65.0       97.16
   508.981    5.47    85.0  0.2204E+03  0.1516E+01  0.2109E+03    65.0       95.69
   510.920    5.49    86.0  0.2196E+03  0.1477E+01  0.2101E+03    65.0       95.66
   512.860    5.51    87.0  0.2188E+03  0.1440E+01  0.2092E+03    65.0       95.63

     Querschnitte / mbarn

  E*/MeV   183At     184At     185At     186At     187At     188At     189At     190At     191At     192At  
    72.0 0.000E+00 0.000E+00 0.000E+00 0.332E-14 0.311E-11 0.131E-10 0.000E+00 0.000E+00 0.000E+00 0.000E+00
    73.0 0.000E+00 0.000E+00 0.000E+00 0.875E-14 0.271E-11 0.926E-11 0.000E+00 0.000E+00 0.000E+00 0.000E+00
    74.0 0.000E+00 0.000E+00 0.000E+00 0.195E-13 0.232E-11 0.634E-11 0.000E+00 0.000E+00 0.000E+00 0.000E+00
    75.0 0.000E+00 0.000E+00 0.000E+00 0.376E-13 0.195E-11 0.412E-11 0.000E+00 0.000E+00 0.000E+00 0.000E+00
    76.0 0.000E+00 0.000E+00 0.000E+00 0.646E-13 0.161E-11 0.184E-11 0.000E+00 0.000E+00 0.000E+00 0.000E+00
    77.0 0.000E+00 0.000E+00 0.000E+00 0.100E-12 0.131E-11 0.257E-12 0.000E+00 0.000E+00 0.000E+00 0.000E+00
    78.0 0.000E+00 0.000E+00 0.000E+00 0.143E-12 0.105E-11 0.000E+00 0.000E+00 0.000E+00 0.000E+00 0.000E+00
    79.0 0.000E+00 0.000E+00 0.000E+00 0.190E-12 0.836E-12 0.000E+00 0.000E+00 0.000E+00 0.000E+00 0.000E+00
    80.0 0.000E+00 0.000E+00 0.892E-19 0.238E-12 0.657E-12 0.000E+00 0.000E+00 0.000E+00 0.000E+00 0.000E+00
    81.0 0.000E+00 0.000E+00 0.468E-18 0.282E-12 0.512E-12 0.000E+00 0.000E+00 0.000E+00 0.000E+00 0.000E+00
    82.0 0.000E+00 0.000E+00 0.191E-17 0.319E-12 0.394E-12 0.000E+00 0.000E+00 0.000E+00 0.000E+00 0.000E+00
    83.0 0.000E+00 0.000E+00 0.629E-17 0.347E-12 0.302E-12 0.000E+00 0.000E+00 0.000E+00 0.000E+00 0.000E+00
    84.0 0.000E+00 0.000E+00 0.173E-16 0.364E-12 0.227E-12 0.000E+00 0.000E+00 0.000E+00 0.000E+00 0.000E+00
    85.0 0.000E+00 0.000E+00 0.000E+00 0.000E+00 0.168E-12 0.000E+00 0.000E+00 0.000E+00 0.000E+00 0.152E+01
    86.0 0.000E+00 0.000E+00 0.000E+00 0.000E+00 0.118E-12 0.000E+00 0.000E+00 0.000E+00 0.000E+00 0.148E+01
    87.0 0.000E+00 0.000E+00 0.000E+00 0.000E+00 0.717E-13 0.000E+00 0.000E+00 0.000E+00 0.000E+00 0.144E+01

  E*/MeV   182Po     183Po     184Po     185Po     186Po     187Po     188Po     189Po     190Po     191Po  
    72.0 0.000E+00 0.000E+00 0.000E+00 0.000E+00 0.448E-12 0.955E-10 0.000E+00 0.000E+00 0.000E+00 0.000E+00
    73.0 0.000E+00 0.000E+00 0.000E+00 0.000E+00 0.577E-12 0.802E-10 0.000E+00 0.000E+00 0.000E+00 0.000E+00
    74.0 0.000E+00 0.000E+00 0.000E+00 0.000E+00 0.704E-12 0.663E-10 0.000E+00 0.000E+00 0.000E+00 0.000E+00
    75.0 0.000E+00 0.000E+00 0.000E+00 0.146E-16 0.819E-12 0.541E-10 0.000E+00 0.000E+00 0.000E+00 0.000E+00
    76.0 0.000E+00 0.000E+00 0.000E+00 0.533E-16 0.913E-12 0.436E-10 0.000E+00 0.000E+00 0.000E+00 0.000E+00
    77.0 0.000E+00 0.000E+00 0.000E+00 0.168E-15 0.982E-12 0.348E-10 0.000E+00 0.000E+00 0.000E+00 0.000E+00
    78.0 0.000E+00 0.000E+00 0.000E+00 0.468E-15 0.102E-11 0.274E-10 0.000E+00 0.000E+00 0.000E+00 0.000E+00
    79.0 0.000E+00 0.000E+00 0.000E+00 0.116E-14 0.103E-11 0.215E-10 0.000E+00 0.000E+00 0.000E+00 0.000E+00
    80.0 0.000E+00 0.000E+00 0.000E+00 0.257E-14 0.101E-11 0.167E-10 0.000E+00 0.000E+00 0.000E+00 0.000E+00
    81.0 0.000E+00 0.000E+00 0.000E+00 0.519E-14 0.966E-12 0.129E-10 0.000E+00 0.000E+00 0.000E+00 0.000E+00
    82.0 0.000E+00 0.000E+00 0.000E+00 0.962E-14 0.905E-12 0.982E-11 0.000E+00 0.000E+00 0.000E+00 0.000E+00
    83.0 0.000E+00 0.000E+00 0.000E+00 0.165E-13 0.831E-12 0.738E-11 0.000E+00 0.000E+00 0.000E+00 0.000E+00
    84.0 0.000E+00 0.000E+00 0.000E+00 0.264E-13 0.749E-12 0.549E-11 0.000E+00 0.000E+00 0.000E+00 0.000E+00
    85.0 0.000E+00 0.000E+00 0.000E+00 0.228E-13 0.570E-12 0.401E-11 0.000E+00 0.000E+00 0.000E+00 0.000E+00
    86.0 0.000E+00 0.000E+00 0.000E+00 0.331E-13 0.499E-12 0.265E-11 0.000E+00 0.000E+00 0.000E+00 0.000E+00
    87.0 0.000E+00 0.000E+00 0.533E-19 0.454E-13 0.431E-12 0.130E-11 0.000E+00 0.000E+00 0.000E+00 0.000E+00

  E*/MeV   181Bi     182Bi     183Bi     184Bi     185Bi     186Bi     187Bi     188Bi     189Bi     190Bi  
    72.0 0.000E+00 0.000E+00 0.703E-12 0.715E-09 0.247E-09 0.503E-09 0.595E-08 0.000E+00 0.000E+00 0.000E+00
    73.0 0.000E+00 0.000E+00 0.132E-11 0.685E-09 0.176E-09 0.659E-09 0.346E-08 0.000E+00 0.000E+00 0.000E+00
    74.0 0.000E+00 0.000E+00 0.227E-11 0.638E-09 0.124E-09 0.846E-09 0.150E-08 0.000E+00 0.000E+00 0.000E+00
    75.0 0.000E+00 0.000E+00 0.364E-11 0.580E-09 0.873E-10 0.103E-08 0.507E-09 0.000E+00 0.000E+00 0.000E+00
    76.0 0.000E+00 0.000E+00 0.542E-11 0.516E-09 0.607E-10 0.120E-08 0.000E+00 0.000E+00 0.000E+00 0.000E+00
    77.0 0.000E+00 0.000E+00 0.757E-11 0.449E-09 0.425E-10 0.135E-08 0.000E+00 0.000E+00 0.000E+00 0.000E+00
    78.0 0.000E+00 0.000E+00 0.997E-11 0.384E-09 0.294E-10 0.147E-08 0.000E+00 0.000E+00 0.000E+00 0.000E+00
    79.0 0.000E+00 0.000E+00 0.125E-10 0.324E-09 0.194E-10 0.154E-08 0.000E+00 0.000E+00 0.000E+00 0.000E+00
    80.0 0.000E+00 0.000E+00 0.148E-10 0.269E-09 0.140E-10 0.157E-08 0.000E+00 0.000E+00 0.000E+00 0.000E+00
    81.0 0.000E+00 0.370E-15 0.169E-10 0.220E-09 0.106E-10 0.156E-08 0.000E+00 0.000E+00 0.000E+00 0.000E+00
    82.0 0.000E+00 0.102E-14 0.186E-10 0.178E-09 0.961E-11 0.151E-08 0.000E+00 0.000E+00 0.000E+00 0.000E+00
    83.0 0.000E+00 0.256E-14 0.197E-10 0.143E-09 0.115E-10 0.144E-08 0.000E+00 0.000E+00 0.000E+00 0.000E+00
    84.0 0.000E+00 0.592E-14 0.203E-10 0.113E-09 0.150E-10 0.134E-08 0.000E+00 0.000E+00 0.000E+00 0.000E+00
    85.0 0.000E+00 0.000E+00 0.000E+00 0.000E+00 0.000E+00 0.000E+00 0.000E+00 0.000E+00 0.000E+00 0.000E+00
    86.0 0.000E+00 0.000E+00 0.000E+00 0.000E+00 0.000E+00 0.000E+00 0.000E+00 0.000E+00 0.000E+00 0.000E+00
    87.0 0.000E+00 0.000E+00 0.000E+00 0.000E+00 0.000E+00 0.000E+00 0.000E+00 0.000E+00 0.000E+00 0.000E+00

  E*/MeV   180Pb     181Pb     182Pb     183Pb     184Pb     185Pb     186Pb     187Pb     188Pb     189Pb  
    72.0 0.000E+00 0.000E+00 0.113E-13 0.392E-09 0.911E-08 0.708E-08 0.827E-08 0.531E-07 0.161E-08 0.000E+00
    73.0 0.000E+00 0.000E+00 0.259E-13 0.540E-09 0.775E-08 0.506E-08 0.908E-08 0.434E-07 0.109E-08 0.000E+00
    74.0 0.000E+00 0.000E+00 0.552E-13 0.717E-09 0.649E-08 0.361E-08 0.966E-08 0.349E-07 0.733E-09 0.000E+00
    75.0 0.000E+00 0.000E+00 0.112E-12 0.915E-09 0.535E-08 0.257E-08 0.993E-08 0.268E-07 0.478E-09 0.000E+00
    76.0 0.000E+00 0.000E+00 0.217E-12 0.112E-08 0.435E-08 0.184E-08 0.100E-07 0.195E-07 0.304E-09 0.000E+00
    77.0 0.000E+00 0.000E+00 0.408E-12 0.133E-08 0.349E-08 0.134E-08 0.983E-08 0.114E-07 0.178E-09 0.000E+00
    78.0 0.000E+00 0.000E+00 0.746E-12 0.152E-08 0.277E-08 0.101E-08 0.946E-08 0.330E-08 0.872E-10 0.000E+00
    79.0 0.000E+00 0.000E+00 0.133E-11 0.168E-08 0.218E-08 0.814E-09 0.891E-08 0.157E-08 0.904E-11 0.000E+00
    80.0 0.000E+00 0.000E+00 0.229E-11 0.181E-08 0.170E-08 0.715E-09 0.818E-08 0.000E+00 0.000E+00 0.000E+00
    81.0 0.000E+00 0.000E+00 0.381E-11 0.188E-08 0.131E-08 0.692E-09 0.737E-08 0.000E+00 0.000E+00 0.000E+00
    82.0 0.000E+00 0.000E+00 0.609E-11 0.191E-08 0.101E-08 0.728E-09 0.658E-08 0.000E+00 0.000E+00 0.000E+00
    83.0 0.000E+00 0.000E+00 0.931E-11 0.189E-08 0.765E-09 0.814E-09 0.568E-08 0.000E+00 0.000E+00 0.000E+00
    84.0 0.000E+00 0.906E-15 0.136E-10 0.183E-08 0.578E-09 0.933E-09 0.465E-08 0.000E+00 0.000E+00 0.000E+00
    85.0 0.000E+00 0.000E+00 0.000E+00 0.000E+00 0.000E+00 0.000E+00 0.000E+00 0.000E+00 0.000E+00 0.000E+00
    86.0 0.000E+00 0.000E+00 0.000E+00 0.000E+00 0.000E+00 0.000E+00 0.000E+00 0.000E+00 0.000E+00 0.000E+00
    87.0 0.000E+00 0.000E+00 0.000E+00 0.000E+00 0.000E+00 0.000E+00 0.000E+00 0.000E+00 0.000E+00 0.000E+00

 Z-Verteilung  
 E*/MeV     Pb         Bi         Po         At  
   72.0  0.796E-07 0.741E-08 0.960E-10 0.162E-10
   73.0  0.669E-07 0.498E-08 0.808E-10 0.120E-10
   74.0  0.561E-07 0.312E-08 0.670E-10 0.867E-11
   75.0  0.460E-07 0.221E-08 0.549E-10 0.610E-11
   76.0  0.371E-07 0.178E-08 0.445E-10 0.351E-11
   77.0  0.275E-07 0.185E-08 0.357E-10 0.167E-11
   78.0  0.182E-07 0.189E-08 0.285E-10 0.119E-11
   79.0  0.152E-07 0.190E-08 0.225E-10 0.103E-11
   80.0  0.124E-07 0.187E-08 0.177E-10 0.895E-12
   81.0  0.113E-07 0.181E-08 0.138E-10 0.794E-12
   82.0  0.102E-07 0.172E-08 0.107E-10 0.713E-12
   83.0  0.916E-08 0.162E-08 0.823E-11 0.648E-12
   84.0  0.800E-08 0.149E-08 0.627E-11 0.590E-12
   85.0  0.000E+00 0.000E+00 0.460E-11 0.152E+01
   86.0  0.000E+00 0.000E+00 0.319E-11 0.148E+01
   87.0  0.000E+00 0.000E+00 0.178E-11 0.144E+01

 Z und A Mittelwerte    
   E*/MeV     MW.Z  St.Abw.Z      MW.A  St.Abw.A
    72.0     82.09      0.29    186.39      1.08
    73.0     82.07      0.26    186.35      1.09
    74.0     82.06      0.24    186.30      1.11
    75.0     82.05      0.22    186.23      1.13
    76.0     82.05      0.22    186.13      1.15
    77.0     82.07      0.25    185.95      1.18
    78.0     82.10      0.30    185.58      1.17
    79.0     82.11      0.32    185.45      1.15
    80.0     82.13      0.34    185.29      1.12
    81.0     82.14      0.35    185.28      1.14
    82.0     82.15      0.36    185.26      1.17
    83.0     82.15      0.36    185.22      1.19
    84.0     82.16      0.37    185.16      1.21
    85.0     85.00      0.00    192.00      0.00
    86.0     85.00      0.00    192.00      0.00
    87.0     85.00      0.00    192.00      0.00

 HIVAP  CASOUT

   93Nb 99Ru 192At IFUS10 barfac0.40 sigr3.0 17/04/2023 13:48 Sitarcik  


     E_lab  A*MeV   E*/MeV     SI_fus      SI_VR     SI_Spalt  L_krit     b_Spalt

   514.799    5.54    88.0  0.2180E+03  0.1404E+01  0.2084E+03    65.0       95.59
   516.738    5.56    89.0  0.2171E+03  0.1369E+01  0.2075E+03    65.0       95.56
   518.678    5.58    90.0  0.2163E+03  0.1334E+01  0.2067E+03    65.0       95.53
   520.617    5.60    91.0  0.2155E+03  0.1300E+01  0.2058E+03    65.0       95.50

     Querschnitte / mbarn

  E*/MeV   183At     184At     185At     186At     187At     188At     189At     190At     191At     192At  
    88.0 0.000E+00 0.000E+00 0.000E+00 0.000E+00 0.247E-13 0.000E+00 0.000E+00 0.000E+00 0.000E+00 0.140E+01
    89.0 0.000E+00 0.000E+00 0.000E+00 0.000E+00 0.710E-14 0.000E+00 0.000E+00 0.000E+00 0.000E+00 0.137E+01
    90.0 0.000E+00 0.000E+00 0.000E+00 0.000E+00 0.000E+00 0.000E+00 0.000E+00 0.000E+00 0.000E+00 0.133E+01
    91.0 0.000E+00 0.000E+00 0.000E+00 0.000E+00 0.000E+00 0.000E+00 0.000E+00 0.000E+00 0.000E+00 0.130E+01

  E*/MeV   182Po     183Po     184Po     185Po     186Po     187Po     188Po     189Po     190Po     191Po  
    88.0 0.000E+00 0.000E+00 0.191E-18 0.594E-13 0.367E-12 0.367E-12 0.000E+00 0.000E+00 0.000E+00 0.000E+00
    89.0 0.000E+00 0.000E+00 0.597E-18 0.743E-13 0.310E-12 0.000E+00 0.000E+00 0.000E+00 0.000E+00 0.000E+00
    90.0 0.000E+00 0.000E+00 0.165E-17 0.894E-13 0.258E-12 0.000E+00 0.000E+00 0.000E+00 0.000E+00 0.000E+00
    91.0 0.000E+00 0.000E+00 0.409E-17 0.104E-12 0.212E-12 0.000E+00 0.000E+00 0.000E+00 0.000E+00 0.000E+00

  E*/MeV   181Bi     182Bi     183Bi     184Bi     185Bi     186Bi     187Bi     188Bi     189Bi     190Bi  
    88.0 0.000E+00 0.000E+00 0.000E+00 0.000E+00 0.000E+00 0.000E+00 0.000E+00 0.000E+00 0.000E+00 0.000E+00
    89.0 0.000E+00 0.000E+00 0.000E+00 0.000E+00 0.000E+00 0.000E+00 0.000E+00 0.000E+00 0.000E+00 0.000E+00
    90.0 0.000E+00 0.000E+00 0.000E+00 0.000E+00 0.000E+00 0.000E+00 0.000E+00 0.000E+00 0.000E+00 0.000E+00
    91.0 0.000E+00 0.000E+00 0.000E+00 0.000E+00 0.000E+00 0.000E+00 0.000E+00 0.000E+00 0.000E+00 0.000E+00

  E*/MeV   180Pb     181Pb     182Pb     183Pb     184Pb     185Pb     186Pb     187Pb     188Pb     189Pb  
    88.0 0.000E+00 0.000E+00 0.000E+00 0.000E+00 0.000E+00 0.000E+00 0.000E+00 0.000E+00 0.000E+00 0.000E+00
    89.0 0.000E+00 0.000E+00 0.000E+00 0.000E+00 0.000E+00 0.000E+00 0.000E+00 0.000E+00 0.000E+00 0.000E+00
    90.0 0.000E+00 0.000E+00 0.000E+00 0.000E+00 0.000E+00 0.000E+00 0.000E+00 0.000E+00 0.000E+00 0.000E+00
    91.0 0.000E+00 0.000E+00 0.000E+00 0.000E+00 0.000E+00 0.000E+00 0.000E+00 0.000E+00 0.000E+00 0.000E+00

 Z-Verteilung  
 E*/MeV     Pb         Bi         Po         At  
   88.0  0.000E+00 0.000E+00 0.794E-12 0.140E+01
   89.0  0.000E+00 0.000E+00 0.384E-12 0.137E+01
   90.0  0.000E+00 0.000E+00 0.347E-12 0.133E+01
   91.0  0.000E+00 0.000E+00 0.315E-12 0.130E+01

 Z und A Mittelwerte    
   E*/MeV     MW.Z  St.Abw.Z      MW.A  St.Abw.A
    88.0     85.00      0.00    192.00      0.00
    89.0     85.00      0.00    192.00      0.00
    90.0     85.00      0.00    192.00      0.00
    91.0     85.00      0.00    192.00      0.00
                                                                        
           



 Ende HIVAP 
