          Programm HIVAP,  Autor  W.Reisdorf   Version fuer "rzri6f" vom  7. 6. 1994

           Bearbeitung F.P.Heﬂberger
           
   93Nb 99Ru 192At IFUS10 barfac0.39 sigr3.0 26/04/2024 15:39 Sitarcik  
           

 Unterprogramm SEPENF
 Q-Wert  -177.443 MeV
 Massen aus der Datei "mlz.dat" 

         Exp. Schaleneffekte,  SHELL0=    0.00
          At  183   At  184   At  185   At  186   At  187   At  188   At  189   At  190   At  191   At  192
             -0.16     -0.96     -0.15     -0.95     -0.13     -0.92     -0.10     -0.88     -0.07     -0.87
          Po  182   Po  183   Po  184   Po  185   Po  186   Po  187   Po  188   Po  189   Po  190   Po  191
              0.25     -0.41      0.51     -0.23      0.60     -0.21      0.55     -0.34      0.34     -0.63

           BARFAC=   0.390      BAR0=   0.000

          Separationsenergien (BN,BP,BA) und Spaltbarrieren
          At  183   At  184   At  185   At  186   At  187   At  188   At  189   At  190   At  191   At  192
             12.65     10.83     12.24     10.41     11.81     10.00     11.40      9.60     11.01      9.25
             -3.05     -2.63     -2.25     -1.92     -1.64     -1.40     -1.20     -1.04     -0.93     -0.82
            -10.29     -9.93     -9.63     -9.36     -9.14     -8.96     -8.83     -8.72     -8.66     -8.59
              1.94      2.84      2.12      3.01      2.28      3.15      2.41      3.27      2.54      3.42
             -0.81     -1.62     -0.81     -1.61     -0.80     -1.60     -0.80     -1.60     -0.80     -1.59
          Po  182   Po  183   Po  184   Po  185   Po  186   Po  187   Po  188   Po  189   Po  190   Po  191
             12.21     10.41     11.86     10.08     11.54      9.75     11.20      9.44     10.89      9.14
             -1.35     -1.08     -0.82     -0.54     -0.28     -0.02      0.24      0.50      0.75      1.01
            -10.37    -10.16     -9.96     -9.74     -9.53     -9.32     -9.12     -8.90     -8.69     -8.47
              1.89      2.64      1.80      2.63      1.88      2.77      2.09      3.05      2.50      3.58
              0.00     -0.81      0.00     -0.81      0.00     -0.80      0.00     -0.80      0.00     -0.80

 benutzter Q-Wert  -177.443 MeV    effektiver Q-Wert  -177.443 MeV

 HIVAP  CASOUT

   93Nb 99Ru 192At IFUS10 barfac0.39 sigr3.0 26/04/2024 15:39 Sitarcik  


     E_lab  A*MeV   E*/MeV     SI_fus      SI_VR     SI_Spalt  L_krit     b_Spalt

   359.647    3.87     8.0  0.1378E-04  0.6380E-08  0.1378E-04     0.0       99.95
   361.587    3.89     9.0  0.7079E-04  0.2746E-07  0.7077E-04     0.0       99.96
   363.526    3.91    10.0  0.3534E-03  0.1392E-06  0.3533E-03     0.0       99.96
   365.466    3.93    11.0  0.1674E-02  0.6617E-06  0.1673E-02     0.0       99.96
   367.405    3.95    12.0  0.6929E-02  0.2505E-05  0.6927E-02     0.0       99.96
   369.344    3.97    13.0  0.2273E-01  0.6576E-05  0.2272E-01     0.0       99.97
   371.284    3.99    14.0  0.5918E-01  0.1112E-04  0.5917E-01     0.0       99.98
   373.223    4.01    15.0  0.1313E+00  0.1442E-04  0.1313E+00     0.0       99.98
   375.163    4.03    16.0  0.2639E+00  0.1591E-04  0.2638E+00     0.0       99.99
   377.102    4.05    17.0  0.4849E+00  0.1554E-04  0.4849E+00     0.0       99.99
   379.041    4.08    18.0  0.8351E+00  0.1410E-04  0.8350E+00     0.0       99.99
   380.981    4.10    19.0  0.1369E+01  0.1218E-04  0.1368E+01     0.0       99.99
   382.920    4.12    20.0  0.2149E+01  0.1020E-04  0.2149E+01     0.0       99.99
   384.860    4.14    21.0  0.3260E+01  0.8391E-05  0.3260E+01     0.0       99.98
   386.799    4.16    22.0  0.4784E+01  0.6845E-05  0.4783E+01     0.0       99.98
   388.738    4.18    23.0  0.6814E+01  0.5789E-05  0.6812E+01     0.0       99.98

     Querschnitte / mbarn

  E*/MeV   183At     184At     185At     186At     187At     188At     189At     190At     191At     192At  
     8.0 0.000E+00 0.000E+00 0.000E+00 0.000E+00 0.000E+00 0.000E+00 0.000E+00 0.000E+00 0.000E+00 0.401E-08
     9.0 0.000E+00 0.000E+00 0.000E+00 0.000E+00 0.000E+00 0.000E+00 0.000E+00 0.000E+00 0.000E+00 0.798E-08
    10.0 0.000E+00 0.000E+00 0.000E+00 0.000E+00 0.000E+00 0.000E+00 0.000E+00 0.000E+00 0.406E-09 0.146E-07
    11.0 0.000E+00 0.000E+00 0.000E+00 0.000E+00 0.000E+00 0.000E+00 0.000E+00 0.000E+00 0.257E-07 0.231E-07
    12.0 0.000E+00 0.000E+00 0.000E+00 0.000E+00 0.000E+00 0.000E+00 0.000E+00 0.000E+00 0.309E-06 0.301E-07
    13.0 0.000E+00 0.000E+00 0.000E+00 0.000E+00 0.000E+00 0.000E+00 0.000E+00 0.000E+00 0.143E-05 0.336E-07
    14.0 0.000E+00 0.000E+00 0.000E+00 0.000E+00 0.000E+00 0.000E+00 0.000E+00 0.000E+00 0.263E-05 0.342E-07
    15.0 0.000E+00 0.000E+00 0.000E+00 0.000E+00 0.000E+00 0.000E+00 0.000E+00 0.000E+00 0.339E-05 0.419E-07
    16.0 0.000E+00 0.000E+00 0.000E+00 0.000E+00 0.000E+00 0.000E+00 0.000E+00 0.000E+00 0.359E-05 0.545E-07
    17.0 0.000E+00 0.000E+00 0.000E+00 0.000E+00 0.000E+00 0.000E+00 0.000E+00 0.000E+00 0.334E-05 0.653E-07
    18.0 0.000E+00 0.000E+00 0.000E+00 0.000E+00 0.000E+00 0.000E+00 0.000E+00 0.000E+00 0.300E-05 0.726E-07
    19.0 0.000E+00 0.000E+00 0.000E+00 0.000E+00 0.000E+00 0.000E+00 0.000E+00 0.000E+00 0.267E-05 0.698E-07
    20.0 0.000E+00 0.000E+00 0.000E+00 0.000E+00 0.000E+00 0.000E+00 0.000E+00 0.000E+00 0.228E-05 0.678E-07
    21.0 0.000E+00 0.000E+00 0.000E+00 0.000E+00 0.000E+00 0.000E+00 0.000E+00 0.171E-09 0.183E-05 0.558E-07
    22.0 0.000E+00 0.000E+00 0.000E+00 0.000E+00 0.000E+00 0.000E+00 0.000E+00 0.521E-08 0.135E-05 0.000E+00
    23.0 0.000E+00 0.000E+00 0.000E+00 0.000E+00 0.000E+00 0.000E+00 0.000E+00 0.497E-07 0.995E-06 0.000E+00

  E*/MeV   182Po     183Po     184Po     185Po     186Po     187Po     188Po     189Po     190Po     191Po  
     8.0 0.000E+00 0.000E+00 0.000E+00 0.000E+00 0.000E+00 0.000E+00 0.000E+00 0.000E+00 0.000E+00 0.237E-08
     9.0 0.000E+00 0.000E+00 0.000E+00 0.000E+00 0.000E+00 0.000E+00 0.000E+00 0.000E+00 0.000E+00 0.195E-07
    10.0 0.000E+00 0.000E+00 0.000E+00 0.000E+00 0.000E+00 0.000E+00 0.000E+00 0.000E+00 0.000E+00 0.124E-06
    11.0 0.000E+00 0.000E+00 0.000E+00 0.000E+00 0.000E+00 0.000E+00 0.000E+00 0.000E+00 0.000E+00 0.613E-06
    12.0 0.000E+00 0.000E+00 0.000E+00 0.000E+00 0.000E+00 0.000E+00 0.000E+00 0.000E+00 0.000E+00 0.217E-05
    13.0 0.000E+00 0.000E+00 0.000E+00 0.000E+00 0.000E+00 0.000E+00 0.000E+00 0.000E+00 0.000E+00 0.512E-05
    14.0 0.000E+00 0.000E+00 0.000E+00 0.000E+00 0.000E+00 0.000E+00 0.000E+00 0.000E+00 0.408E-11 0.846E-05
    15.0 0.000E+00 0.000E+00 0.000E+00 0.000E+00 0.000E+00 0.000E+00 0.000E+00 0.000E+00 0.920E-10 0.110E-04
    16.0 0.000E+00 0.000E+00 0.000E+00 0.000E+00 0.000E+00 0.000E+00 0.000E+00 0.000E+00 0.103E-08 0.123E-04
    17.0 0.000E+00 0.000E+00 0.000E+00 0.000E+00 0.000E+00 0.000E+00 0.000E+00 0.000E+00 0.714E-08 0.121E-04
    18.0 0.000E+00 0.000E+00 0.000E+00 0.000E+00 0.000E+00 0.000E+00 0.000E+00 0.000E+00 0.339E-07 0.110E-04
    19.0 0.000E+00 0.000E+00 0.000E+00 0.000E+00 0.000E+00 0.000E+00 0.000E+00 0.000E+00 0.115E-06 0.933E-05
    20.0 0.000E+00 0.000E+00 0.000E+00 0.000E+00 0.000E+00 0.000E+00 0.000E+00 0.000E+00 0.295E-06 0.756E-05
    21.0 0.000E+00 0.000E+00 0.000E+00 0.000E+00 0.000E+00 0.000E+00 0.000E+00 0.000E+00 0.592E-06 0.591E-05
    22.0 0.000E+00 0.000E+00 0.000E+00 0.000E+00 0.000E+00 0.000E+00 0.000E+00 0.000E+00 0.951E-06 0.454E-05
    23.0 0.000E+00 0.000E+00 0.000E+00 0.000E+00 0.000E+00 0.000E+00 0.000E+00 0.000E+00 0.127E-05 0.347E-05

 HIVAP  CASOUT

   93Nb 99Ru 192At IFUS10 barfac0.39 sigr3.0 26/04/2024 15:39 Sitarcik  


     E_lab  A*MeV   E*/MeV     SI_fus      SI_VR     SI_Spalt  L_krit     b_Spalt

   390.678    4.20    24.0  0.9442E+01  0.5164E-05  0.9439E+01     2.0       99.98
   392.617    4.22    25.0  0.1275E+02  0.4842E-05  0.1275E+02    17.0       99.97
   394.557    4.24    26.0  0.1685E+02  0.4867E-05  0.1684E+02    24.0       99.97
   396.496    4.26    27.0  0.2177E+02  0.4846E-05  0.2177E+02    30.0       99.96
   398.435    4.28    28.0  0.2760E+02  0.4550E-05  0.2759E+02    35.0       99.96
   400.375    4.31    29.0  0.3438E+02  0.3987E-05  0.3436E+02    65.0       99.95
   402.314    4.33    30.0  0.4207E+02  0.3280E-05  0.4205E+02    65.0       99.95
   404.253    4.35    31.0  0.5069E+02  0.2573E-05  0.5066E+02    65.0       99.94
   406.193    4.37    32.0  0.6019E+02  0.1969E-05  0.6015E+02    65.0       99.94
   408.132    4.39    33.0  0.7042E+02  0.1491E-05  0.7037E+02    65.0       99.93
   410.072    4.41    34.0  0.8136E+02  0.1156E-05  0.8130E+02    65.0       99.93
   412.011    4.43    35.0  0.9279E+02  0.9296E-06  0.9271E+02    65.0       99.92
   413.950    4.45    36.0  0.1046E+03  0.7824E-06  0.1045E+03    65.0       99.91
   415.890    4.47    37.0  0.1166E+03  0.6785E-06  0.1165E+03    65.0       99.91
   417.829    4.49    38.0  0.1286E+03  0.5886E-06  0.1285E+03    65.0       99.90
   419.769    4.51    39.0  0.1405E+03  0.5048E-06  0.1404E+03    65.0       99.89

     Querschnitte / mbarn

  E*/MeV   183At     184At     185At     186At     187At     188At     189At     190At     191At     192At  
    24.0 0.000E+00 0.000E+00 0.000E+00 0.000E+00 0.000E+00 0.000E+00 0.000E+00 0.239E-06 0.779E-06 0.000E+00
    25.0 0.000E+00 0.000E+00 0.000E+00 0.000E+00 0.000E+00 0.000E+00 0.000E+00 0.723E-06 0.523E-06 0.000E+00
    26.0 0.000E+00 0.000E+00 0.000E+00 0.000E+00 0.000E+00 0.000E+00 0.000E+00 0.149E-05 0.321E-06 0.000E+00
    27.0 0.000E+00 0.000E+00 0.000E+00 0.000E+00 0.000E+00 0.000E+00 0.000E+00 0.217E-05 0.183E-06 0.000E+00
    28.0 0.000E+00 0.000E+00 0.000E+00 0.000E+00 0.000E+00 0.000E+00 0.000E+00 0.253E-05 0.988E-07 0.000E+00
    29.0 0.000E+00 0.000E+00 0.000E+00 0.000E+00 0.000E+00 0.000E+00 0.000E+00 0.254E-05 0.513E-07 0.000E+00
    30.0 0.000E+00 0.000E+00 0.000E+00 0.000E+00 0.000E+00 0.000E+00 0.000E+00 0.228E-05 0.237E-07 0.000E+00
    31.0 0.000E+00 0.000E+00 0.000E+00 0.000E+00 0.000E+00 0.000E+00 0.111E-11 0.191E-05 0.105E-07 0.000E+00
    32.0 0.000E+00 0.000E+00 0.000E+00 0.000E+00 0.000E+00 0.000E+00 0.333E-10 0.150E-05 0.558E-08 0.000E+00
    33.0 0.000E+00 0.000E+00 0.000E+00 0.000E+00 0.000E+00 0.000E+00 0.344E-09 0.113E-05 0.000E+00 0.000E+00
    34.0 0.000E+00 0.000E+00 0.000E+00 0.000E+00 0.000E+00 0.000E+00 0.181E-08 0.815E-06 0.000E+00 0.000E+00
    35.0 0.000E+00 0.000E+00 0.000E+00 0.000E+00 0.000E+00 0.000E+00 0.577E-08 0.572E-06 0.000E+00 0.000E+00
    36.0 0.000E+00 0.000E+00 0.000E+00 0.000E+00 0.000E+00 0.000E+00 0.125E-07 0.392E-06 0.000E+00 0.000E+00
    37.0 0.000E+00 0.000E+00 0.000E+00 0.000E+00 0.000E+00 0.000E+00 0.202E-07 0.265E-06 0.000E+00 0.000E+00
    38.0 0.000E+00 0.000E+00 0.000E+00 0.000E+00 0.000E+00 0.000E+00 0.264E-07 0.177E-06 0.000E+00 0.000E+00
    39.0 0.000E+00 0.000E+00 0.000E+00 0.000E+00 0.000E+00 0.000E+00 0.296E-07 0.117E-06 0.000E+00 0.000E+00

  E*/MeV   182Po     183Po     184Po     185Po     186Po     187Po     188Po     189Po     190Po     191Po  
    24.0 0.000E+00 0.000E+00 0.000E+00 0.000E+00 0.000E+00 0.000E+00 0.000E+00 0.000E+00 0.146E-05 0.268E-05
    25.0 0.000E+00 0.000E+00 0.000E+00 0.000E+00 0.000E+00 0.000E+00 0.000E+00 0.589E-12 0.149E-05 0.211E-05
    26.0 0.000E+00 0.000E+00 0.000E+00 0.000E+00 0.000E+00 0.000E+00 0.000E+00 0.106E-10 0.138E-05 0.168E-05
    27.0 0.000E+00 0.000E+00 0.000E+00 0.000E+00 0.000E+00 0.000E+00 0.000E+00 0.937E-10 0.118E-05 0.131E-05
    28.0 0.000E+00 0.000E+00 0.000E+00 0.000E+00 0.000E+00 0.000E+00 0.000E+00 0.568E-09 0.946E-06 0.974E-06
    29.0 0.000E+00 0.000E+00 0.000E+00 0.000E+00 0.000E+00 0.000E+00 0.000E+00 0.259E-08 0.726E-06 0.671E-06
    30.0 0.000E+00 0.000E+00 0.000E+00 0.000E+00 0.000E+00 0.000E+00 0.000E+00 0.911E-08 0.535E-06 0.427E-06
    31.0 0.000E+00 0.000E+00 0.000E+00 0.000E+00 0.000E+00 0.000E+00 0.000E+00 0.256E-07 0.381E-06 0.249E-06
    32.0 0.000E+00 0.000E+00 0.000E+00 0.000E+00 0.000E+00 0.000E+00 0.000E+00 0.585E-07 0.264E-06 0.142E-06
    33.0 0.000E+00 0.000E+00 0.000E+00 0.000E+00 0.000E+00 0.000E+00 0.000E+00 0.112E-06 0.178E-06 0.753E-07
    34.0 0.000E+00 0.000E+00 0.000E+00 0.000E+00 0.000E+00 0.000E+00 0.000E+00 0.181E-06 0.118E-06 0.399E-07
    35.0 0.000E+00 0.000E+00 0.000E+00 0.000E+00 0.000E+00 0.000E+00 0.000E+00 0.256E-06 0.764E-07 0.199E-07
    36.0 0.000E+00 0.000E+00 0.000E+00 0.000E+00 0.000E+00 0.000E+00 0.000E+00 0.319E-06 0.486E-07 0.107E-07
    37.0 0.000E+00 0.000E+00 0.000E+00 0.000E+00 0.000E+00 0.000E+00 0.249E-12 0.357E-06 0.302E-07 0.570E-08
    38.0 0.000E+00 0.000E+00 0.000E+00 0.000E+00 0.000E+00 0.000E+00 0.172E-11 0.366E-06 0.185E-07 0.000E+00
    39.0 0.000E+00 0.000E+00 0.000E+00 0.000E+00 0.000E+00 0.000E+00 0.851E-11 0.349E-06 0.943E-08 0.000E+00

 HIVAP  CASOUT

   93Nb 99Ru 192At IFUS10 barfac0.39 sigr3.0 26/04/2024 15:39 Sitarcik  


     E_lab  A*MeV   E*/MeV     SI_fus      SI_VR     SI_Spalt  L_krit     b_Spalt

   421.708    4.53    40.0  0.1522E+03  0.4210E-06  0.1520E+03    65.0       99.88
   423.647    4.56    41.0  0.1634E+03  0.3412E-06  0.1632E+03    65.0       99.88
   425.587    4.58    42.0  0.1740E+03  0.2680E-06  0.1738E+03    65.0       99.87
   427.526    4.60    43.0  0.1839E+03  0.2048E-06  0.1837E+03    65.0       99.86
   429.466    4.62    44.0  0.1931E+03  0.1528E-06  0.1928E+03    65.0       99.85
   431.405    4.64    45.0  0.2015E+03  0.1115E-06  0.2012E+03    65.0       99.83
   433.344    4.66    46.0  0.2090E+03  0.7966E-07  0.2087E+03    65.0       99.82
   435.284    4.68    47.0  0.2157E+03  0.5617E-07  0.2153E+03    65.0       99.81
   437.223    4.70    48.0  0.2215E+03  0.3955E-07  0.2211E+03    65.0       99.80
   439.163    4.72    49.0  0.2265E+03  0.2804E-07  0.2260E+03    65.0       99.78
   441.102    4.74    50.0  0.2307E+03  0.1992E-07  0.2301E+03    65.0       99.76
   443.041    4.76    51.0  0.2341E+03  0.1450E-07  0.2335E+03    65.0       99.75
   444.981    4.78    52.0  0.2368E+03  0.1074E-07  0.2362E+03    65.0       99.73
   446.920    4.81    53.0  0.2390E+03  0.8099E-08  0.2383E+03    65.0       99.71
   448.860    4.83    54.0  0.2406E+03  0.6203E-08  0.2398E+03    65.0       99.69
   450.799    4.85    55.0  0.2416E+03  0.4790E-08  0.2408E+03    65.0       99.66

     Querschnitte / mbarn

  E*/MeV   183At     184At     185At     186At     187At     188At     189At     190At     191At     192At  
    40.0 0.000E+00 0.000E+00 0.000E+00 0.000E+00 0.000E+00 0.000E+00 0.296E-07 0.761E-07 0.000E+00 0.000E+00
    41.0 0.000E+00 0.000E+00 0.000E+00 0.000E+00 0.000E+00 0.000E+00 0.272E-07 0.487E-07 0.000E+00 0.000E+00
    42.0 0.000E+00 0.000E+00 0.000E+00 0.000E+00 0.000E+00 0.000E+00 0.233E-07 0.306E-07 0.000E+00 0.000E+00
    43.0 0.000E+00 0.000E+00 0.000E+00 0.000E+00 0.000E+00 0.164E-13 0.189E-07 0.189E-07 0.000E+00 0.000E+00
    44.0 0.000E+00 0.000E+00 0.000E+00 0.000E+00 0.000E+00 0.255E-12 0.147E-07 0.115E-07 0.000E+00 0.000E+00
    45.0 0.000E+00 0.000E+00 0.000E+00 0.000E+00 0.000E+00 0.220E-11 0.110E-07 0.682E-08 0.000E+00 0.000E+00
    46.0 0.000E+00 0.000E+00 0.000E+00 0.000E+00 0.000E+00 0.121E-10 0.807E-08 0.353E-08 0.000E+00 0.000E+00
    47.0 0.000E+00 0.000E+00 0.000E+00 0.000E+00 0.000E+00 0.466E-10 0.575E-08 0.154E-08 0.000E+00 0.000E+00
    48.0 0.000E+00 0.000E+00 0.000E+00 0.000E+00 0.000E+00 0.132E-09 0.403E-08 0.615E-09 0.000E+00 0.000E+00
    49.0 0.000E+00 0.000E+00 0.000E+00 0.000E+00 0.000E+00 0.292E-09 0.277E-08 0.288E-09 0.000E+00 0.000E+00
    50.0 0.000E+00 0.000E+00 0.000E+00 0.000E+00 0.000E+00 0.523E-09 0.189E-08 0.000E+00 0.000E+00 0.000E+00
    51.0 0.000E+00 0.000E+00 0.000E+00 0.000E+00 0.000E+00 0.789E-09 0.127E-08 0.000E+00 0.000E+00 0.000E+00
    52.0 0.000E+00 0.000E+00 0.000E+00 0.000E+00 0.000E+00 0.104E-08 0.844E-09 0.000E+00 0.000E+00 0.000E+00
    53.0 0.000E+00 0.000E+00 0.000E+00 0.000E+00 0.000E+00 0.124E-08 0.557E-09 0.000E+00 0.000E+00 0.000E+00
    54.0 0.000E+00 0.000E+00 0.000E+00 0.000E+00 0.145E-15 0.135E-08 0.364E-09 0.000E+00 0.000E+00 0.000E+00
    55.0 0.000E+00 0.000E+00 0.000E+00 0.000E+00 0.168E-14 0.137E-08 0.235E-09 0.000E+00 0.000E+00 0.000E+00

  E*/MeV   182Po     183Po     184Po     185Po     186Po     187Po     188Po     189Po     190Po     191Po  
    40.0 0.000E+00 0.000E+00 0.000E+00 0.000E+00 0.000E+00 0.000E+00 0.319E-10 0.312E-06 0.370E-08 0.000E+00
    41.0 0.000E+00 0.000E+00 0.000E+00 0.000E+00 0.000E+00 0.000E+00 0.942E-10 0.264E-06 0.142E-08 0.000E+00
    42.0 0.000E+00 0.000E+00 0.000E+00 0.000E+00 0.000E+00 0.000E+00 0.227E-09 0.214E-06 0.253E-09 0.000E+00
    43.0 0.000E+00 0.000E+00 0.000E+00 0.000E+00 0.000E+00 0.000E+00 0.458E-09 0.167E-06 0.000E+00 0.000E+00
    44.0 0.000E+00 0.000E+00 0.000E+00 0.000E+00 0.000E+00 0.000E+00 0.791E-09 0.126E-06 0.000E+00 0.000E+00
    45.0 0.000E+00 0.000E+00 0.000E+00 0.000E+00 0.000E+00 0.000E+00 0.120E-08 0.925E-07 0.000E+00 0.000E+00
    46.0 0.000E+00 0.000E+00 0.000E+00 0.000E+00 0.000E+00 0.000E+00 0.161E-08 0.664E-07 0.000E+00 0.000E+00
    47.0 0.000E+00 0.000E+00 0.000E+00 0.000E+00 0.000E+00 0.000E+00 0.197E-08 0.469E-07 0.000E+00 0.000E+00
    48.0 0.000E+00 0.000E+00 0.000E+00 0.000E+00 0.000E+00 0.000E+00 0.222E-08 0.326E-07 0.000E+00 0.000E+00
    49.0 0.000E+00 0.000E+00 0.000E+00 0.000E+00 0.000E+00 0.922E-14 0.233E-08 0.224E-07 0.000E+00 0.000E+00
    50.0 0.000E+00 0.000E+00 0.000E+00 0.000E+00 0.000E+00 0.512E-13 0.230E-08 0.152E-07 0.000E+00 0.000E+00
    51.0 0.000E+00 0.000E+00 0.000E+00 0.000E+00 0.000E+00 0.228E-12 0.215E-08 0.103E-07 0.000E+00 0.000E+00
    52.0 0.000E+00 0.000E+00 0.000E+00 0.000E+00 0.000E+00 0.838E-12 0.194E-08 0.691E-08 0.000E+00 0.000E+00
    53.0 0.000E+00 0.000E+00 0.000E+00 0.000E+00 0.000E+00 0.260E-11 0.168E-08 0.463E-08 0.000E+00 0.000E+00
    54.0 0.000E+00 0.000E+00 0.000E+00 0.000E+00 0.000E+00 0.688E-11 0.140E-08 0.308E-08 0.000E+00 0.000E+00
    55.0 0.000E+00 0.000E+00 0.000E+00 0.000E+00 0.000E+00 0.158E-10 0.115E-08 0.202E-08 0.000E+00 0.000E+00

 HIVAP  CASOUT

   93Nb 99Ru 192At IFUS10 barfac0.39 sigr3.0 26/04/2024 15:39 Sitarcik  


     E_lab  A*MeV   E*/MeV     SI_fus      SI_VR     SI_Spalt  L_krit     b_Spalt

   452.738    4.87    56.0  0.2423E+03  0.3687E-08  0.2415E+03    65.0       99.64
   454.678    4.89    57.0  0.2427E+03  0.2853E-08  0.2417E+03    65.0       99.62
   456.617    4.91    58.0  0.2427E+03  0.1931E-08  0.2417E+03    65.0       99.59
   458.557    4.93    59.0  0.2425E+03  0.1562E-08  0.2415E+03    65.0       99.56
   460.496    4.95    60.0  0.2421E+03  0.1318E-08  0.2410E+03    65.0       99.53
   462.435    4.97    61.0  0.2416E+03  0.1121E-08  0.2404E+03    65.0       99.50
   464.375    4.99    62.0  0.2409E+03  0.9277E-09  0.2397E+03    65.0       99.47
   466.314    5.01    63.0  0.2402E+03  0.8103E-09  0.2388E+03    65.0       99.44
   468.253    5.03    64.0  0.2394E+03  0.7107E-09  0.2379E+03    65.0       99.41
   470.193    5.06    65.0  0.2385E+03  0.6243E-09  0.2370E+03    65.0       99.37
   472.132    5.08    66.0  0.2376E+03  0.5445E-09  0.2360E+03    65.0       99.33
   474.072    5.10    67.0  0.2366E+03  0.4689E-09  0.2350E+03    65.0       99.30
   476.011    5.12    68.0  0.2357E+03  0.3986E-09  0.2339E+03    65.0       99.26
   477.950    5.14    69.0  0.2348E+03  0.3405E-09  0.2329E+03    65.0       99.22
   479.890    5.16    70.0  0.2338E+03  0.2904E-09  0.2319E+03    65.0       99.18
   481.829    5.18    71.0  0.2329E+03  0.2445E-09  0.2308E+03    65.0       99.13

     Querschnitte / mbarn

  E*/MeV   183At     184At     185At     186At     187At     188At     189At     190At     191At     192At  
    56.0 0.000E+00 0.000E+00 0.000E+00 0.000E+00 0.123E-13 0.132E-08 0.147E-09 0.000E+00 0.000E+00 0.000E+00
    57.0 0.000E+00 0.000E+00 0.000E+00 0.000E+00 0.621E-13 0.121E-08 0.840E-10 0.000E+00 0.000E+00 0.000E+00
    58.0 0.000E+00 0.000E+00 0.000E+00 0.000E+00 0.225E-12 0.106E-08 0.269E-10 0.000E+00 0.000E+00 0.000E+00
    59.0 0.000E+00 0.000E+00 0.000E+00 0.000E+00 0.619E-12 0.908E-09 0.482E-11 0.000E+00 0.000E+00 0.000E+00
    60.0 0.000E+00 0.000E+00 0.000E+00 0.000E+00 0.136E-11 0.753E-09 0.000E+00 0.000E+00 0.000E+00 0.000E+00
    61.0 0.000E+00 0.000E+00 0.000E+00 0.000E+00 0.248E-11 0.610E-09 0.000E+00 0.000E+00 0.000E+00 0.000E+00
    62.0 0.000E+00 0.000E+00 0.000E+00 0.000E+00 0.394E-11 0.484E-09 0.000E+00 0.000E+00 0.000E+00 0.000E+00
    63.0 0.000E+00 0.000E+00 0.000E+00 0.000E+00 0.556E-11 0.377E-09 0.000E+00 0.000E+00 0.000E+00 0.000E+00
    64.0 0.000E+00 0.000E+00 0.000E+00 0.000E+00 0.715E-11 0.289E-09 0.000E+00 0.000E+00 0.000E+00 0.000E+00
    65.0 0.000E+00 0.000E+00 0.000E+00 0.000E+00 0.851E-11 0.219E-09 0.000E+00 0.000E+00 0.000E+00 0.000E+00
    66.0 0.000E+00 0.000E+00 0.000E+00 0.000E+00 0.951E-11 0.164E-09 0.000E+00 0.000E+00 0.000E+00 0.000E+00
    67.0 0.000E+00 0.000E+00 0.000E+00 0.000E+00 0.101E-10 0.122E-09 0.000E+00 0.000E+00 0.000E+00 0.000E+00
    68.0 0.000E+00 0.000E+00 0.000E+00 0.277E-16 0.102E-10 0.897E-10 0.000E+00 0.000E+00 0.000E+00 0.000E+00
    69.0 0.000E+00 0.000E+00 0.000E+00 0.177E-15 0.988E-11 0.655E-10 0.000E+00 0.000E+00 0.000E+00 0.000E+00
    70.0 0.000E+00 0.000E+00 0.000E+00 0.854E-15 0.928E-11 0.475E-10 0.000E+00 0.000E+00 0.000E+00 0.000E+00
    71.0 0.000E+00 0.000E+00 0.000E+00 0.322E-14 0.847E-11 0.343E-10 0.000E+00 0.000E+00 0.000E+00 0.000E+00

  E*/MeV   182Po     183Po     184Po     185Po     186Po     187Po     188Po     189Po     190Po     191Po  
    56.0 0.000E+00 0.000E+00 0.000E+00 0.000E+00 0.000E+00 0.319E-10 0.912E-09 0.128E-08 0.000E+00 0.000E+00
    57.0 0.000E+00 0.000E+00 0.000E+00 0.000E+00 0.000E+00 0.573E-10 0.711E-09 0.793E-09 0.000E+00 0.000E+00
    58.0 0.000E+00 0.000E+00 0.000E+00 0.000E+00 0.000E+00 0.926E-10 0.545E-09 0.202E-09 0.000E+00 0.000E+00
    59.0 0.000E+00 0.000E+00 0.000E+00 0.000E+00 0.000E+00 0.136E-09 0.411E-09 0.101E-09 0.000E+00 0.000E+00
    60.0 0.000E+00 0.000E+00 0.000E+00 0.000E+00 0.000E+00 0.185E-09 0.306E-09 0.723E-10 0.000E+00 0.000E+00
    61.0 0.000E+00 0.000E+00 0.000E+00 0.000E+00 0.202E-15 0.234E-09 0.225E-09 0.508E-10 0.000E+00 0.000E+00
    62.0 0.000E+00 0.000E+00 0.000E+00 0.000E+00 0.902E-15 0.277E-09 0.163E-09 0.000E+00 0.000E+00 0.000E+00
    63.0 0.000E+00 0.000E+00 0.000E+00 0.000E+00 0.332E-14 0.310E-09 0.118E-09 0.000E+00 0.000E+00 0.000E+00
    64.0 0.000E+00 0.000E+00 0.000E+00 0.000E+00 0.103E-13 0.331E-09 0.832E-10 0.000E+00 0.000E+00 0.000E+00
    65.0 0.000E+00 0.000E+00 0.000E+00 0.000E+00 0.274E-13 0.339E-09 0.580E-10 0.000E+00 0.000E+00 0.000E+00
    66.0 0.000E+00 0.000E+00 0.000E+00 0.000E+00 0.635E-13 0.333E-09 0.373E-10 0.000E+00 0.000E+00 0.000E+00
    67.0 0.000E+00 0.000E+00 0.000E+00 0.000E+00 0.131E-12 0.318E-09 0.193E-10 0.000E+00 0.000E+00 0.000E+00
    68.0 0.000E+00 0.000E+00 0.000E+00 0.000E+00 0.241E-12 0.294E-09 0.471E-11 0.000E+00 0.000E+00 0.000E+00
    69.0 0.000E+00 0.000E+00 0.000E+00 0.000E+00 0.405E-12 0.265E-09 0.000E+00 0.000E+00 0.000E+00 0.000E+00
    70.0 0.000E+00 0.000E+00 0.000E+00 0.000E+00 0.624E-12 0.233E-09 0.000E+00 0.000E+00 0.000E+00 0.000E+00
    71.0 0.000E+00 0.000E+00 0.000E+00 0.000E+00 0.892E-12 0.201E-09 0.000E+00 0.000E+00 0.000E+00 0.000E+00

 HIVAP  CASOUT

   93Nb 99Ru 192At IFUS10 barfac0.39 sigr3.0 26/04/2024 15:39 Sitarcik  


     E_lab  A*MeV   E*/MeV     SI_fus      SI_VR     SI_Spalt  L_krit     b_Spalt

   483.769    5.20    72.0  0.2319E+03  0.2033E-09  0.2298E+03    65.0       99.09
   485.708    5.22    73.0  0.2310E+03  0.1671E-09  0.2288E+03    65.0       99.04
   487.647    5.24    74.0  0.2301E+03  0.1358E-09  0.2278E+03    65.0       99.00
   489.587    5.26    75.0  0.2292E+03  0.1089E-09  0.2268E+03    65.0       98.95
   491.526    5.29    76.0  0.2283E+03  0.8657E-10  0.2258E+03    65.0       98.90
   493.466    5.31    77.0  0.2274E+03  0.6724E-10  0.2248E+03    65.0       98.85
   495.405    5.33    78.0  0.2265E+03  0.5260E-10  0.2238E+03    65.0       98.80
   497.344    5.35    79.0  0.2256E+03  0.4143E-10  0.2228E+03    65.0       98.75
   499.284    5.37    80.0  0.2247E+03  0.3246E-10  0.2218E+03    65.0       98.70
   501.223    5.39    81.0  0.2239E+03  0.2549E-10  0.2208E+03    65.0       98.64
   503.163    5.41    82.0  0.2230E+03  0.1998E-10  0.2198E+03    65.0       98.59
   505.102    5.43    83.0  0.2221E+03  0.1560E-10  0.2189E+03    65.0       98.53
   507.041    5.45    84.0  0.2213E+03  0.1219E-10  0.2179E+03    65.0       98.47
   508.981    5.47    85.0  0.2204E+03  0.9274E-11  0.2169E+03    65.0       98.41
   510.920    5.49    86.0  0.2196E+03  0.6842E-11  0.2160E+03    65.0       98.35
   512.860    5.51    87.0  0.2188E+03  0.4314E-11  0.2150E+03    65.0       98.29

     Querschnitte / mbarn

  E*/MeV   183At     184At     185At     186At     187At     188At     189At     190At     191At     192At  
    72.0 0.000E+00 0.000E+00 0.000E+00 0.980E-14 0.753E-11 0.245E-10 0.000E+00 0.000E+00 0.000E+00 0.000E+00
    73.0 0.000E+00 0.000E+00 0.000E+00 0.249E-13 0.654E-11 0.174E-10 0.000E+00 0.000E+00 0.000E+00 0.000E+00
    74.0 0.000E+00 0.000E+00 0.000E+00 0.538E-13 0.557E-11 0.122E-10 0.000E+00 0.000E+00 0.000E+00 0.000E+00
    75.0 0.000E+00 0.000E+00 0.000E+00 0.102E-12 0.467E-11 0.808E-11 0.000E+00 0.000E+00 0.000E+00 0.000E+00
    76.0 0.000E+00 0.000E+00 0.000E+00 0.172E-12 0.385E-11 0.508E-11 0.000E+00 0.000E+00 0.000E+00 0.000E+00
    77.0 0.000E+00 0.000E+00 0.000E+00 0.264E-12 0.313E-11 0.194E-11 0.000E+00 0.000E+00 0.000E+00 0.000E+00
    78.0 0.000E+00 0.000E+00 0.000E+00 0.374E-12 0.252E-11 0.633E-12 0.000E+00 0.000E+00 0.000E+00 0.000E+00
    79.0 0.000E+00 0.000E+00 0.000E+00 0.493E-12 0.200E-11 0.284E-12 0.000E+00 0.000E+00 0.000E+00 0.000E+00
    80.0 0.000E+00 0.000E+00 0.419E-18 0.612E-12 0.158E-11 0.000E+00 0.000E+00 0.000E+00 0.000E+00 0.000E+00
    81.0 0.000E+00 0.000E+00 0.208E-17 0.722E-12 0.123E-11 0.000E+00 0.000E+00 0.000E+00 0.000E+00 0.000E+00
    82.0 0.000E+00 0.000E+00 0.810E-17 0.813E-12 0.954E-12 0.000E+00 0.000E+00 0.000E+00 0.000E+00 0.000E+00
    83.0 0.000E+00 0.000E+00 0.256E-16 0.880E-12 0.729E-12 0.000E+00 0.000E+00 0.000E+00 0.000E+00 0.000E+00
    84.0 0.000E+00 0.000E+00 0.680E-16 0.920E-12 0.555E-12 0.000E+00 0.000E+00 0.000E+00 0.000E+00 0.000E+00
    85.0 0.000E+00 0.000E+00 0.155E-15 0.932E-12 0.418E-12 0.000E+00 0.000E+00 0.000E+00 0.000E+00 0.000E+00
    86.0 0.000E+00 0.000E+00 0.312E-15 0.919E-12 0.305E-12 0.000E+00 0.000E+00 0.000E+00 0.000E+00 0.000E+00
    87.0 0.000E+00 0.000E+00 0.565E-15 0.884E-12 0.215E-12 0.000E+00 0.000E+00 0.000E+00 0.000E+00 0.000E+00

  E*/MeV   182Po     183Po     184Po     185Po     186Po     187Po     188Po     189Po     190Po     191Po  
    72.0 0.000E+00 0.000E+00 0.000E+00 0.000E+00 0.119E-11 0.170E-09 0.000E+00 0.000E+00 0.000E+00 0.000E+00
    73.0 0.000E+00 0.000E+00 0.000E+00 0.000E+00 0.151E-11 0.142E-09 0.000E+00 0.000E+00 0.000E+00 0.000E+00
    74.0 0.000E+00 0.000E+00 0.000E+00 0.148E-16 0.181E-11 0.116E-09 0.000E+00 0.000E+00 0.000E+00 0.000E+00
    75.0 0.000E+00 0.000E+00 0.000E+00 0.580E-16 0.207E-11 0.940E-10 0.000E+00 0.000E+00 0.000E+00 0.000E+00
    76.0 0.000E+00 0.000E+00 0.000E+00 0.197E-15 0.228E-11 0.752E-10 0.000E+00 0.000E+00 0.000E+00 0.000E+00
    77.0 0.000E+00 0.000E+00 0.000E+00 0.589E-15 0.242E-11 0.595E-10 0.000E+00 0.000E+00 0.000E+00 0.000E+00
    78.0 0.000E+00 0.000E+00 0.000E+00 0.156E-14 0.248E-11 0.466E-10 0.000E+00 0.000E+00 0.000E+00 0.000E+00
    79.0 0.000E+00 0.000E+00 0.000E+00 0.369E-14 0.247E-11 0.362E-10 0.000E+00 0.000E+00 0.000E+00 0.000E+00
    80.0 0.000E+00 0.000E+00 0.000E+00 0.793E-14 0.240E-11 0.279E-10 0.000E+00 0.000E+00 0.000E+00 0.000E+00
    81.0 0.000E+00 0.000E+00 0.000E+00 0.155E-13 0.227E-11 0.213E-10 0.000E+00 0.000E+00 0.000E+00 0.000E+00
    82.0 0.000E+00 0.000E+00 0.000E+00 0.280E-13 0.211E-11 0.161E-10 0.000E+00 0.000E+00 0.000E+00 0.000E+00
    83.0 0.000E+00 0.000E+00 0.000E+00 0.468E-13 0.192E-11 0.120E-10 0.000E+00 0.000E+00 0.000E+00 0.000E+00
    84.0 0.000E+00 0.000E+00 0.000E+00 0.732E-13 0.172E-11 0.892E-11 0.000E+00 0.000E+00 0.000E+00 0.000E+00
    85.0 0.000E+00 0.000E+00 0.000E+00 0.108E-12 0.151E-11 0.630E-11 0.000E+00 0.000E+00 0.000E+00 0.000E+00
    86.0 0.000E+00 0.000E+00 0.000E+00 0.150E-12 0.131E-11 0.415E-11 0.000E+00 0.000E+00 0.000E+00 0.000E+00
    87.0 0.000E+00 0.000E+00 0.499E-18 0.198E-12 0.112E-11 0.189E-11 0.000E+00 0.000E+00 0.000E+00 0.000E+00

 HIVAP  CASOUT

   93Nb 99Ru 192At IFUS10 barfac0.39 sigr3.0 26/04/2024 15:39 Sitarcik  


     E_lab  A*MeV   E*/MeV     SI_fus      SI_VR     SI_Spalt  L_krit     b_Spalt

   514.799    5.54    88.0  0.2180E+03  0.2470E-11  0.2141E+03    65.0       98.23
   516.738    5.56    89.0  0.2171E+03  0.1914E-11  0.2132E+03    65.0       98.17
   518.678    5.58    90.0  0.2163E+03  0.1722E-11  0.2122E+03    65.0       98.11

     Querschnitte / mbarn

  E*/MeV   183At     184At     185At     186At     187At     188At     189At     190At     191At     192At  
    88.0 0.000E+00 0.000E+00 0.932E-15 0.832E-12 0.108E-12 0.000E+00 0.000E+00 0.000E+00 0.000E+00 0.000E+00
    89.0 0.000E+00 0.000E+00 0.142E-14 0.768E-12 0.425E-13 0.000E+00 0.000E+00 0.000E+00 0.000E+00 0.000E+00
    90.0 0.000E+00 0.000E+00 0.203E-14 0.696E-12 0.700E-14 0.000E+00 0.000E+00 0.000E+00 0.000E+00 0.000E+00

  E*/MeV   182Po     183Po     184Po     185Po     186Po     187Po     188Po     189Po     190Po     191Po  
    88.0 0.000E+00 0.000E+00 0.161E-17 0.251E-12 0.952E-12 0.326E-12 0.000E+00 0.000E+00 0.000E+00 0.000E+00
    89.0 0.000E+00 0.000E+00 0.458E-17 0.306E-12 0.797E-12 0.000E+00 0.000E+00 0.000E+00 0.000E+00 0.000E+00
    90.0 0.000E+00 0.000E+00 0.117E-16 0.358E-12 0.659E-12 0.000E+00 0.000E+00 0.000E+00 0.000E+00 0.000E+00
                                                                        
           



 Ende HIVAP 
