          Programm HIVAP,  Autor  W.Reisdorf   Version fuer "rzri6f" vom  7. 6. 1994

           Bearbeitung F.P.Heﬂberger
           
   93Nb 99Ru 192At IFUS10 barfac0.51 sigr3.0 09/02/2023 13:43 Sitarcik  
           

 Unterprogramm SEPENF

 benutzt Sierks Programm BARFIT 
 Q-Wert  -177.443 MeV
 Massen aus der Datei "mlz.dat" 

         Exp. Schaleneffekte,  SHELL0=    0.00
          At  183   At  184   At  185   At  186   At  187   At  188   At  189   At  190   At  191   At  192
             -0.16     -0.96     -0.15     -0.95     -0.13     -0.92     -0.10     -0.88     -0.07     -0.87
          Po  182   Po  183   Po  184   Po  185   Po  186   Po  187   Po  188   Po  189   Po  190   Po  191
              0.25     -0.41      0.51     -0.23      0.60     -0.21      0.55     -0.34      0.34     -0.63
          Bi  181   Bi  182   Bi  183   Bi  184   Bi  185   Bi  186   Bi  187   Bi  188   Bi  189   Bi  190
             -1.37     -2.02     -1.09     -1.82     -0.98     -1.79     -1.03     -1.92     -1.24     -2.20

           BARFAC=   0.510      BAR0=   0.000

          Separationsenergien (BN,BP,BA) und Spaltbarrieren
          At  183   At  184   At  185   At  186   At  187   At  188   At  189   At  190   At  191   At  192
             12.65     10.83     12.24     10.41     11.81     10.00     11.40      9.60     11.01      9.25
             -3.05     -2.63     -2.25     -1.92     -1.64     -1.40     -1.20     -1.04     -0.93     -0.82
            -10.29     -9.93     -9.63     -9.36     -9.14     -8.96     -8.83     -8.72     -8.66     -8.59
              2.18      3.11      2.42      3.34      2.65      3.56      2.86      3.77      3.08      4.01
             -0.81     -1.62     -0.81     -1.61     -0.80     -1.60     -0.80     -1.60     -0.80     -1.59
          Po  182   Po  183   Po  184   Po  185   Po  186   Po  187   Po  188   Po  189   Po  190   Po  191
             12.21     10.41     11.86     10.08     11.54      9.75     11.20      9.44     10.89      9.14
             -1.35     -1.08     -0.82     -0.54     -0.28     -0.02      0.24      0.50      0.75      1.01
            -10.37    -10.16     -9.96     -9.74     -9.53     -9.32     -9.12     -8.90     -8.69     -8.47
              2.24      3.04      2.25      3.13      2.43      3.37      2.75      3.77      3.22      4.31
              0.00     -0.81      0.00     -0.81      0.00     -0.80      0.00     -0.80      0.00     -0.80
          Bi  181   Bi  182   Bi  183   Bi  184   Bi  185   Bi  186   Bi  187   Bi  188   Bi  189   Bi  190
             11.94     10.14     11.60      9.81     11.27      9.49     10.95      9.18     10.64      8.88
             -2.58     -2.30     -2.03     -1.76     -1.49     -1.22     -0.96     -0.69     -0.43     -0.17
             -8.40     -8.19     -7.99     -7.78     -7.58     -7.36     -7.16     -6.93     -6.73     -6.50
              4.38      5.18      4.39      5.28      4.57      5.53      4.91      5.93      5.39      6.48
             -0.82     -1.63     -0.81     -1.62     -0.81     -1.61     -0.80     -1.60     -0.80     -1.60

 benutzter Q-Wert  -177.443 MeV    effektiver Q-Wert  -177.443 MeV

 HIVAP  CASOUT

   93Nb 99Ru 192At IFUS10 barfac0.51 sigr3.0 09/02/2023 13:43 Sitarcik  


     E_lab  A*MeV   E*/MeV     SI_fus      SI_VR     SI_Spalt  L_krit     b_Spalt

   359.647    3.87     8.0  0.1378E-04  0.7297E-07  0.1371E-04     0.0       99.47
   361.587    3.89     9.0  0.7079E-04  0.8485E-07  0.7071E-04     0.0       99.88
   363.526    3.91    10.0  0.3534E-03  0.4138E-06  0.3530E-03     0.0       99.88
   365.466    3.93    11.0  0.1674E-02  0.2116E-05  0.1672E-02     0.0       99.87
   367.405    3.95    12.0  0.6929E-02  0.8840E-05  0.6920E-02     0.0       99.87
   369.344    3.97    13.0  0.2273E-01  0.2571E-04  0.2270E-01     0.0       99.89
   371.284    3.99    14.0  0.5918E-01  0.5154E-04  0.5913E-01     0.0       99.91
   373.223    4.01    15.0  0.1313E+00  0.7491E-04  0.1312E+00     0.0       99.94
   375.163    4.03    16.0  0.2639E+00  0.9360E-04  0.2638E+00     0.0       99.96
   377.102    4.05    17.0  0.4849E+00  0.1079E-03  0.4848E+00     0.0       99.98
   379.041    4.08    18.0  0.8351E+00  0.1220E-03  0.8349E+00     0.0       99.99
   380.981    4.10    19.0  0.1369E+01  0.1368E-03  0.1368E+01     0.0       99.99
   382.920    4.12    20.0  0.2149E+01  0.1492E-03  0.2149E+01     0.0       99.99
   384.860    4.14    21.0  0.3260E+01  0.1583E-03  0.3260E+01     0.0       99.99
   386.799    4.16    22.0  0.4784E+01  0.1657E-03  0.4783E+01     0.0       99.98
   388.738    4.18    23.0  0.6814E+01  0.1763E-03  0.6810E+01     0.0       99.94

     Querschnitte / mbarn

  E*/MeV   183At     184At     185At     186At     187At     188At     189At     190At     191At     192At  
     8.0 0.000E+00 0.000E+00 0.000E+00 0.000E+00 0.000E+00 0.000E+00 0.000E+00 0.000E+00 0.000E+00 0.673E-07
     9.0 0.000E+00 0.000E+00 0.000E+00 0.000E+00 0.000E+00 0.000E+00 0.000E+00 0.000E+00 0.000E+00 0.368E-07
    10.0 0.000E+00 0.000E+00 0.000E+00 0.000E+00 0.000E+00 0.000E+00 0.000E+00 0.000E+00 0.458E-09 0.687E-07
    11.0 0.000E+00 0.000E+00 0.000E+00 0.000E+00 0.000E+00 0.000E+00 0.000E+00 0.000E+00 0.314E-07 0.118E-06
    12.0 0.000E+00 0.000E+00 0.000E+00 0.000E+00 0.000E+00 0.000E+00 0.000E+00 0.000E+00 0.544E-06 0.163E-06
    13.0 0.000E+00 0.000E+00 0.000E+00 0.000E+00 0.000E+00 0.000E+00 0.000E+00 0.000E+00 0.342E-05 0.177E-06
    14.0 0.000E+00 0.000E+00 0.000E+00 0.000E+00 0.000E+00 0.000E+00 0.000E+00 0.000E+00 0.101E-04 0.173E-06
    15.0 0.000E+00 0.000E+00 0.000E+00 0.000E+00 0.000E+00 0.000E+00 0.000E+00 0.000E+00 0.145E-04 0.145E-06
    16.0 0.000E+00 0.000E+00 0.000E+00 0.000E+00 0.000E+00 0.000E+00 0.000E+00 0.000E+00 0.158E-04 0.124E-06
    17.0 0.000E+00 0.000E+00 0.000E+00 0.000E+00 0.000E+00 0.000E+00 0.000E+00 0.000E+00 0.145E-04 0.118E-06
    18.0 0.000E+00 0.000E+00 0.000E+00 0.000E+00 0.000E+00 0.000E+00 0.000E+00 0.000E+00 0.120E-04 0.110E-06
    19.0 0.000E+00 0.000E+00 0.000E+00 0.000E+00 0.000E+00 0.000E+00 0.000E+00 0.000E+00 0.961E-05 0.934E-07
    20.0 0.000E+00 0.000E+00 0.000E+00 0.000E+00 0.000E+00 0.000E+00 0.000E+00 0.000E+00 0.754E-05 0.575E-07
    21.0 0.000E+00 0.000E+00 0.000E+00 0.000E+00 0.000E+00 0.000E+00 0.000E+00 0.221E-09 0.570E-05 0.241E-07
    22.0 0.000E+00 0.000E+00 0.000E+00 0.000E+00 0.000E+00 0.000E+00 0.000E+00 0.806E-08 0.411E-05 0.000E+00
    23.0 0.000E+00 0.000E+00 0.000E+00 0.000E+00 0.000E+00 0.000E+00 0.000E+00 0.103E-06 0.278E-05 0.000E+00

  E*/MeV   182Po     183Po     184Po     185Po     186Po     187Po     188Po     189Po     190Po     191Po  
     8.0 0.000E+00 0.000E+00 0.000E+00 0.000E+00 0.000E+00 0.000E+00 0.000E+00 0.000E+00 0.000E+00 0.563E-08
     9.0 0.000E+00 0.000E+00 0.000E+00 0.000E+00 0.000E+00 0.000E+00 0.000E+00 0.000E+00 0.000E+00 0.476E-07
    10.0 0.000E+00 0.000E+00 0.000E+00 0.000E+00 0.000E+00 0.000E+00 0.000E+00 0.000E+00 0.000E+00 0.341E-06
    11.0 0.000E+00 0.000E+00 0.000E+00 0.000E+00 0.000E+00 0.000E+00 0.000E+00 0.000E+00 0.000E+00 0.194E-05
    12.0 0.000E+00 0.000E+00 0.000E+00 0.000E+00 0.000E+00 0.000E+00 0.000E+00 0.000E+00 0.000E+00 0.793E-05
    13.0 0.000E+00 0.000E+00 0.000E+00 0.000E+00 0.000E+00 0.000E+00 0.000E+00 0.000E+00 0.000E+00 0.212E-04
    14.0 0.000E+00 0.000E+00 0.000E+00 0.000E+00 0.000E+00 0.000E+00 0.000E+00 0.000E+00 0.481E-11 0.383E-04
    15.0 0.000E+00 0.000E+00 0.000E+00 0.000E+00 0.000E+00 0.000E+00 0.000E+00 0.000E+00 0.242E-09 0.522E-04
    16.0 0.000E+00 0.000E+00 0.000E+00 0.000E+00 0.000E+00 0.000E+00 0.000E+00 0.000E+00 0.330E-08 0.594E-04
    17.0 0.000E+00 0.000E+00 0.000E+00 0.000E+00 0.000E+00 0.000E+00 0.000E+00 0.000E+00 0.266E-07 0.582E-04
    18.0 0.000E+00 0.000E+00 0.000E+00 0.000E+00 0.000E+00 0.000E+00 0.000E+00 0.000E+00 0.151E-06 0.514E-04
    19.0 0.000E+00 0.000E+00 0.000E+00 0.000E+00 0.000E+00 0.000E+00 0.000E+00 0.000E+00 0.608E-06 0.422E-04
    20.0 0.000E+00 0.000E+00 0.000E+00 0.000E+00 0.000E+00 0.000E+00 0.000E+00 0.000E+00 0.184E-05 0.327E-04
    21.0 0.000E+00 0.000E+00 0.000E+00 0.000E+00 0.000E+00 0.000E+00 0.000E+00 0.000E+00 0.430E-05 0.243E-04
    22.0 0.000E+00 0.000E+00 0.000E+00 0.000E+00 0.000E+00 0.000E+00 0.000E+00 0.000E+00 0.791E-05 0.174E-04
    23.0 0.000E+00 0.000E+00 0.000E+00 0.000E+00 0.000E+00 0.000E+00 0.000E+00 0.000E+00 0.118E-04 0.121E-04

  E*/MeV   181Bi     182Bi     183Bi     184Bi     185Bi     186Bi     187Bi     188Bi     189Bi     190Bi  
     8.0 0.000E+00 0.000E+00 0.000E+00 0.000E+00 0.000E+00 0.000E+00 0.000E+00 0.323E-10 0.000E+00 0.000E+00
     9.0 0.000E+00 0.000E+00 0.000E+00 0.000E+00 0.000E+00 0.000E+00 0.000E+00 0.377E-09 0.000E+00 0.000E+00
    10.0 0.000E+00 0.000E+00 0.000E+00 0.000E+00 0.000E+00 0.000E+00 0.000E+00 0.377E-08 0.000E+00 0.000E+00
    11.0 0.000E+00 0.000E+00 0.000E+00 0.000E+00 0.000E+00 0.000E+00 0.000E+00 0.303E-07 0.000E+00 0.179E-11
    12.0 0.000E+00 0.000E+00 0.000E+00 0.000E+00 0.000E+00 0.000E+00 0.000E+00 0.199E-06 0.000E+00 0.548E-10
    13.0 0.000E+00 0.000E+00 0.000E+00 0.000E+00 0.000E+00 0.000E+00 0.000E+00 0.900E-06 0.000E+00 0.723E-09
    14.0 0.000E+00 0.000E+00 0.000E+00 0.000E+00 0.000E+00 0.000E+00 0.000E+00 0.301E-05 0.000E+00 0.552E-08
    15.0 0.000E+00 0.000E+00 0.000E+00 0.000E+00 0.000E+00 0.000E+00 0.000E+00 0.798E-05 0.000E+00 0.304E-07
    16.0 0.000E+00 0.000E+00 0.000E+00 0.000E+00 0.000E+00 0.000E+00 0.000E+00 0.181E-04 0.000E+00 0.131E-06
    17.0 0.000E+00 0.000E+00 0.000E+00 0.000E+00 0.000E+00 0.000E+00 0.971E-10 0.347E-04 0.000E+00 0.449E-06
    18.0 0.000E+00 0.000E+00 0.000E+00 0.000E+00 0.000E+00 0.000E+00 0.167E-08 0.570E-04 0.000E+00 0.132E-05
    19.0 0.000E+00 0.000E+00 0.000E+00 0.000E+00 0.000E+00 0.000E+00 0.115E-07 0.809E-04 0.000E+00 0.341E-05
    20.0 0.000E+00 0.000E+00 0.000E+00 0.000E+00 0.000E+00 0.000E+00 0.565E-07 0.992E-04 0.000E+00 0.789E-05
    21.0 0.000E+00 0.000E+00 0.000E+00 0.000E+00 0.000E+00 0.000E+00 0.222E-06 0.107E-03 0.692E-11 0.166E-04
    22.0 0.000E+00 0.000E+00 0.000E+00 0.000E+00 0.000E+00 0.000E+00 0.722E-06 0.104E-03 0.873E-10 0.316E-04
    23.0 0.000E+00 0.000E+00 0.000E+00 0.000E+00 0.000E+00 0.000E+00 0.201E-05 0.926E-04 0.734E-09 0.549E-04

 Z-Verteilung  
 E*/MeV     Bi         Po         At  
    8.0  0.323E-10 0.563E-08 0.673E-07
    9.0  0.377E-09 0.476E-07 0.368E-07
   10.0  0.377E-08 0.341E-06 0.692E-07
   11.0  0.303E-07 0.194E-05 0.150E-06
   12.0  0.199E-06 0.793E-05 0.707E-06
   13.0  0.901E-06 0.212E-04 0.360E-05
   14.0  0.301E-05 0.383E-04 0.103E-04
   15.0  0.801E-05 0.522E-04 0.147E-04
   16.0  0.183E-04 0.594E-04 0.160E-04
   17.0  0.351E-04 0.582E-04 0.146E-04
   18.0  0.583E-04 0.515E-04 0.121E-04
   19.0  0.843E-04 0.428E-04 0.970E-05
   20.0  0.107E-03 0.345E-04 0.759E-05
   21.0  0.124E-03 0.286E-04 0.572E-05
   22.0  0.136E-03 0.253E-04 0.412E-05
   23.0  0.149E-03 0.240E-04 0.288E-05

 Z und A Mittelwerte    
   E*/MeV     MW.Z  St.Abw.Z      MW.A  St.Abw.A
     8.0     84.92      0.27    191.92      0.28
     9.0     84.43      0.50    191.42      0.55
    10.0     84.16      0.39    191.14      0.48
    11.0     84.06      0.29    191.01      0.43
    12.0     84.06      0.31    190.95      0.47
    13.0     84.10      0.41    190.90      0.56
    14.0     84.14      0.49    190.83      0.71
    15.0     84.09      0.54    190.68      0.93
    16.0     83.98      0.60    190.42      1.19
    17.0     83.81      0.65    190.03      1.40
    18.0     83.62      0.66    189.59      1.49
    19.0     83.45      0.62    189.20      1.45
    20.0     83.33      0.57    188.94      1.35
    21.0     83.25      0.51    188.83      1.24
    22.0     83.20      0.46    188.86      1.18
    23.0     83.17      0.42    189.00      1.13

 HIVAP  CASOUT

   93Nb 99Ru 192At IFUS10 barfac0.51 sigr3.0 09/02/2023 13:43 Sitarcik  


     E_lab  A*MeV   E*/MeV     SI_fus      SI_VR     SI_Spalt  L_krit     b_Spalt

   390.678    4.20    24.0  0.9442E+01  0.1939E-03  0.9431E+01     2.0       99.88
   392.617    4.22    25.0  0.1275E+02  0.2191E-03  0.1273E+02    17.0       99.82
   394.557    4.24    26.0  0.1685E+02  0.2504E-03  0.1680E+02    24.0       99.74
   396.496    4.26    27.0  0.2177E+02  0.2797E-03  0.2170E+02    30.0       99.65
   398.435    4.28    28.0  0.2760E+02  0.2989E-03  0.2747E+02    35.0       99.54
   400.375    4.31    29.0  0.3438E+02  0.3026E-03  0.3418E+02    65.0       99.44
   402.314    4.33    30.0  0.4207E+02  0.2886E-03  0.4178E+02    65.0       99.31
   404.253    4.35    31.0  0.5069E+02  0.2619E-03  0.5028E+02    65.0       99.18
   406.193    4.37    32.0  0.6019E+02  0.2287E-03  0.5961E+02    65.0       99.04
   408.132    4.39    33.0  0.7042E+02  0.1961E-03  0.6964E+02    65.0       98.89
   410.072    4.41    34.0  0.8136E+02  0.1686E-03  0.8031E+02    65.0       98.71
   412.011    4.43    35.0  0.9279E+02  0.1474E-03  0.9145E+02    65.0       98.55
   413.950    4.45    36.0  0.1046E+03  0.1316E-03  0.1029E+03    65.0       98.37
   415.890    4.47    37.0  0.1166E+03  0.1190E-03  0.1145E+03    65.0       98.21
   417.829    4.49    38.0  0.1286E+03  0.1076E-03  0.1261E+03    65.0       98.05
   419.769    4.51    39.0  0.1405E+03  0.9604E-04  0.1376E+03    65.0       97.88

     Querschnitte / mbarn

  E*/MeV   183At     184At     185At     186At     187At     188At     189At     190At     191At     192At  
    24.0 0.000E+00 0.000E+00 0.000E+00 0.000E+00 0.000E+00 0.000E+00 0.000E+00 0.610E-06 0.186E-05 0.000E+00
    25.0 0.000E+00 0.000E+00 0.000E+00 0.000E+00 0.000E+00 0.000E+00 0.000E+00 0.208E-05 0.130E-05 0.000E+00
    26.0 0.000E+00 0.000E+00 0.000E+00 0.000E+00 0.000E+00 0.000E+00 0.000E+00 0.491E-05 0.985E-06 0.000E+00
    27.0 0.000E+00 0.000E+00 0.000E+00 0.000E+00 0.000E+00 0.000E+00 0.000E+00 0.815E-05 0.790E-06 0.000E+00
    28.0 0.000E+00 0.000E+00 0.000E+00 0.000E+00 0.000E+00 0.000E+00 0.000E+00 0.103E-04 0.519E-06 0.000E+00
    29.0 0.000E+00 0.000E+00 0.000E+00 0.000E+00 0.000E+00 0.000E+00 0.000E+00 0.109E-04 0.298E-06 0.000E+00
    30.0 0.000E+00 0.000E+00 0.000E+00 0.000E+00 0.000E+00 0.000E+00 0.000E+00 0.101E-04 0.163E-06 0.000E+00
    31.0 0.000E+00 0.000E+00 0.000E+00 0.000E+00 0.000E+00 0.000E+00 0.300E-11 0.847E-05 0.816E-07 0.000E+00
    32.0 0.000E+00 0.000E+00 0.000E+00 0.000E+00 0.000E+00 0.000E+00 0.928E-10 0.663E-05 0.431E-07 0.000E+00
    33.0 0.000E+00 0.000E+00 0.000E+00 0.000E+00 0.000E+00 0.000E+00 0.109E-08 0.490E-05 0.233E-07 0.000E+00
    34.0 0.000E+00 0.000E+00 0.000E+00 0.000E+00 0.000E+00 0.000E+00 0.678E-08 0.346E-05 0.124E-07 0.000E+00
    35.0 0.000E+00 0.000E+00 0.000E+00 0.000E+00 0.000E+00 0.000E+00 0.253E-07 0.236E-05 0.000E+00 0.000E+00
    36.0 0.000E+00 0.000E+00 0.000E+00 0.000E+00 0.000E+00 0.000E+00 0.619E-07 0.156E-05 0.000E+00 0.000E+00
    37.0 0.000E+00 0.000E+00 0.000E+00 0.000E+00 0.000E+00 0.000E+00 0.108E-06 0.101E-05 0.000E+00 0.000E+00
    38.0 0.000E+00 0.000E+00 0.000E+00 0.000E+00 0.000E+00 0.000E+00 0.149E-06 0.641E-06 0.000E+00 0.000E+00
    39.0 0.000E+00 0.000E+00 0.000E+00 0.000E+00 0.000E+00 0.000E+00 0.171E-06 0.402E-06 0.000E+00 0.000E+00

  E*/MeV   182Po     183Po     184Po     185Po     186Po     187Po     188Po     189Po     190Po     191Po  
    24.0 0.000E+00 0.000E+00 0.000E+00 0.000E+00 0.000E+00 0.000E+00 0.000E+00 0.000E+00 0.148E-04 0.825E-05
    25.0 0.000E+00 0.000E+00 0.000E+00 0.000E+00 0.000E+00 0.000E+00 0.000E+00 0.397E-11 0.160E-04 0.552E-05
    26.0 0.000E+00 0.000E+00 0.000E+00 0.000E+00 0.000E+00 0.000E+00 0.000E+00 0.690E-10 0.154E-04 0.365E-05
    27.0 0.000E+00 0.000E+00 0.000E+00 0.000E+00 0.000E+00 0.000E+00 0.000E+00 0.569E-09 0.134E-04 0.235E-05
    28.0 0.000E+00 0.000E+00 0.000E+00 0.000E+00 0.000E+00 0.000E+00 0.000E+00 0.325E-08 0.109E-04 0.147E-05
    29.0 0.000E+00 0.000E+00 0.000E+00 0.000E+00 0.000E+00 0.000E+00 0.000E+00 0.147E-07 0.832E-05 0.887E-06
    30.0 0.000E+00 0.000E+00 0.000E+00 0.000E+00 0.000E+00 0.000E+00 0.000E+00 0.535E-07 0.605E-05 0.511E-06
    31.0 0.000E+00 0.000E+00 0.000E+00 0.000E+00 0.000E+00 0.000E+00 0.000E+00 0.160E-06 0.423E-05 0.262E-06
    32.0 0.000E+00 0.000E+00 0.000E+00 0.000E+00 0.000E+00 0.000E+00 0.000E+00 0.396E-06 0.285E-05 0.958E-07
    33.0 0.000E+00 0.000E+00 0.000E+00 0.000E+00 0.000E+00 0.000E+00 0.000E+00 0.822E-06 0.187E-05 0.456E-07
    34.0 0.000E+00 0.000E+00 0.000E+00 0.000E+00 0.000E+00 0.000E+00 0.000E+00 0.145E-05 0.120E-05 0.206E-07
    35.0 0.000E+00 0.000E+00 0.000E+00 0.000E+00 0.000E+00 0.000E+00 0.000E+00 0.220E-05 0.756E-06 0.111E-07
    36.0 0.000E+00 0.000E+00 0.000E+00 0.000E+00 0.000E+00 0.000E+00 0.000E+00 0.292E-05 0.468E-06 0.000E+00
    37.0 0.000E+00 0.000E+00 0.000E+00 0.000E+00 0.000E+00 0.000E+00 0.195E-11 0.345E-05 0.286E-06 0.000E+00
    38.0 0.000E+00 0.000E+00 0.000E+00 0.000E+00 0.000E+00 0.000E+00 0.144E-10 0.369E-05 0.172E-06 0.000E+00
    39.0 0.000E+00 0.000E+00 0.000E+00 0.000E+00 0.000E+00 0.000E+00 0.781E-10 0.363E-05 0.103E-06 0.000E+00

  E*/MeV   181Bi     182Bi     183Bi     184Bi     185Bi     186Bi     187Bi     188Bi     189Bi     190Bi  
    24.0 0.000E+00 0.000E+00 0.000E+00 0.000E+00 0.000E+00 0.000E+00 0.482E-05 0.770E-04 0.453E-08 0.865E-04
    25.0 0.000E+00 0.000E+00 0.000E+00 0.000E+00 0.000E+00 0.000E+00 0.101E-04 0.604E-04 0.220E-07 0.124E-03
    26.0 0.000E+00 0.000E+00 0.000E+00 0.000E+00 0.000E+00 0.000E+00 0.186E-04 0.452E-04 0.875E-07 0.162E-03
    27.0 0.000E+00 0.000E+00 0.000E+00 0.000E+00 0.000E+00 0.000E+00 0.298E-04 0.326E-04 0.291E-06 0.192E-03
    28.0 0.000E+00 0.000E+00 0.000E+00 0.000E+00 0.000E+00 0.000E+00 0.419E-04 0.227E-04 0.833E-06 0.210E-03
    29.0 0.000E+00 0.000E+00 0.000E+00 0.000E+00 0.000E+00 0.565E-10 0.516E-04 0.154E-04 0.209E-05 0.213E-03
    30.0 0.000E+00 0.000E+00 0.000E+00 0.000E+00 0.000E+00 0.447E-09 0.560E-04 0.102E-04 0.461E-05 0.201E-03
    31.0 0.000E+00 0.000E+00 0.000E+00 0.000E+00 0.000E+00 0.228E-08 0.545E-04 0.668E-05 0.912E-05 0.178E-03
    32.0 0.000E+00 0.000E+00 0.000E+00 0.000E+00 0.000E+00 0.905E-08 0.484E-04 0.431E-05 0.162E-04 0.150E-03
    33.0 0.000E+00 0.000E+00 0.000E+00 0.000E+00 0.000E+00 0.299E-07 0.399E-04 0.274E-05 0.259E-04 0.120E-03
    34.0 0.000E+00 0.000E+00 0.000E+00 0.000E+00 0.000E+00 0.857E-07 0.310E-04 0.170E-05 0.377E-04 0.920E-04
    35.0 0.000E+00 0.000E+00 0.000E+00 0.000E+00 0.000E+00 0.215E-06 0.228E-04 0.103E-05 0.499E-04 0.680E-04
    36.0 0.000E+00 0.000E+00 0.000E+00 0.000E+00 0.000E+00 0.476E-06 0.162E-04 0.601E-06 0.606E-04 0.487E-04
    37.0 0.000E+00 0.000E+00 0.000E+00 0.000E+00 0.000E+00 0.944E-06 0.111E-04 0.342E-06 0.679E-04 0.339E-04
    38.0 0.000E+00 0.000E+00 0.000E+00 0.000E+00 0.000E+00 0.168E-05 0.739E-05 0.195E-06 0.706E-04 0.230E-04
    39.0 0.000E+00 0.000E+00 0.000E+00 0.000E+00 0.000E+00 0.269E-05 0.481E-05 0.130E-06 0.688E-04 0.153E-04

 Z-Verteilung  
 E*/MeV     Bi         Po         At  
   24.0  0.168E-03 0.231E-04 0.247E-05
   25.0  0.194E-03 0.215E-04 0.338E-05
   26.0  0.225E-03 0.190E-04 0.589E-05
   27.0  0.255E-03 0.158E-04 0.894E-05
   28.0  0.276E-03 0.124E-04 0.109E-04
   29.0  0.282E-03 0.923E-05 0.112E-04
   30.0  0.272E-03 0.661E-05 0.102E-04
   31.0  0.249E-03 0.465E-05 0.856E-05
   32.0  0.219E-03 0.335E-05 0.667E-05
   33.0  0.188E-03 0.274E-05 0.492E-05
   34.0  0.162E-03 0.267E-05 0.348E-05
   35.0  0.142E-03 0.297E-05 0.239E-05
   36.0  0.127E-03 0.339E-05 0.163E-05
   37.0  0.114E-03 0.374E-05 0.112E-05
   38.0  0.103E-03 0.386E-05 0.790E-06
   39.0  0.917E-04 0.373E-05 0.573E-06

 Z und A Mittelwerte    
   E*/MeV     MW.Z  St.Abw.Z      MW.A  St.Abw.A
    24.0     83.14      0.39    189.18      1.09
    25.0     83.13      0.38    189.34      1.06
    26.0     83.12      0.39    189.43      1.04
    27.0     83.12      0.41    189.46      1.07
    28.0     83.11      0.42    189.43      1.12
    29.0     83.10      0.41    189.38      1.17
    30.0     83.09      0.39    189.33      1.21
    31.0     83.08      0.38    189.29      1.23
    32.0     83.07      0.35    189.26      1.22
    33.0     83.06      0.33    189.23      1.19
    34.0     83.06      0.31    189.19      1.13
    35.0     83.05      0.29    189.16      1.05
    36.0     83.05      0.27    189.12      0.95
    37.0     83.05      0.26    189.08      0.86
    38.0     83.05      0.25    189.04      0.80
    39.0     83.05      0.25    188.98      0.79

 HIVAP  CASOUT

   93Nb 99Ru 192At IFUS10 barfac0.51 sigr3.0 09/02/2023 13:43 Sitarcik  


     E_lab  A*MeV   E*/MeV     SI_fus      SI_VR     SI_Spalt  L_krit     b_Spalt

   421.708    4.53    40.0  0.1522E+03  0.8406E-04  0.1487E+03    65.0       97.74
   423.647    4.56    41.0  0.1634E+03  0.7198E-04  0.1594E+03    65.0       97.60
   425.587    4.58    42.0  0.1740E+03  0.6032E-04  0.1696E+03    65.0       97.46
   427.526    4.60    43.0  0.1839E+03  0.4962E-04  0.1791E+03    65.0       97.35
   429.466    4.62    44.0  0.1931E+03  0.4026E-04  0.1878E+03    65.0       97.25
   431.405    4.64    45.0  0.2015E+03  0.3255E-04  0.1958E+03    65.0       97.15
   433.344    4.66    46.0  0.2090E+03  0.2655E-04  0.2029E+03    65.0       97.07
   435.284    4.68    47.0  0.2157E+03  0.2219E-04  0.2093E+03    65.0       97.00
   437.223    4.70    48.0  0.2215E+03  0.1925E-04  0.2147E+03    65.0       96.94
   439.163    4.72    49.0  0.2265E+03  0.1742E-04  0.2194E+03    65.0       96.89
   441.102    4.74    50.0  0.2307E+03  0.1630E-04  0.2234E+03    65.0       96.85
   443.041    4.76    51.0  0.2341E+03  0.1555E-04  0.2266E+03    65.0       96.81
   444.981    4.78    52.0  0.2368E+03  0.1487E-04  0.2292E+03    65.0       96.78
   446.920    4.81    53.0  0.2390E+03  0.1408E-04  0.2312E+03    65.0       96.76
   448.860    4.83    54.0  0.2406E+03  0.1310E-04  0.2327E+03    65.0       96.73
   450.799    4.85    55.0  0.2416E+03  0.1194E-04  0.2337E+03    65.0       96.72

     Querschnitte / mbarn

  E*/MeV   183At     184At     185At     186At     187At     188At     189At     190At     191At     192At  
    40.0 0.000E+00 0.000E+00 0.000E+00 0.000E+00 0.000E+00 0.000E+00 0.174E-06 0.251E-06 0.000E+00 0.000E+00
    41.0 0.000E+00 0.000E+00 0.000E+00 0.000E+00 0.000E+00 0.000E+00 0.160E-06 0.156E-06 0.000E+00 0.000E+00
    42.0 0.000E+00 0.000E+00 0.000E+00 0.000E+00 0.000E+00 0.000E+00 0.137E-06 0.961E-07 0.000E+00 0.000E+00
    43.0 0.000E+00 0.000E+00 0.000E+00 0.000E+00 0.000E+00 0.188E-13 0.111E-06 0.589E-07 0.000E+00 0.000E+00
    44.0 0.000E+00 0.000E+00 0.000E+00 0.000E+00 0.000E+00 0.570E-12 0.855E-07 0.357E-07 0.000E+00 0.000E+00
    45.0 0.000E+00 0.000E+00 0.000E+00 0.000E+00 0.000E+00 0.699E-11 0.636E-07 0.212E-07 0.000E+00 0.000E+00
    46.0 0.000E+00 0.000E+00 0.000E+00 0.000E+00 0.000E+00 0.472E-10 0.459E-07 0.124E-07 0.000E+00 0.000E+00
    47.0 0.000E+00 0.000E+00 0.000E+00 0.000E+00 0.000E+00 0.205E-09 0.323E-07 0.498E-08 0.000E+00 0.000E+00
    48.0 0.000E+00 0.000E+00 0.000E+00 0.000E+00 0.000E+00 0.629E-09 0.223E-07 0.156E-08 0.000E+00 0.000E+00
    49.0 0.000E+00 0.000E+00 0.000E+00 0.000E+00 0.000E+00 0.147E-08 0.151E-07 0.976E-09 0.000E+00 0.000E+00
    50.0 0.000E+00 0.000E+00 0.000E+00 0.000E+00 0.000E+00 0.276E-08 0.101E-07 0.600E-09 0.000E+00 0.000E+00
    51.0 0.000E+00 0.000E+00 0.000E+00 0.000E+00 0.000E+00 0.432E-08 0.670E-08 0.364E-09 0.000E+00 0.000E+00
    52.0 0.000E+00 0.000E+00 0.000E+00 0.000E+00 0.000E+00 0.587E-08 0.440E-08 0.000E+00 0.000E+00 0.000E+00
    53.0 0.000E+00 0.000E+00 0.000E+00 0.000E+00 0.000E+00 0.710E-08 0.287E-08 0.000E+00 0.000E+00 0.000E+00
    54.0 0.000E+00 0.000E+00 0.000E+00 0.000E+00 0.000E+00 0.785E-08 0.186E-08 0.000E+00 0.000E+00 0.000E+00
    55.0 0.000E+00 0.000E+00 0.000E+00 0.000E+00 0.642E-14 0.806E-08 0.119E-08 0.000E+00 0.000E+00 0.000E+00

  E*/MeV   182Po     183Po     184Po     185Po     186Po     187Po     188Po     189Po     190Po     191Po  
    40.0 0.000E+00 0.000E+00 0.000E+00 0.000E+00 0.000E+00 0.000E+00 0.328E-09 0.332E-05 0.606E-07 0.000E+00
    41.0 0.000E+00 0.000E+00 0.000E+00 0.000E+00 0.000E+00 0.000E+00 0.109E-08 0.286E-05 0.287E-07 0.000E+00
    42.0 0.000E+00 0.000E+00 0.000E+00 0.000E+00 0.000E+00 0.000E+00 0.295E-08 0.234E-05 0.304E-08 0.000E+00
    43.0 0.000E+00 0.000E+00 0.000E+00 0.000E+00 0.000E+00 0.000E+00 0.665E-08 0.183E-05 0.201E-08 0.000E+00
    44.0 0.000E+00 0.000E+00 0.000E+00 0.000E+00 0.000E+00 0.000E+00 0.127E-07 0.139E-05 0.000E+00 0.000E+00
    45.0 0.000E+00 0.000E+00 0.000E+00 0.000E+00 0.000E+00 0.000E+00 0.209E-07 0.102E-05 0.000E+00 0.000E+00
    46.0 0.000E+00 0.000E+00 0.000E+00 0.000E+00 0.000E+00 0.000E+00 0.304E-07 0.732E-06 0.000E+00 0.000E+00
    47.0 0.000E+00 0.000E+00 0.000E+00 0.000E+00 0.000E+00 0.000E+00 0.395E-07 0.514E-06 0.000E+00 0.000E+00
    48.0 0.000E+00 0.000E+00 0.000E+00 0.000E+00 0.000E+00 0.000E+00 0.466E-07 0.354E-06 0.000E+00 0.000E+00
    49.0 0.000E+00 0.000E+00 0.000E+00 0.000E+00 0.000E+00 0.683E-13 0.508E-07 0.240E-06 0.000E+00 0.000E+00
    50.0 0.000E+00 0.000E+00 0.000E+00 0.000E+00 0.000E+00 0.391E-12 0.518E-07 0.161E-06 0.000E+00 0.000E+00
    51.0 0.000E+00 0.000E+00 0.000E+00 0.000E+00 0.000E+00 0.182E-11 0.497E-07 0.107E-06 0.000E+00 0.000E+00
    52.0 0.000E+00 0.000E+00 0.000E+00 0.000E+00 0.000E+00 0.713E-11 0.455E-07 0.703E-07 0.000E+00 0.000E+00
    53.0 0.000E+00 0.000E+00 0.000E+00 0.000E+00 0.000E+00 0.239E-10 0.399E-07 0.458E-07 0.000E+00 0.000E+00
    54.0 0.000E+00 0.000E+00 0.000E+00 0.000E+00 0.000E+00 0.690E-10 0.338E-07 0.297E-07 0.000E+00 0.000E+00
    55.0 0.000E+00 0.000E+00 0.000E+00 0.000E+00 0.000E+00 0.173E-09 0.277E-07 0.191E-07 0.000E+00 0.000E+00

  E*/MeV   181Bi     182Bi     183Bi     184Bi     185Bi     186Bi     187Bi     188Bi     189Bi     190Bi  
    40.0 0.000E+00 0.000E+00 0.000E+00 0.000E+00 0.000E+00 0.390E-05 0.307E-05 0.109E-06 0.632E-04 0.996E-05
    41.0 0.000E+00 0.000E+00 0.000E+00 0.000E+00 0.328E-10 0.512E-05 0.192E-05 0.202E-06 0.552E-04 0.638E-05
    42.0 0.000E+00 0.000E+00 0.000E+00 0.000E+00 0.141E-09 0.613E-05 0.119E-05 0.404E-06 0.460E-04 0.403E-05
    43.0 0.000E+00 0.000E+00 0.000E+00 0.000E+00 0.505E-09 0.672E-05 0.729E-06 0.750E-06 0.369E-04 0.252E-05
    44.0 0.000E+00 0.000E+00 0.000E+00 0.000E+00 0.156E-08 0.683E-05 0.442E-06 0.131E-05 0.286E-04 0.155E-05
    45.0 0.000E+00 0.000E+00 0.000E+00 0.000E+00 0.421E-08 0.648E-05 0.266E-06 0.219E-05 0.215E-04 0.950E-06
    46.0 0.000E+00 0.000E+00 0.000E+00 0.000E+00 0.101E-07 0.579E-05 0.159E-06 0.337E-05 0.158E-04 0.575E-06
    47.0 0.000E+00 0.000E+00 0.000E+00 0.000E+00 0.218E-07 0.493E-05 0.942E-07 0.484E-05 0.114E-04 0.345E-06
    48.0 0.000E+00 0.000E+00 0.000E+00 0.000E+00 0.420E-07 0.402E-05 0.558E-07 0.648E-05 0.802E-05 0.205E-06
    49.0 0.000E+00 0.000E+00 0.000E+00 0.000E+00 0.732E-07 0.317E-05 0.331E-07 0.814E-05 0.557E-05 0.121E-06
    50.0 0.000E+00 0.000E+00 0.000E+00 0.000E+00 0.115E-06 0.242E-05 0.206E-07 0.964E-05 0.381E-05 0.704E-07
    51.0 0.000E+00 0.000E+00 0.000E+00 0.000E+00 0.165E-06 0.180E-05 0.142E-07 0.108E-04 0.258E-05 0.384E-07
    52.0 0.000E+00 0.000E+00 0.000E+00 0.000E+00 0.216E-06 0.132E-05 0.149E-07 0.114E-04 0.173E-05 0.201E-07
    53.0 0.000E+00 0.000E+00 0.000E+00 0.000E+00 0.261E-06 0.941E-06 0.244E-07 0.116E-04 0.115E-05 0.835E-08
    54.0 0.000E+00 0.000E+00 0.000E+00 0.119E-11 0.292E-06 0.663E-06 0.458E-07 0.113E-04 0.755E-06 0.000E+00
    55.0 0.000E+00 0.000E+00 0.000E+00 0.458E-11 0.307E-06 0.461E-06 0.821E-07 0.105E-04 0.494E-06 0.000E+00

 Z-Verteilung  
 E*/MeV     Bi         Po         At  
   40.0  0.803E-04 0.338E-05 0.425E-06
   41.0  0.688E-04 0.289E-05 0.316E-06
   42.0  0.577E-04 0.234E-05 0.233E-06
   43.0  0.476E-04 0.184E-05 0.170E-06
   44.0  0.387E-04 0.140E-05 0.121E-06
   45.0  0.314E-04 0.104E-05 0.848E-07
   46.0  0.257E-04 0.762E-06 0.583E-07
   47.0  0.216E-04 0.553E-06 0.375E-07
   48.0  0.188E-04 0.401E-06 0.245E-07
   49.0  0.171E-04 0.291E-06 0.176E-07
   50.0  0.161E-04 0.213E-06 0.135E-07
   51.0  0.154E-04 0.157E-06 0.114E-07
   52.0  0.147E-04 0.116E-06 0.103E-07
   53.0  0.140E-04 0.858E-07 0.997E-08
   54.0  0.130E-04 0.636E-07 0.971E-08
   55.0  0.119E-04 0.470E-07 0.925E-08

 Z und A Mittelwerte    
   E*/MeV     MW.Z  St.Abw.Z      MW.A  St.Abw.A
    40.0     83.05      0.24    188.91      0.82
    41.0     83.05      0.24    188.82      0.90
    42.0     83.05      0.23    188.72      0.99
    43.0     83.04      0.22    188.60      1.09
    44.0     83.04      0.21    188.48      1.17
    45.0     83.04      0.20    188.35      1.22
    46.0     83.03      0.19    188.23      1.24
    47.0     83.03      0.18    188.12      1.22
    48.0     83.02      0.16    188.03      1.16
    49.0     83.02      0.14    187.97      1.06
    50.0     83.01      0.13    187.93      0.96
    51.0     83.01      0.11    187.91      0.86
    52.0     83.01      0.10    187.90      0.78
    53.0     83.01      0.09    187.90      0.72
    54.0     83.01      0.09    187.89      0.67
    55.0     83.01      0.08    187.88      0.65

 HIVAP  CASOUT

   93Nb 99Ru 192At IFUS10 barfac0.51 sigr3.0 09/02/2023 13:43 Sitarcik  


     E_lab  A*MeV   E*/MeV     SI_fus      SI_VR     SI_Spalt  L_krit     b_Spalt

   452.738    4.87    56.0  0.2423E+03  0.1064E-04  0.2344E+03    65.0       96.71
   454.678    4.89    57.0  0.2427E+03  0.9299E-05  0.2347E+03    65.0       96.70
   456.617    4.91    58.0  0.2427E+03  0.7985E-05  0.2347E+03    65.0       96.70
   458.557    4.93    59.0  0.2425E+03  0.6765E-05  0.2345E+03    65.0       96.70
   460.496    4.95    60.0  0.2421E+03  0.5676E-05  0.2342E+03    65.0       96.71
   462.435    4.97    61.0  0.2416E+03  0.4735E-05  0.2336E+03    65.0       96.71
   464.375    4.99    62.0  0.2409E+03  0.3938E-05  0.2330E+03    65.0       96.72
   466.314    5.01    63.0  0.2402E+03  0.3272E-05  0.2323E+03    65.0       96.73
   468.253    5.03    64.0  0.2394E+03  0.2717E-05  0.2315E+03    65.0       96.74
   470.193    5.06    65.0  0.2385E+03  0.2255E-05  0.2307E+03    65.0       96.75
   472.132    5.08    66.0  0.2376E+03  0.1868E-05  0.2299E+03    65.0       96.76
   474.072    5.10    67.0  0.2366E+03  0.1548E-05  0.2290E+03    65.0       96.77
   476.011    5.12    68.0  0.2357E+03  0.1271E-05  0.2281E+03    65.0       96.78
   477.950    5.14    69.0  0.2348E+03  0.1027E-05  0.2272E+03    65.0       96.79
   479.890    5.16    70.0  0.2338E+03  0.8349E-06  0.2263E+03    65.0       96.81
   481.829    5.18    71.0  0.2329E+03  0.6519E-06  0.2255E+03    65.0       96.82

     Querschnitte / mbarn

  E*/MeV   183At     184At     185At     186At     187At     188At     189At     190At     191At     192At  
    56.0 0.000E+00 0.000E+00 0.000E+00 0.000E+00 0.567E-13 0.779E-08 0.760E-09 0.000E+00 0.000E+00 0.000E+00
    57.0 0.000E+00 0.000E+00 0.000E+00 0.000E+00 0.326E-12 0.716E-08 0.465E-09 0.000E+00 0.000E+00 0.000E+00
    58.0 0.000E+00 0.000E+00 0.000E+00 0.000E+00 0.132E-11 0.632E-08 0.221E-09 0.000E+00 0.000E+00 0.000E+00
    59.0 0.000E+00 0.000E+00 0.000E+00 0.000E+00 0.401E-11 0.538E-08 0.438E-10 0.000E+00 0.000E+00 0.000E+00
    60.0 0.000E+00 0.000E+00 0.000E+00 0.000E+00 0.958E-11 0.445E-08 0.000E+00 0.000E+00 0.000E+00 0.000E+00
    61.0 0.000E+00 0.000E+00 0.000E+00 0.000E+00 0.188E-10 0.359E-08 0.000E+00 0.000E+00 0.000E+00 0.000E+00
    62.0 0.000E+00 0.000E+00 0.000E+00 0.000E+00 0.316E-10 0.283E-08 0.000E+00 0.000E+00 0.000E+00 0.000E+00
    63.0 0.000E+00 0.000E+00 0.000E+00 0.000E+00 0.466E-10 0.219E-08 0.000E+00 0.000E+00 0.000E+00 0.000E+00
    64.0 0.000E+00 0.000E+00 0.000E+00 0.000E+00 0.619E-10 0.167E-08 0.000E+00 0.000E+00 0.000E+00 0.000E+00
    65.0 0.000E+00 0.000E+00 0.000E+00 0.000E+00 0.756E-10 0.126E-08 0.000E+00 0.000E+00 0.000E+00 0.000E+00
    66.0 0.000E+00 0.000E+00 0.000E+00 0.000E+00 0.859E-10 0.932E-09 0.000E+00 0.000E+00 0.000E+00 0.000E+00
    67.0 0.000E+00 0.000E+00 0.000E+00 0.000E+00 0.921E-10 0.684E-09 0.000E+00 0.000E+00 0.000E+00 0.000E+00
    68.0 0.000E+00 0.000E+00 0.000E+00 0.111E-15 0.939E-10 0.497E-09 0.000E+00 0.000E+00 0.000E+00 0.000E+00
    69.0 0.000E+00 0.000E+00 0.000E+00 0.831E-15 0.918E-10 0.358E-09 0.000E+00 0.000E+00 0.000E+00 0.000E+00
    70.0 0.000E+00 0.000E+00 0.000E+00 0.445E-14 0.865E-10 0.256E-09 0.000E+00 0.000E+00 0.000E+00 0.000E+00
    71.0 0.000E+00 0.000E+00 0.000E+00 0.181E-13 0.790E-10 0.182E-09 0.000E+00 0.000E+00 0.000E+00 0.000E+00

  E*/MeV   182Po     183Po     184Po     185Po     186Po     187Po     188Po     189Po     190Po     191Po  
    56.0 0.000E+00 0.000E+00 0.000E+00 0.000E+00 0.000E+00 0.381E-09 0.222E-07 0.121E-07 0.000E+00 0.000E+00
    57.0 0.000E+00 0.000E+00 0.000E+00 0.000E+00 0.000E+00 0.743E-09 0.173E-07 0.752E-08 0.000E+00 0.000E+00
    58.0 0.000E+00 0.000E+00 0.000E+00 0.000E+00 0.000E+00 0.129E-08 0.133E-07 0.419E-08 0.000E+00 0.000E+00
    59.0 0.000E+00 0.000E+00 0.000E+00 0.000E+00 0.000E+00 0.203E-08 0.100E-07 0.217E-08 0.000E+00 0.000E+00
    60.0 0.000E+00 0.000E+00 0.000E+00 0.000E+00 0.000E+00 0.292E-08 0.743E-08 0.365E-09 0.000E+00 0.000E+00
    61.0 0.000E+00 0.000E+00 0.000E+00 0.000E+00 0.215E-14 0.387E-08 0.544E-08 0.000E+00 0.000E+00 0.000E+00
    62.0 0.000E+00 0.000E+00 0.000E+00 0.000E+00 0.106E-13 0.478E-08 0.394E-08 0.000E+00 0.000E+00 0.000E+00
    63.0 0.000E+00 0.000E+00 0.000E+00 0.000E+00 0.429E-13 0.554E-08 0.282E-08 0.000E+00 0.000E+00 0.000E+00
    64.0 0.000E+00 0.000E+00 0.000E+00 0.000E+00 0.147E-12 0.608E-08 0.200E-08 0.000E+00 0.000E+00 0.000E+00
    65.0 0.000E+00 0.000E+00 0.000E+00 0.000E+00 0.428E-12 0.637E-08 0.141E-08 0.000E+00 0.000E+00 0.000E+00
    66.0 0.000E+00 0.000E+00 0.000E+00 0.000E+00 0.108E-11 0.639E-08 0.982E-09 0.000E+00 0.000E+00 0.000E+00
    67.0 0.000E+00 0.000E+00 0.000E+00 0.000E+00 0.242E-11 0.619E-08 0.668E-09 0.000E+00 0.000E+00 0.000E+00
    68.0 0.000E+00 0.000E+00 0.000E+00 0.000E+00 0.479E-11 0.579E-08 0.447E-09 0.000E+00 0.000E+00 0.000E+00
    69.0 0.000E+00 0.000E+00 0.000E+00 0.000E+00 0.856E-11 0.527E-08 0.283E-09 0.000E+00 0.000E+00 0.000E+00
    70.0 0.000E+00 0.000E+00 0.000E+00 0.000E+00 0.139E-10 0.468E-08 0.139E-09 0.000E+00 0.000E+00 0.000E+00
    71.0 0.000E+00 0.000E+00 0.000E+00 0.000E+00 0.209E-10 0.406E-08 0.189E-10 0.000E+00 0.000E+00 0.000E+00

  E*/MeV   181Bi     182Bi     183Bi     184Bi     185Bi     186Bi     187Bi     188Bi     189Bi     190Bi  
    56.0 0.000E+00 0.000E+00 0.000E+00 0.152E-10 0.305E-06 0.317E-06 0.137E-06 0.952E-05 0.321E-06 0.000E+00
    57.0 0.000E+00 0.000E+00 0.000E+00 0.447E-10 0.289E-06 0.216E-06 0.212E-06 0.834E-05 0.207E-06 0.000E+00
    58.0 0.000E+00 0.000E+00 0.000E+00 0.118E-09 0.262E-06 0.146E-06 0.307E-06 0.711E-05 0.132E-06 0.000E+00
    59.0 0.000E+00 0.000E+00 0.000E+00 0.279E-09 0.230E-06 0.976E-07 0.415E-06 0.592E-05 0.839E-07 0.000E+00
    60.0 0.000E+00 0.000E+00 0.000E+00 0.600E-09 0.195E-06 0.650E-07 0.529E-06 0.482E-05 0.525E-07 0.000E+00
    61.0 0.000E+00 0.000E+00 0.000E+00 0.118E-08 0.161E-06 0.431E-07 0.636E-06 0.385E-05 0.329E-07 0.000E+00
    62.0 0.000E+00 0.000E+00 0.000E+00 0.212E-08 0.130E-06 0.284E-07 0.728E-06 0.302E-05 0.198E-07 0.000E+00
    63.0 0.000E+00 0.000E+00 0.000E+00 0.351E-08 0.102E-06 0.188E-07 0.796E-06 0.233E-05 0.116E-07 0.000E+00
    64.0 0.000E+00 0.000E+00 0.000E+00 0.538E-08 0.793E-07 0.125E-07 0.834E-06 0.177E-05 0.661E-08 0.000E+00
    65.0 0.000E+00 0.000E+00 0.000E+00 0.766E-08 0.605E-07 0.857E-08 0.841E-06 0.133E-05 0.267E-08 0.000E+00
    66.0 0.000E+00 0.000E+00 0.000E+00 0.102E-07 0.456E-07 0.644E-08 0.820E-06 0.977E-06 0.000E+00 0.000E+00
    67.0 0.000E+00 0.000E+00 0.277E-12 0.127E-07 0.339E-07 0.573E-08 0.776E-06 0.712E-06 0.000E+00 0.000E+00
    68.0 0.000E+00 0.000E+00 0.840E-12 0.151E-07 0.249E-07 0.638E-08 0.713E-06 0.505E-06 0.000E+00 0.000E+00
    69.0 0.000E+00 0.000E+00 0.229E-11 0.169E-07 0.181E-07 0.841E-08 0.640E-06 0.338E-06 0.000E+00 0.000E+00
    70.0 0.000E+00 0.000E+00 0.563E-11 0.181E-07 0.131E-07 0.118E-07 0.561E-06 0.226E-06 0.000E+00 0.000E+00
    71.0 0.000E+00 0.000E+00 0.126E-10 0.186E-07 0.938E-08 0.168E-07 0.482E-06 0.121E-06 0.000E+00 0.000E+00

 Z-Verteilung  
 E*/MeV     Bi         Po         At  
   56.0  0.106E-04 0.347E-07 0.855E-08
   57.0  0.927E-05 0.256E-07 0.763E-08
   58.0  0.796E-05 0.188E-07 0.654E-08
   59.0  0.675E-05 0.142E-07 0.543E-08
   60.0  0.566E-05 0.107E-07 0.446E-08
   61.0  0.472E-05 0.931E-08 0.361E-08
   62.0  0.393E-05 0.872E-08 0.287E-08
   63.0  0.326E-05 0.836E-08 0.224E-08
   64.0  0.271E-05 0.809E-08 0.173E-08
   65.0  0.225E-05 0.777E-08 0.133E-08
   66.0  0.186E-05 0.738E-08 0.102E-08
   67.0  0.154E-05 0.686E-08 0.776E-09
   68.0  0.126E-05 0.625E-08 0.591E-09
   69.0  0.102E-05 0.557E-08 0.450E-09
   70.0  0.830E-06 0.483E-08 0.343E-09
   71.0  0.648E-06 0.410E-08 0.261E-09

 Z und A Mittelwerte    
   E*/MeV     MW.Z  St.Abw.Z      MW.A  St.Abw.A
    56.0     83.00      0.08    187.87      0.64
    57.0     83.00      0.08    187.86      0.63
    58.0     83.00      0.07    187.84      0.63
    59.0     83.00      0.07    187.82      0.64
    60.0     83.00      0.07    187.79      0.64
    61.0     83.00      0.07    187.75      0.65
    62.0     83.00      0.07    187.70      0.66
    63.0     83.00      0.07    187.65      0.67
    64.0     83.00      0.07    187.59      0.67
    65.0     83.00      0.08    187.52      0.68
    66.0     83.01      0.08    187.46      0.68
    67.0     83.01      0.08    187.39      0.69
    68.0     83.01      0.08    187.32      0.70
    69.0     83.01      0.08    187.24      0.71
    70.0     83.01      0.09    187.16      0.72
    71.0     83.01      0.09    187.05      0.72

 HIVAP  CASOUT

   93Nb 99Ru 192At IFUS10 barfac0.51 sigr3.0 09/02/2023 13:43 Sitarcik  


     E_lab  A*MeV   E*/MeV     SI_fus      SI_VR     SI_Spalt  L_krit     b_Spalt

   483.769    5.20    72.0  0.2319E+03  0.5087E-06  0.2246E+03    65.0       96.83
   485.708    5.22    73.0  0.2310E+03  0.4192E-06  0.2237E+03    65.0       96.84
   487.647    5.24    74.0  0.2301E+03  0.3358E-06  0.2228E+03    65.0       96.85
   489.587    5.26    75.0  0.2292E+03  0.2877E-06  0.2220E+03    65.0       96.86
   491.526    5.29    76.0  0.2283E+03  0.2467E-06  0.2211E+03    65.0       96.87
   493.466    5.31    77.0  0.2274E+03  0.2126E-06  0.2203E+03    65.0       96.88
   495.405    5.33    78.0  0.2265E+03  0.1831E-06  0.2194E+03    65.0       96.89
   497.344    5.35    79.0  0.2256E+03  0.1591E-06  0.2186E+03    65.0       96.90
   499.284    5.37    80.0  0.2247E+03  0.1346E-06  0.2178E+03    65.0       96.91
   501.223    5.39    81.0  0.2239E+03  0.1087E-06  0.2170E+03    65.0       96.92
   503.163    5.41    82.0  0.2230E+03  0.7821E-07  0.2161E+03    65.0       96.93
   505.102    5.43    83.0  0.2221E+03  0.7178E-07  0.2153E+03    65.0       96.94
   507.041    5.45    84.0  0.2213E+03  0.6700E-07  0.2145E+03    65.0       96.95
   508.981    5.47    85.0  0.2204E+03  0.1529E+01  0.2101E+03    65.0       95.29
   510.920    5.49    86.0  0.2196E+03  0.1491E+01  0.2092E+03    65.0       95.24
   512.860    5.51    87.0  0.2188E+03  0.1455E+01  0.2083E+03    65.0       95.20

     Querschnitte / mbarn

  E*/MeV   183At     184At     185At     186At     187At     188At     189At     190At     191At     192At  
    72.0 0.000E+00 0.000E+00 0.000E+00 0.581E-13 0.702E-10 0.128E-09 0.000E+00 0.000E+00 0.000E+00 0.000E+00
    73.0 0.000E+00 0.000E+00 0.000E+00 0.153E-12 0.609E-10 0.899E-10 0.000E+00 0.000E+00 0.000E+00 0.000E+00
    74.0 0.000E+00 0.000E+00 0.000E+00 0.342E-12 0.518E-10 0.618E-10 0.000E+00 0.000E+00 0.000E+00 0.000E+00
    75.0 0.000E+00 0.000E+00 0.000E+00 0.661E-12 0.432E-10 0.424E-10 0.000E+00 0.000E+00 0.000E+00 0.000E+00
    76.0 0.000E+00 0.000E+00 0.000E+00 0.113E-11 0.354E-10 0.281E-10 0.000E+00 0.000E+00 0.000E+00 0.000E+00
    77.0 0.000E+00 0.000E+00 0.000E+00 0.176E-11 0.286E-10 0.146E-10 0.000E+00 0.000E+00 0.000E+00 0.000E+00
    78.0 0.000E+00 0.000E+00 0.000E+00 0.250E-11 0.228E-10 0.729E-11 0.000E+00 0.000E+00 0.000E+00 0.000E+00
    79.0 0.000E+00 0.000E+00 0.000E+00 0.332E-11 0.180E-10 0.388E-12 0.000E+00 0.000E+00 0.000E+00 0.000E+00
    80.0 0.000E+00 0.000E+00 0.240E-17 0.413E-11 0.140E-10 0.000E+00 0.000E+00 0.000E+00 0.000E+00 0.000E+00
    81.0 0.000E+00 0.000E+00 0.131E-16 0.487E-11 0.109E-10 0.000E+00 0.000E+00 0.000E+00 0.000E+00 0.000E+00
    82.0 0.000E+00 0.000E+00 0.562E-16 0.548E-11 0.831E-11 0.000E+00 0.000E+00 0.000E+00 0.000E+00 0.000E+00
    83.0 0.000E+00 0.000E+00 0.194E-15 0.593E-11 0.632E-11 0.000E+00 0.000E+00 0.000E+00 0.000E+00 0.000E+00
    84.0 0.000E+00 0.000E+00 0.556E-15 0.618E-11 0.476E-11 0.000E+00 0.000E+00 0.000E+00 0.000E+00 0.000E+00
    85.0 0.000E+00 0.000E+00 0.000E+00 0.000E+00 0.356E-11 0.000E+00 0.000E+00 0.000E+00 0.000E+00 0.153E+01
    86.0 0.000E+00 0.000E+00 0.000E+00 0.000E+00 0.262E-11 0.000E+00 0.000E+00 0.000E+00 0.000E+00 0.149E+01
    87.0 0.000E+00 0.000E+00 0.000E+00 0.000E+00 0.190E-11 0.000E+00 0.000E+00 0.000E+00 0.000E+00 0.145E+01

  E*/MeV   182Po     183Po     184Po     185Po     186Po     187Po     188Po     189Po     190Po     191Po  
    72.0 0.000E+00 0.000E+00 0.000E+00 0.000E+00 0.292E-10 0.345E-08 0.000E+00 0.000E+00 0.000E+00 0.000E+00
    73.0 0.000E+00 0.000E+00 0.000E+00 0.398E-15 0.381E-10 0.288E-08 0.000E+00 0.000E+00 0.000E+00 0.000E+00
    74.0 0.000E+00 0.000E+00 0.000E+00 0.113E-14 0.471E-10 0.237E-08 0.000E+00 0.000E+00 0.000E+00 0.000E+00
    75.0 0.000E+00 0.000E+00 0.000E+00 0.281E-14 0.552E-10 0.192E-08 0.000E+00 0.000E+00 0.000E+00 0.000E+00
    76.0 0.000E+00 0.000E+00 0.000E+00 0.648E-14 0.620E-10 0.153E-08 0.000E+00 0.000E+00 0.000E+00 0.000E+00
    77.0 0.000E+00 0.000E+00 0.000E+00 0.146E-13 0.668E-10 0.121E-08 0.000E+00 0.000E+00 0.000E+00 0.000E+00
    78.0 0.000E+00 0.000E+00 0.000E+00 0.323E-13 0.695E-10 0.948E-09 0.000E+00 0.000E+00 0.000E+00 0.000E+00
    79.0 0.000E+00 0.000E+00 0.000E+00 0.701E-13 0.701E-10 0.734E-09 0.000E+00 0.000E+00 0.000E+00 0.000E+00
    80.0 0.000E+00 0.000E+00 0.000E+00 0.146E-12 0.686E-10 0.564E-09 0.000E+00 0.000E+00 0.000E+00 0.000E+00
    81.0 0.000E+00 0.000E+00 0.000E+00 0.288E-12 0.656E-10 0.429E-09 0.000E+00 0.000E+00 0.000E+00 0.000E+00
    82.0 0.000E+00 0.000E+00 0.000E+00 0.531E-12 0.612E-10 0.325E-09 0.000E+00 0.000E+00 0.000E+00 0.000E+00
    83.0 0.000E+00 0.000E+00 0.000E+00 0.916E-12 0.559E-10 0.243E-09 0.000E+00 0.000E+00 0.000E+00 0.000E+00
    84.0 0.000E+00 0.000E+00 0.000E+00 0.148E-11 0.502E-10 0.181E-09 0.000E+00 0.000E+00 0.000E+00 0.000E+00
    85.0 0.000E+00 0.000E+00 0.000E+00 0.146E-11 0.397E-10 0.133E-09 0.000E+00 0.000E+00 0.000E+00 0.000E+00
    86.0 0.000E+00 0.000E+00 0.000E+00 0.215E-11 0.346E-10 0.970E-10 0.000E+00 0.000E+00 0.000E+00 0.000E+00
    87.0 0.000E+00 0.000E+00 0.000E+00 0.299E-11 0.297E-10 0.694E-10 0.000E+00 0.000E+00 0.000E+00 0.000E+00

  E*/MeV   181Bi     182Bi     183Bi     184Bi     185Bi     186Bi     187Bi     188Bi     189Bi     190Bi  
    72.0 0.000E+00 0.000E+00 0.258E-10 0.185E-07 0.668E-08 0.230E-07 0.406E-06 0.506E-07 0.000E+00 0.000E+00
    73.0 0.000E+00 0.000E+00 0.485E-10 0.178E-07 0.473E-08 0.303E-07 0.337E-06 0.267E-07 0.000E+00 0.000E+00
    74.0 0.000E+00 0.000E+00 0.839E-10 0.166E-07 0.333E-08 0.383E-07 0.275E-06 0.000E+00 0.000E+00 0.000E+00
    75.0 0.000E+00 0.000E+00 0.135E-09 0.151E-07 0.234E-08 0.464E-07 0.222E-06 0.000E+00 0.000E+00 0.000E+00
    76.0 0.000E+00 0.000E+00 0.201E-09 0.134E-07 0.164E-08 0.540E-07 0.176E-06 0.000E+00 0.000E+00 0.000E+00
    77.0 0.000E+00 0.000E+00 0.282E-09 0.117E-07 0.118E-08 0.607E-07 0.137E-06 0.000E+00 0.000E+00 0.000E+00
    78.0 0.000E+00 0.000E+00 0.372E-09 0.997E-08 0.883E-09 0.659E-07 0.105E-06 0.000E+00 0.000E+00 0.000E+00
    79.0 0.000E+00 0.000E+00 0.466E-09 0.838E-08 0.722E-09 0.694E-07 0.793E-07 0.000E+00 0.000E+00 0.000E+00
    80.0 0.000E+00 0.000E+00 0.556E-09 0.694E-08 0.687E-09 0.711E-07 0.547E-07 0.000E+00 0.000E+00 0.000E+00
    81.0 0.000E+00 0.144E-13 0.635E-09 0.567E-08 0.761E-09 0.709E-07 0.302E-07 0.000E+00 0.000E+00 0.000E+00
    82.0 0.000E+00 0.389E-13 0.697E-09 0.457E-08 0.938E-09 0.691E-07 0.249E-08 0.000E+00 0.000E+00 0.000E+00
    83.0 0.000E+00 0.960E-13 0.739E-09 0.365E-08 0.121E-08 0.659E-07 0.000E+00 0.000E+00 0.000E+00 0.000E+00
    84.0 0.000E+00 0.218E-12 0.759E-09 0.289E-08 0.158E-08 0.615E-07 0.000E+00 0.000E+00 0.000E+00 0.000E+00
    85.0 0.000E+00 0.000E+00 0.000E+00 0.000E+00 0.000E+00 0.000E+00 0.000E+00 0.000E+00 0.000E+00 0.000E+00
    86.0 0.000E+00 0.000E+00 0.000E+00 0.000E+00 0.000E+00 0.000E+00 0.000E+00 0.000E+00 0.000E+00 0.000E+00
    87.0 0.000E+00 0.000E+00 0.000E+00 0.000E+00 0.000E+00 0.000E+00 0.000E+00 0.000E+00 0.000E+00 0.000E+00

 Z-Verteilung  
 E*/MeV     Bi         Po         At  
   72.0  0.505E-06 0.348E-08 0.199E-09
   73.0  0.416E-06 0.292E-08 0.151E-09
   74.0  0.333E-06 0.242E-08 0.114E-09
   75.0  0.286E-06 0.197E-08 0.862E-10
   76.0  0.245E-06 0.160E-08 0.647E-10
   77.0  0.211E-06 0.128E-08 0.450E-10
   78.0  0.182E-06 0.102E-08 0.326E-10
   79.0  0.158E-06 0.804E-09 0.217E-10
   80.0  0.134E-06 0.633E-09 0.182E-10
   81.0  0.108E-06 0.495E-09 0.157E-10
   82.0  0.778E-07 0.386E-09 0.138E-10
   83.0  0.715E-07 0.300E-09 0.122E-10
   84.0  0.668E-07 0.232E-09 0.109E-10
   85.0  0.000E+00 0.175E-09 0.153E+01
   86.0  0.000E+00 0.134E-09 0.149E+01
   87.0  0.000E+00 0.102E-09 0.145E+01

 Z und A Mittelwerte    
   E*/MeV     MW.Z  St.Abw.Z      MW.A  St.Abw.A
    72.0     83.01      0.09    186.92      0.72
    73.0     83.01      0.09    186.84      0.73
    74.0     83.01      0.09    186.72      0.72
    75.0     83.01      0.09    186.66      0.75
    76.0     83.01      0.09    186.60      0.77
    77.0     83.01      0.08    186.53      0.78
    78.0     83.01      0.08    186.46      0.78
    79.0     83.01      0.07    186.38      0.77
    80.0     83.00      0.07    186.29      0.76
    81.0     83.00      0.07    186.15      0.73
    82.0     83.01      0.07    185.88      0.59
    83.0     83.00      0.07    185.85      0.54
    84.0     83.00      0.06    185.86      0.53
    85.0     85.00      0.00    192.00      0.00
    86.0     85.00      0.00    192.00      0.00
    87.0     85.00      0.00    192.00      0.00

 HIVAP  CASOUT

   93Nb 99Ru 192At IFUS10 barfac0.51 sigr3.0 09/02/2023 13:43 Sitarcik  


     E_lab  A*MeV   E*/MeV     SI_fus      SI_VR     SI_Spalt  L_krit     b_Spalt

   514.799    5.54    88.0  0.2180E+03  0.1419E+01  0.2074E+03    65.0       95.16
   516.738    5.56    89.0  0.2171E+03  0.1384E+01  0.2065E+03    65.0       95.11
   518.678    5.58    90.0  0.2163E+03  0.1350E+01  0.2057E+03    65.0       95.07
   520.617    5.60    91.0  0.2155E+03  0.1317E+01  0.2048E+03    65.0       95.02

     Querschnitte / mbarn

  E*/MeV   183At     184At     185At     186At     187At     188At     189At     190At     191At     192At  
    88.0 0.000E+00 0.000E+00 0.000E+00 0.000E+00 0.133E-11 0.000E+00 0.000E+00 0.000E+00 0.000E+00 0.142E+01
    89.0 0.000E+00 0.000E+00 0.000E+00 0.000E+00 0.822E-12 0.000E+00 0.000E+00 0.000E+00 0.000E+00 0.138E+01
    90.0 0.000E+00 0.000E+00 0.000E+00 0.000E+00 0.467E-12 0.000E+00 0.000E+00 0.000E+00 0.000E+00 0.135E+01
    91.0 0.000E+00 0.000E+00 0.000E+00 0.000E+00 0.268E-12 0.000E+00 0.000E+00 0.000E+00 0.000E+00 0.132E+01

  E*/MeV   182Po     183Po     184Po     185Po     186Po     187Po     188Po     189Po     190Po     191Po  
    88.0 0.000E+00 0.000E+00 0.123E-16 0.394E-11 0.251E-10 0.485E-10 0.000E+00 0.000E+00 0.000E+00 0.000E+00
    89.0 0.000E+00 0.000E+00 0.382E-16 0.497E-11 0.210E-10 0.310E-10 0.000E+00 0.000E+00 0.000E+00 0.000E+00
    90.0 0.000E+00 0.000E+00 0.105E-15 0.600E-11 0.174E-10 0.151E-10 0.000E+00 0.000E+00 0.000E+00 0.000E+00
    91.0 0.000E+00 0.000E+00 0.295E-15 0.775E-11 0.158E-10 0.657E-11 0.000E+00 0.000E+00 0.000E+00 0.000E+00

  E*/MeV   181Bi     182Bi     183Bi     184Bi     185Bi     186Bi     187Bi     188Bi     189Bi     190Bi  
    88.0 0.000E+00 0.000E+00 0.000E+00 0.000E+00 0.000E+00 0.000E+00 0.000E+00 0.000E+00 0.000E+00 0.000E+00
    89.0 0.000E+00 0.000E+00 0.000E+00 0.000E+00 0.000E+00 0.000E+00 0.000E+00 0.000E+00 0.000E+00 0.000E+00
    90.0 0.000E+00 0.000E+00 0.000E+00 0.000E+00 0.000E+00 0.000E+00 0.000E+00 0.000E+00 0.000E+00 0.000E+00
    91.0 0.000E+00 0.000E+00 0.000E+00 0.000E+00 0.000E+00 0.000E+00 0.000E+00 0.000E+00 0.000E+00 0.000E+00

 Z-Verteilung  
 E*/MeV     Bi         Po         At  
   88.0  0.000E+00 0.776E-10 0.142E+01
   89.0  0.000E+00 0.570E-10 0.138E+01
   90.0  0.000E+00 0.385E-10 0.135E+01
   91.0  0.000E+00 0.301E-10 0.132E+01

 Z und A Mittelwerte    
   E*/MeV     MW.Z  St.Abw.Z      MW.A  St.Abw.A
    88.0     85.00      0.00    192.00      0.00
    89.0     85.00      0.00    192.00      0.00
    90.0     85.00      0.00    192.00      0.00
    91.0     85.00      0.00    192.00      0.00
                                                                        
           



 Ende HIVAP 
