          Programm HIVAP,  Autor  W.Reisdorf   Version fuer "rzri6f" vom  7. 6. 1994

           Bearbeitung F.P.Heﬂberger
           
   90Zr 103Rh 193At IFUS10 barfac0.48 sigr3.0 09/11/2023 10:37 Sitarcik 
           

 Unterprogramm SEPENF

 benutzt Sierks Programm BARFIT 
 Q-Wert  -176.768 MeV
 Massen aus der Datei "mlz.dat" 

         Exp. Schaleneffekte,  SHELL0=    0.00
          At  184   At  185   At  186   At  187   At  188   At  189   At  190   At  191   At  192   At  193
             -0.96     -0.15     -0.95     -0.13     -0.92     -0.10     -0.88     -0.07     -0.87     -0.14
          Po  183   Po  184   Po  185   Po  186   Po  187   Po  188   Po  189   Po  190   Po  191   Po  192
             -0.41      0.51     -0.23      0.60     -0.21      0.55     -0.34      0.34     -0.63     -0.03
          Bi  182   Bi  183   Bi  184   Bi  185   Bi  186   Bi  187   Bi  188   Bi  189   Bi  190   Bi  191
             -2.02     -1.09     -1.82     -0.98     -1.79     -1.03     -1.92     -1.24     -2.20     -1.60
          Pb  181   Pb  182   Pb  183   Pb  184   Pb  185   Pb  186   Pb  187   Pb  188   Pb  189   Pb  190
             -2.05     -1.11     -1.85     -1.00     -1.81     -1.05     -1.94     -1.26     -2.22     -1.62

           BARFAC=   0.480      BAR0=   0.000

          Separationsenergien (BN,BP,BA) und Spaltbarrieren
          At  184   At  185   At  186   At  187   At  188   At  189   At  190   At  191   At  192   At  193
             10.83     12.24     10.41     11.81     10.00     11.40      9.60     11.01      9.25     10.70
             -2.63     -2.25     -1.92     -1.64     -1.40     -1.20     -1.04     -0.93     -0.82     -0.71
             -9.93     -9.63     -9.36     -9.14     -8.96     -8.83     -8.72     -8.66     -8.59     -8.53
              2.98      2.28      3.20      2.50      3.41      2.70      3.60      2.90      3.82      3.20
             -1.62     -0.81     -1.61     -0.80     -1.60     -0.80     -1.60     -0.80     -1.59     -0.79
          Po  183   Po  184   Po  185   Po  186   Po  187   Po  188   Po  189   Po  190   Po  191   Po  192
             10.41     11.86     10.08     11.54      9.75     11.20      9.44     10.89      9.14     10.58
             -1.08     -0.82     -0.54     -0.28     -0.02      0.24      0.50      0.75      1.01      1.26
            -10.16     -9.96     -9.74     -9.53     -9.32     -9.12     -8.90     -8.69     -8.47     -8.26
              2.88      2.08      2.96      2.25      3.19      2.55      3.56      3.01      4.10      3.62
             -0.81      0.00     -0.81      0.00     -0.80      0.00     -0.80      0.00     -0.80      0.00
          Bi  182   Bi  183   Bi  184   Bi  185   Bi  186   Bi  187   Bi  188   Bi  189   Bi  190   Bi  191
             10.14     11.60      9.81     11.27      9.49     10.95      9.18     10.64      8.88     10.33
             -2.30     -2.03     -1.76     -1.49     -1.22     -0.96     -0.69     -0.43     -0.17      0.09
             -8.19     -7.99     -7.78     -7.58     -7.36     -7.16     -6.93     -6.73     -6.50     -6.30
              4.99      4.20      5.07      4.36      5.31      4.68      5.69      5.14      6.23      5.75
             -1.63     -0.81     -1.62     -0.81     -1.61     -0.80     -1.60     -0.80     -1.60     -0.80
          Pb  181   Pb  182   Pb  183   Pb  184   Pb  185   Pb  186   Pb  187   Pb  188   Pb  189   Pb  190
              9.86     11.33      9.54     11.00      9.22     10.68      8.92     10.38      8.62     10.08
              1.42      1.68      1.94      2.20      2.46      2.71      2.97      3.22      3.47      3.72
             -6.22     -6.03     -5.81     -5.61     -5.39     -5.19     -4.97     -4.76     -4.54     -4.33
              5.58      4.79      5.67      4.96      5.91      5.28      6.31      5.75      6.84      6.37
             -0.82      0.00     -0.81      0.00     -0.81      0.00     -0.80      0.00     -0.80      0.00

 benutzter Q-Wert  -176.768 MeV    effektiver Q-Wert  -176.768 MeV

 HIVAP  CASOUT

   90Zr 103Rh 193At IFUS10 barfac0.48 sigr3.0 09/11/2023 10:37 Sitarcik 


     E_lab  A*MeV   E*/MeV     SI_fus      SI_VR     SI_Spalt  L_krit     b_Spalt

   346.215    3.85     8.0  0.7449E-04  0.2396E-07  0.7447E-04     0.0       99.97
   348.089    3.87     9.0  0.3763E-03  0.7747E-07  0.3762E-03     0.0       99.98
   349.963    3.89    10.0  0.1798E-02  0.3627E-06  0.1798E-02     0.0       99.98
   351.837    3.91    11.0  0.7419E-02  0.1507E-05  0.7418E-02     0.0       99.98
   353.711    3.93    12.0  0.2405E-01  0.4322E-05  0.2404E-01     0.0       99.98
   355.584    3.95    13.0  0.6101E-01  0.9371E-05  0.6100E-01     0.0       99.98
   357.458    3.97    14.0  0.1312E+00  0.1802E-04  0.1311E+00     0.0       99.99
   359.332    3.99    15.0  0.2565E+00  0.3688E-04  0.2565E+00     0.0       99.99
   361.206    4.01    16.0  0.4634E+00  0.6902E-04  0.4634E+00     0.0       99.99
   363.079    4.03    17.0  0.7859E+00  0.8570E-04  0.7858E+00     0.0       99.99
   364.953    4.06    18.0  0.1268E+01  0.9026E-04  0.1268E+01     0.0       99.99
   366.827    4.08    19.0  0.1962E+01  0.8651E-04  0.1962E+01     0.0      100.00
   368.701    4.10    20.0  0.2938E+01  0.7840E-04  0.2938E+01     0.0       99.99
   370.575    4.12    21.0  0.4270E+01  0.6900E-04  0.4269E+01     0.0       99.99
   372.448    4.14    22.0  0.6047E+01  0.6240E-04  0.6044E+01     0.0       99.96
   374.322    4.16    23.0  0.8351E+01  0.6128E-04  0.8346E+01     0.0       99.93

     Querschnitte / mbarn

  E*/MeV   184At     185At     186At     187At     188At     189At     190At     191At     192At     193At  
     8.0 0.000E+00 0.000E+00 0.000E+00 0.000E+00 0.000E+00 0.000E+00 0.000E+00 0.000E+00 0.000E+00 0.192E-07
     9.0 0.000E+00 0.000E+00 0.000E+00 0.000E+00 0.000E+00 0.000E+00 0.000E+00 0.000E+00 0.000E+00 0.336E-07
    10.0 0.000E+00 0.000E+00 0.000E+00 0.000E+00 0.000E+00 0.000E+00 0.000E+00 0.000E+00 0.000E+00 0.556E-07
    11.0 0.000E+00 0.000E+00 0.000E+00 0.000E+00 0.000E+00 0.000E+00 0.000E+00 0.000E+00 0.880E-10 0.783E-07
    12.0 0.000E+00 0.000E+00 0.000E+00 0.000E+00 0.000E+00 0.000E+00 0.000E+00 0.000E+00 0.399E-07 0.878E-07
    13.0 0.000E+00 0.000E+00 0.000E+00 0.000E+00 0.000E+00 0.000E+00 0.000E+00 0.000E+00 0.109E-05 0.909E-07
    14.0 0.000E+00 0.000E+00 0.000E+00 0.000E+00 0.000E+00 0.000E+00 0.000E+00 0.000E+00 0.557E-05 0.900E-07
    15.0 0.000E+00 0.000E+00 0.000E+00 0.000E+00 0.000E+00 0.000E+00 0.000E+00 0.000E+00 0.202E-04 0.944E-07
    16.0 0.000E+00 0.000E+00 0.000E+00 0.000E+00 0.000E+00 0.000E+00 0.000E+00 0.000E+00 0.477E-04 0.882E-07
    17.0 0.000E+00 0.000E+00 0.000E+00 0.000E+00 0.000E+00 0.000E+00 0.000E+00 0.000E+00 0.588E-04 0.780E-07
    18.0 0.000E+00 0.000E+00 0.000E+00 0.000E+00 0.000E+00 0.000E+00 0.000E+00 0.000E+00 0.574E-04 0.578E-07
    19.0 0.000E+00 0.000E+00 0.000E+00 0.000E+00 0.000E+00 0.000E+00 0.000E+00 0.000E+00 0.491E-04 0.705E-07
    20.0 0.000E+00 0.000E+00 0.000E+00 0.000E+00 0.000E+00 0.000E+00 0.000E+00 0.000E+00 0.388E-04 0.726E-07
    21.0 0.000E+00 0.000E+00 0.000E+00 0.000E+00 0.000E+00 0.000E+00 0.000E+00 0.451E-09 0.288E-04 0.539E-07
    22.0 0.000E+00 0.000E+00 0.000E+00 0.000E+00 0.000E+00 0.000E+00 0.000E+00 0.127E-07 0.206E-04 0.000E+00
    23.0 0.000E+00 0.000E+00 0.000E+00 0.000E+00 0.000E+00 0.000E+00 0.000E+00 0.121E-06 0.143E-04 0.000E+00

  E*/MeV   183Po     184Po     185Po     186Po     187Po     188Po     189Po     190Po     191Po     192Po  
     8.0 0.000E+00 0.000E+00 0.000E+00 0.000E+00 0.000E+00 0.000E+00 0.000E+00 0.000E+00 0.000E+00 0.472E-08
     9.0 0.000E+00 0.000E+00 0.000E+00 0.000E+00 0.000E+00 0.000E+00 0.000E+00 0.000E+00 0.000E+00 0.434E-07
    10.0 0.000E+00 0.000E+00 0.000E+00 0.000E+00 0.000E+00 0.000E+00 0.000E+00 0.000E+00 0.000E+00 0.302E-06
    11.0 0.000E+00 0.000E+00 0.000E+00 0.000E+00 0.000E+00 0.000E+00 0.000E+00 0.000E+00 0.000E+00 0.139E-05
    12.0 0.000E+00 0.000E+00 0.000E+00 0.000E+00 0.000E+00 0.000E+00 0.000E+00 0.000E+00 0.000E+00 0.401E-05
    13.0 0.000E+00 0.000E+00 0.000E+00 0.000E+00 0.000E+00 0.000E+00 0.000E+00 0.000E+00 0.000E+00 0.752E-05
    14.0 0.000E+00 0.000E+00 0.000E+00 0.000E+00 0.000E+00 0.000E+00 0.000E+00 0.000E+00 0.000E+00 0.105E-04
    15.0 0.000E+00 0.000E+00 0.000E+00 0.000E+00 0.000E+00 0.000E+00 0.000E+00 0.000E+00 0.239E-11 0.120E-04
    16.0 0.000E+00 0.000E+00 0.000E+00 0.000E+00 0.000E+00 0.000E+00 0.000E+00 0.000E+00 0.515E-09 0.120E-04
    17.0 0.000E+00 0.000E+00 0.000E+00 0.000E+00 0.000E+00 0.000E+00 0.000E+00 0.000E+00 0.513E-08 0.107E-04
    18.0 0.000E+00 0.000E+00 0.000E+00 0.000E+00 0.000E+00 0.000E+00 0.000E+00 0.000E+00 0.292E-07 0.882E-05
    19.0 0.000E+00 0.000E+00 0.000E+00 0.000E+00 0.000E+00 0.000E+00 0.000E+00 0.000E+00 0.139E-06 0.688E-05
    20.0 0.000E+00 0.000E+00 0.000E+00 0.000E+00 0.000E+00 0.000E+00 0.000E+00 0.000E+00 0.518E-06 0.512E-05
    21.0 0.000E+00 0.000E+00 0.000E+00 0.000E+00 0.000E+00 0.000E+00 0.000E+00 0.000E+00 0.157E-05 0.367E-05
    22.0 0.000E+00 0.000E+00 0.000E+00 0.000E+00 0.000E+00 0.000E+00 0.000E+00 0.000E+00 0.392E-05 0.255E-05
    23.0 0.000E+00 0.000E+00 0.000E+00 0.000E+00 0.000E+00 0.000E+00 0.000E+00 0.000E+00 0.802E-05 0.173E-05

  E*/MeV   182Bi     183Bi     184Bi     185Bi     186Bi     187Bi     188Bi     189Bi     190Bi     191Bi  
     8.0 0.000E+00 0.000E+00 0.000E+00 0.000E+00 0.000E+00 0.000E+00 0.000E+00 0.360E-10 0.000E+00 0.000E+00
     9.0 0.000E+00 0.000E+00 0.000E+00 0.000E+00 0.000E+00 0.000E+00 0.000E+00 0.454E-09 0.000E+00 0.000E+00
    10.0 0.000E+00 0.000E+00 0.000E+00 0.000E+00 0.000E+00 0.000E+00 0.000E+00 0.479E-08 0.000E+00 0.000E+00
    11.0 0.000E+00 0.000E+00 0.000E+00 0.000E+00 0.000E+00 0.000E+00 0.000E+00 0.353E-07 0.000E+00 0.846E-13
    12.0 0.000E+00 0.000E+00 0.000E+00 0.000E+00 0.000E+00 0.000E+00 0.000E+00 0.188E-06 0.000E+00 0.393E-11
    13.0 0.000E+00 0.000E+00 0.000E+00 0.000E+00 0.000E+00 0.000E+00 0.000E+00 0.669E-06 0.000E+00 0.561E-10
    14.0 0.000E+00 0.000E+00 0.000E+00 0.000E+00 0.000E+00 0.000E+00 0.000E+00 0.190E-05 0.000E+00 0.478E-09
    15.0 0.000E+00 0.000E+00 0.000E+00 0.000E+00 0.000E+00 0.000E+00 0.000E+00 0.456E-05 0.000E+00 0.294E-08
    16.0 0.000E+00 0.000E+00 0.000E+00 0.000E+00 0.000E+00 0.000E+00 0.000E+00 0.929E-05 0.000E+00 0.138E-07
    17.0 0.000E+00 0.000E+00 0.000E+00 0.000E+00 0.000E+00 0.000E+00 0.000E+00 0.161E-04 0.000E+00 0.526E-07
    18.0 0.000E+00 0.000E+00 0.000E+00 0.000E+00 0.000E+00 0.000E+00 0.495E-10 0.236E-04 0.000E+00 0.170E-06
    19.0 0.000E+00 0.000E+00 0.000E+00 0.000E+00 0.000E+00 0.000E+00 0.725E-09 0.296E-04 0.000E+00 0.475E-06
    20.0 0.000E+00 0.000E+00 0.000E+00 0.000E+00 0.000E+00 0.000E+00 0.485E-08 0.321E-04 0.000E+00 0.118E-05
    21.0 0.000E+00 0.000E+00 0.000E+00 0.000E+00 0.000E+00 0.000E+00 0.225E-07 0.309E-04 0.000E+00 0.263E-05
    22.0 0.000E+00 0.000E+00 0.000E+00 0.000E+00 0.000E+00 0.000E+00 0.844E-07 0.273E-04 0.700E-12 0.525E-05
    23.0 0.000E+00 0.000E+00 0.000E+00 0.000E+00 0.000E+00 0.000E+00 0.269E-06 0.224E-04 0.123E-10 0.936E-05

  E*/MeV   181Pb     182Pb     183Pb     184Pb     185Pb     186Pb     187Pb     188Pb     189Pb     190Pb  
     8.0 0.000E+00 0.000E+00 0.000E+00 0.000E+00 0.000E+00 0.000E+00 0.000E+00 0.000E+00 0.000E+00 0.000E+00
     9.0 0.000E+00 0.000E+00 0.000E+00 0.000E+00 0.000E+00 0.000E+00 0.000E+00 0.000E+00 0.000E+00 0.000E+00
    10.0 0.000E+00 0.000E+00 0.000E+00 0.000E+00 0.000E+00 0.000E+00 0.000E+00 0.000E+00 0.000E+00 0.000E+00
    11.0 0.000E+00 0.000E+00 0.000E+00 0.000E+00 0.000E+00 0.000E+00 0.000E+00 0.000E+00 0.000E+00 0.000E+00
    12.0 0.000E+00 0.000E+00 0.000E+00 0.000E+00 0.000E+00 0.000E+00 0.000E+00 0.686E-10 0.000E+00 0.000E+00
    13.0 0.000E+00 0.000E+00 0.000E+00 0.000E+00 0.000E+00 0.000E+00 0.000E+00 0.398E-09 0.000E+00 0.000E+00
    14.0 0.000E+00 0.000E+00 0.000E+00 0.000E+00 0.000E+00 0.000E+00 0.000E+00 0.171E-08 0.000E+00 0.000E+00
    15.0 0.000E+00 0.000E+00 0.000E+00 0.000E+00 0.000E+00 0.000E+00 0.000E+00 0.602E-08 0.000E+00 0.000E+00
    16.0 0.000E+00 0.000E+00 0.000E+00 0.000E+00 0.000E+00 0.000E+00 0.000E+00 0.179E-07 0.000E+00 0.972E-14
    17.0 0.000E+00 0.000E+00 0.000E+00 0.000E+00 0.000E+00 0.000E+00 0.000E+00 0.471E-07 0.000E+00 0.244E-12
    18.0 0.000E+00 0.000E+00 0.000E+00 0.000E+00 0.000E+00 0.000E+00 0.000E+00 0.114E-06 0.000E+00 0.288E-11
    19.0 0.000E+00 0.000E+00 0.000E+00 0.000E+00 0.000E+00 0.000E+00 0.000E+00 0.264E-06 0.000E+00 0.218E-10
    20.0 0.000E+00 0.000E+00 0.000E+00 0.000E+00 0.000E+00 0.000E+00 0.000E+00 0.596E-06 0.000E+00 0.120E-09
    21.0 0.000E+00 0.000E+00 0.000E+00 0.000E+00 0.000E+00 0.000E+00 0.000E+00 0.129E-05 0.000E+00 0.517E-09
    22.0 0.000E+00 0.000E+00 0.000E+00 0.000E+00 0.000E+00 0.000E+00 0.144E-10 0.264E-05 0.000E+00 0.185E-08
    23.0 0.000E+00 0.000E+00 0.000E+00 0.000E+00 0.000E+00 0.000E+00 0.223E-09 0.501E-05 0.000E+00 0.562E-08

 Z-Verteilung  
 E*/MeV     Pb         Bi         Po         At  
    8.0  0.000E+00 0.360E-10 0.472E-08 0.192E-07
    9.0  0.000E+00 0.454E-09 0.434E-07 0.336E-07
   10.0  0.000E+00 0.479E-08 0.302E-06 0.556E-07
   11.0  0.000E+00 0.353E-07 0.139E-05 0.784E-07
   12.0  0.686E-10 0.188E-06 0.401E-05 0.128E-06
   13.0  0.398E-09 0.669E-06 0.752E-05 0.118E-05
   14.0  0.171E-08 0.190E-05 0.105E-04 0.566E-05
   15.0  0.602E-08 0.457E-05 0.120E-04 0.203E-04
   16.0  0.179E-07 0.931E-05 0.120E-04 0.477E-04
   17.0  0.471E-07 0.161E-04 0.107E-04 0.588E-04
   18.0  0.114E-06 0.238E-04 0.885E-05 0.575E-04
   19.0  0.264E-06 0.300E-04 0.702E-05 0.492E-04
   20.0  0.596E-06 0.333E-04 0.564E-05 0.389E-04
   21.0  0.129E-05 0.336E-04 0.524E-05 0.289E-04
   22.0  0.264E-05 0.326E-04 0.647E-05 0.207E-04
   23.0  0.501E-05 0.321E-04 0.975E-05 0.144E-04

 Z und A Mittelwerte    
   E*/MeV     MW.Z  St.Abw.Z      MW.A  St.Abw.A
     8.0     84.80      0.40    192.80      0.42
     9.0     84.43      0.51    192.42      0.56
    10.0     84.14      0.38    192.11      0.51
    11.0     84.03      0.27    191.98      0.51
    12.0     83.99      0.27    191.89      0.63
    13.0     84.05      0.44    191.80      0.78
    14.0     84.21      0.61    191.69      0.93
    15.0     84.43      0.70    191.63      0.99
    16.0     84.56      0.72    191.60      1.03
    17.0     84.50      0.79    191.44      1.17
    18.0     84.37      0.88    191.21      1.32
    19.0     84.22      0.94    190.96      1.43
    20.0     84.06      0.97    190.72      1.48
    21.0     83.89      0.98    190.52      1.49
    22.0     83.72      0.97    190.37      1.45
    23.0     83.55      0.94    190.27      1.40

 HIVAP  CASOUT

   90Zr 103Rh 193At IFUS10 barfac0.48 sigr3.0 09/11/2023 10:37 Sitarcik 


     E_lab  A*MeV   E*/MeV     SI_fus      SI_VR     SI_Spalt  L_krit     b_Spalt

   376.196    4.18    24.0  0.1126E+02  0.6691E-04  0.1125E+02     0.0       99.89
   378.070    4.20    25.0  0.1487E+02  0.7881E-04  0.1484E+02    17.0       99.85
   379.944    4.22    26.0  0.1924E+02  0.9359E-04  0.1921E+02    24.0       99.82
   381.817    4.24    27.0  0.2444E+02  0.1081E-03  0.2438E+02    30.0       99.76
   383.691    4.26    28.0  0.3051E+02  0.1200E-03  0.3042E+02    65.0       99.70
   385.565    4.28    29.0  0.3748E+02  0.1279E-03  0.3734E+02    65.0       99.65
   387.439    4.30    30.0  0.4533E+02  0.1311E-03  0.4514E+02    65.0       99.58
   389.313    4.33    31.0  0.5406E+02  0.1293E-03  0.5380E+02    65.0       99.52
   391.186    4.35    32.0  0.6359E+02  0.1226E-03  0.6325E+02    65.0       99.46
   393.060    4.37    33.0  0.7384E+02  0.1126E-03  0.7338E+02    65.0       99.38
   394.934    4.39    34.0  0.8471E+02  0.1018E-03  0.8413E+02    65.0       99.31
   396.808    4.41    35.0  0.9602E+02  0.9223E-04  0.9529E+02    65.0       99.23
   398.681    4.43    36.0  0.1077E+03  0.8578E-04  0.1068E+03    65.0       99.16
   400.555    4.45    37.0  0.1195E+03  0.8296E-04  0.1184E+03    65.0       99.10
   402.429    4.47    38.0  0.1313E+03  0.8304E-04  0.1301E+03    65.0       99.05
   404.303    4.49    39.0  0.1430E+03  0.8475E-04  0.1416E+03    65.0       99.01

     Querschnitte / mbarn

  E*/MeV   184At     185At     186At     187At     188At     189At     190At     191At     192At     193At  
    24.0 0.000E+00 0.000E+00 0.000E+00 0.000E+00 0.000E+00 0.000E+00 0.000E+00 0.562E-06 0.960E-05 0.000E+00
    25.0 0.000E+00 0.000E+00 0.000E+00 0.000E+00 0.000E+00 0.000E+00 0.000E+00 0.147E-05 0.646E-05 0.000E+00
    26.0 0.000E+00 0.000E+00 0.000E+00 0.000E+00 0.000E+00 0.000E+00 0.000E+00 0.246E-05 0.416E-05 0.000E+00
    27.0 0.000E+00 0.000E+00 0.000E+00 0.000E+00 0.000E+00 0.000E+00 0.000E+00 0.306E-05 0.270E-05 0.000E+00
    28.0 0.000E+00 0.000E+00 0.000E+00 0.000E+00 0.000E+00 0.000E+00 0.000E+00 0.313E-05 0.182E-05 0.000E+00
    29.0 0.000E+00 0.000E+00 0.000E+00 0.000E+00 0.000E+00 0.000E+00 0.000E+00 0.281E-05 0.110E-05 0.000E+00
    30.0 0.000E+00 0.000E+00 0.000E+00 0.000E+00 0.000E+00 0.000E+00 0.000E+00 0.230E-05 0.633E-06 0.000E+00
    31.0 0.000E+00 0.000E+00 0.000E+00 0.000E+00 0.000E+00 0.000E+00 0.000E+00 0.175E-05 0.341E-06 0.000E+00
    32.0 0.000E+00 0.000E+00 0.000E+00 0.000E+00 0.000E+00 0.000E+00 0.226E-11 0.127E-05 0.173E-06 0.000E+00
    33.0 0.000E+00 0.000E+00 0.000E+00 0.000E+00 0.000E+00 0.000E+00 0.711E-10 0.884E-06 0.763E-07 0.000E+00
    34.0 0.000E+00 0.000E+00 0.000E+00 0.000E+00 0.000E+00 0.000E+00 0.827E-09 0.594E-06 0.349E-07 0.000E+00
    35.0 0.000E+00 0.000E+00 0.000E+00 0.000E+00 0.000E+00 0.000E+00 0.519E-08 0.388E-06 0.162E-07 0.000E+00
    36.0 0.000E+00 0.000E+00 0.000E+00 0.000E+00 0.000E+00 0.000E+00 0.208E-07 0.248E-06 0.747E-08 0.000E+00
    37.0 0.000E+00 0.000E+00 0.000E+00 0.000E+00 0.000E+00 0.000E+00 0.583E-07 0.155E-06 0.000E+00 0.000E+00
    38.0 0.000E+00 0.000E+00 0.000E+00 0.000E+00 0.000E+00 0.000E+00 0.121E-06 0.951E-07 0.000E+00 0.000E+00
    39.0 0.000E+00 0.000E+00 0.000E+00 0.000E+00 0.000E+00 0.000E+00 0.192E-06 0.574E-07 0.000E+00 0.000E+00

  E*/MeV   183Po     184Po     185Po     186Po     187Po     188Po     189Po     190Po     191Po     192Po  
    24.0 0.000E+00 0.000E+00 0.000E+00 0.000E+00 0.000E+00 0.000E+00 0.000E+00 0.000E+00 0.136E-04 0.116E-05
    25.0 0.000E+00 0.000E+00 0.000E+00 0.000E+00 0.000E+00 0.000E+00 0.000E+00 0.000E+00 0.196E-04 0.783E-06
    26.0 0.000E+00 0.000E+00 0.000E+00 0.000E+00 0.000E+00 0.000E+00 0.000E+00 0.107E-10 0.242E-04 0.518E-06
    27.0 0.000E+00 0.000E+00 0.000E+00 0.000E+00 0.000E+00 0.000E+00 0.000E+00 0.117E-09 0.262E-04 0.329E-06
    28.0 0.000E+00 0.000E+00 0.000E+00 0.000E+00 0.000E+00 0.000E+00 0.000E+00 0.838E-09 0.256E-04 0.197E-06
    29.0 0.000E+00 0.000E+00 0.000E+00 0.000E+00 0.000E+00 0.000E+00 0.000E+00 0.432E-08 0.228E-04 0.102E-06
    30.0 0.000E+00 0.000E+00 0.000E+00 0.000E+00 0.000E+00 0.000E+00 0.000E+00 0.167E-07 0.189E-04 0.467E-07
    31.0 0.000E+00 0.000E+00 0.000E+00 0.000E+00 0.000E+00 0.000E+00 0.000E+00 0.501E-07 0.148E-04 0.193E-07
    32.0 0.000E+00 0.000E+00 0.000E+00 0.000E+00 0.000E+00 0.000E+00 0.000E+00 0.120E-06 0.110E-04 0.105E-07
    33.0 0.000E+00 0.000E+00 0.000E+00 0.000E+00 0.000E+00 0.000E+00 0.000E+00 0.235E-06 0.786E-05 0.447E-08
    34.0 0.000E+00 0.000E+00 0.000E+00 0.000E+00 0.000E+00 0.000E+00 0.000E+00 0.388E-06 0.543E-05 0.000E+00
    35.0 0.000E+00 0.000E+00 0.000E+00 0.000E+00 0.000E+00 0.000E+00 0.000E+00 0.547E-06 0.364E-05 0.000E+00
    36.0 0.000E+00 0.000E+00 0.000E+00 0.000E+00 0.000E+00 0.000E+00 0.000E+00 0.676E-06 0.238E-05 0.000E+00
    37.0 0.000E+00 0.000E+00 0.000E+00 0.000E+00 0.000E+00 0.000E+00 0.245E-12 0.747E-06 0.152E-05 0.000E+00
    38.0 0.000E+00 0.000E+00 0.000E+00 0.000E+00 0.000E+00 0.000E+00 0.228E-11 0.749E-06 0.959E-06 0.000E+00
    39.0 0.000E+00 0.000E+00 0.000E+00 0.000E+00 0.000E+00 0.000E+00 0.144E-10 0.694E-06 0.594E-06 0.000E+00

  E*/MeV   182Bi     183Bi     184Bi     185Bi     186Bi     187Bi     188Bi     189Bi     190Bi     191Bi  
    24.0 0.000E+00 0.000E+00 0.000E+00 0.000E+00 0.000E+00 0.000E+00 0.746E-06 0.175E-04 0.115E-09 0.150E-04
    25.0 0.000E+00 0.000E+00 0.000E+00 0.000E+00 0.000E+00 0.000E+00 0.183E-05 0.130E-04 0.749E-09 0.215E-04
    26.0 0.000E+00 0.000E+00 0.000E+00 0.000E+00 0.000E+00 0.000E+00 0.397E-05 0.928E-05 0.374E-08 0.280E-04
    27.0 0.000E+00 0.000E+00 0.000E+00 0.000E+00 0.000E+00 0.000E+00 0.769E-05 0.642E-05 0.151E-07 0.331E-04
    28.0 0.000E+00 0.000E+00 0.000E+00 0.000E+00 0.000E+00 0.610E-11 0.134E-04 0.432E-05 0.514E-07 0.358E-04
    29.0 0.000E+00 0.000E+00 0.000E+00 0.000E+00 0.000E+00 0.685E-10 0.207E-04 0.285E-05 0.150E-06 0.359E-04
    30.0 0.000E+00 0.000E+00 0.000E+00 0.000E+00 0.000E+00 0.455E-09 0.287E-04 0.184E-05 0.385E-06 0.335E-04
    31.0 0.000E+00 0.000E+00 0.000E+00 0.000E+00 0.000E+00 0.216E-08 0.354E-04 0.116E-05 0.882E-06 0.295E-04
    32.0 0.000E+00 0.000E+00 0.000E+00 0.000E+00 0.000E+00 0.820E-08 0.390E-04 0.706E-06 0.182E-05 0.245E-04
    33.0 0.000E+00 0.000E+00 0.000E+00 0.000E+00 0.000E+00 0.261E-07 0.389E-04 0.418E-06 0.342E-05 0.195E-04
    34.0 0.000E+00 0.000E+00 0.000E+00 0.000E+00 0.000E+00 0.716E-07 0.355E-04 0.240E-06 0.588E-05 0.148E-04
    35.0 0.000E+00 0.000E+00 0.000E+00 0.000E+00 0.000E+00 0.171E-06 0.302E-04 0.135E-06 0.928E-05 0.109E-04
    36.0 0.000E+00 0.000E+00 0.000E+00 0.000E+00 0.000E+00 0.362E-06 0.241E-04 0.732E-07 0.135E-04 0.776E-05
    37.0 0.000E+00 0.000E+00 0.000E+00 0.000E+00 0.000E+00 0.676E-06 0.184E-04 0.360E-07 0.181E-04 0.537E-05
    38.0 0.000E+00 0.000E+00 0.000E+00 0.000E+00 0.000E+00 0.112E-05 0.134E-04 0.101E-07 0.225E-04 0.363E-05
    39.0 0.000E+00 0.000E+00 0.000E+00 0.000E+00 0.000E+00 0.166E-05 0.944E-05 0.114E-07 0.259E-04 0.240E-05

  E*/MeV   181Pb     182Pb     183Pb     184Pb     185Pb     186Pb     187Pb     188Pb     189Pb     190Pb  
    24.0 0.000E+00 0.000E+00 0.000E+00 0.000E+00 0.000E+00 0.000E+00 0.145E-08 0.876E-05 0.000E+00 0.151E-07
    25.0 0.000E+00 0.000E+00 0.000E+00 0.000E+00 0.000E+00 0.000E+00 0.600E-08 0.141E-04 0.000E+00 0.368E-07
    26.0 0.000E+00 0.000E+00 0.000E+00 0.000E+00 0.000E+00 0.000E+00 0.197E-07 0.209E-04 0.000E+00 0.828E-07
    27.0 0.000E+00 0.000E+00 0.000E+00 0.000E+00 0.000E+00 0.000E+00 0.546E-07 0.283E-04 0.000E+00 0.173E-06
    28.0 0.000E+00 0.000E+00 0.000E+00 0.000E+00 0.000E+00 0.000E+00 0.131E-06 0.353E-04 0.000E+00 0.342E-06
    29.0 0.000E+00 0.000E+00 0.000E+00 0.000E+00 0.000E+00 0.000E+00 0.278E-06 0.406E-04 0.108E-10 0.635E-06
    30.0 0.000E+00 0.000E+00 0.000E+00 0.000E+00 0.000E+00 0.000E+00 0.526E-06 0.431E-04 0.702E-10 0.111E-05
    31.0 0.000E+00 0.000E+00 0.000E+00 0.000E+00 0.000E+00 0.000E+00 0.917E-06 0.427E-04 0.345E-09 0.184E-05
    32.0 0.000E+00 0.000E+00 0.000E+00 0.000E+00 0.000E+00 0.000E+00 0.153E-05 0.396E-04 0.134E-08 0.287E-05
    33.0 0.000E+00 0.000E+00 0.000E+00 0.000E+00 0.000E+00 0.593E-11 0.249E-05 0.347E-04 0.432E-08 0.423E-05
    34.0 0.000E+00 0.000E+00 0.000E+00 0.000E+00 0.000E+00 0.281E-10 0.403E-05 0.288E-04 0.118E-07 0.588E-05
    35.0 0.000E+00 0.000E+00 0.000E+00 0.000E+00 0.000E+00 0.107E-09 0.633E-05 0.229E-04 0.280E-07 0.769E-05
    36.0 0.000E+00 0.000E+00 0.000E+00 0.000E+00 0.000E+00 0.352E-09 0.960E-05 0.175E-04 0.595E-07 0.949E-05
    37.0 0.000E+00 0.000E+00 0.000E+00 0.000E+00 0.000E+00 0.104E-08 0.138E-04 0.129E-04 0.115E-06 0.111E-04
    38.0 0.000E+00 0.000E+00 0.000E+00 0.000E+00 0.000E+00 0.282E-08 0.188E-04 0.919E-05 0.207E-06 0.123E-04
    39.0 0.000E+00 0.000E+00 0.000E+00 0.000E+00 0.000E+00 0.715E-08 0.241E-04 0.639E-05 0.353E-06 0.129E-04

 Z-Verteilung  
 E*/MeV     Pb         Bi         Po         At  
   24.0  0.878E-05 0.332E-04 0.148E-04 0.102E-04
   25.0  0.142E-04 0.363E-04 0.204E-04 0.794E-05
   26.0  0.210E-04 0.412E-04 0.247E-04 0.662E-05
   27.0  0.286E-04 0.472E-04 0.266E-04 0.576E-05
   28.0  0.358E-04 0.535E-04 0.258E-04 0.495E-05
   29.0  0.415E-04 0.596E-04 0.229E-04 0.392E-05
   30.0  0.448E-04 0.644E-04 0.190E-04 0.293E-05
   31.0  0.455E-04 0.669E-04 0.149E-04 0.210E-05
   32.0  0.440E-04 0.660E-04 0.111E-04 0.144E-05
   33.0  0.414E-04 0.622E-04 0.810E-05 0.960E-06
   34.0  0.388E-04 0.566E-04 0.581E-05 0.630E-06
   35.0  0.370E-04 0.507E-04 0.418E-05 0.410E-06
   36.0  0.366E-04 0.458E-04 0.306E-05 0.276E-06
   37.0  0.379E-04 0.426E-04 0.227E-05 0.213E-06
   38.0  0.405E-04 0.406E-04 0.171E-05 0.216E-06
   39.0  0.438E-04 0.395E-04 0.129E-05 0.250E-06

 Z und A Mittelwerte    
   E*/MeV     MW.Z  St.Abw.Z      MW.A  St.Abw.A
    24.0     83.39      0.90    190.21      1.37
    25.0     83.28      0.87    190.15      1.36
    26.0     83.18      0.86    190.05      1.39
    27.0     83.09      0.85    189.91      1.44
    28.0     83.00      0.82    189.72      1.48
    29.0     82.92      0.79    189.51      1.50
    30.0     82.85      0.74    189.31      1.48
    31.0     82.80      0.70    189.12      1.44
    32.0     82.76      0.66    188.98      1.39
    33.0     82.72      0.63    188.88      1.34
    34.0     82.69      0.60    188.82      1.30
    35.0     82.65      0.59    188.80      1.29
    36.0     82.62      0.57    188.80      1.29
    37.0     82.58      0.56    188.80      1.32
    38.0     82.54      0.55    188.79      1.36
    39.0     82.50      0.55    188.74      1.40

 HIVAP  CASOUT

   90Zr 103Rh 193At IFUS10 barfac0.48 sigr3.0 09/11/2023 10:37 Sitarcik 


     E_lab  A*MeV   E*/MeV     SI_fus      SI_VR     SI_Spalt  L_krit     b_Spalt

   406.177    4.51    40.0  0.1544E+03  0.8633E-04  0.1528E+03    65.0       98.98
   408.050    4.53    41.0  0.1653E+03  0.8636E-04  0.1637E+03    65.0       98.98
   409.924    4.55    42.0  0.1757E+03  0.8407E-04  0.1740E+03    65.0       99.00
   411.798    4.58    43.0  0.1854E+03  0.7939E-04  0.1837E+03    65.0       99.04
   413.672    4.60    44.0  0.1944E+03  0.7283E-04  0.1927E+03    65.0       99.10
   415.546    4.62    45.0  0.2026E+03  0.6529E-04  0.2010E+03    65.0       99.18
   417.419    4.64    46.0  0.2100E+03  0.5796E-04  0.2085E+03    65.0       99.28
   419.293    4.66    47.0  0.2165E+03  0.5111E-04  0.2152E+03    65.0       99.38
   421.167    4.68    48.0  0.2222E+03  0.4530E-04  0.2210E+03    65.0       99.48
   423.041    4.70    49.0  0.2271E+03  0.4059E-04  0.2261E+03    65.0       99.58
   424.914    4.72    50.0  0.2311E+03  0.3680E-04  0.2304E+03    65.0       99.67
   426.788    4.74    51.0  0.2345E+03  0.3366E-04  0.2339E+03    65.0       99.75
   428.662    4.76    52.0  0.2372E+03  0.3088E-04  0.2368E+03    65.0       99.81
   430.536    4.78    53.0  0.2393E+03  0.2826E-04  0.2390E+03    65.0       99.87
   432.410    4.80    54.0  0.2409E+03  0.2566E-04  0.2406E+03    65.0       99.91
   434.283    4.83    55.0  0.2419E+03  0.2306E-04  0.2418E+03    65.0       99.93

     Querschnitte / mbarn

  E*/MeV   184At     185At     186At     187At     188At     189At     190At     191At     192At     193At  
    40.0 0.000E+00 0.000E+00 0.000E+00 0.000E+00 0.000E+00 0.000E+00 0.250E-06 0.341E-07 0.000E+00 0.000E+00
    41.0 0.000E+00 0.000E+00 0.000E+00 0.000E+00 0.000E+00 0.000E+00 0.280E-06 0.200E-07 0.000E+00 0.000E+00
    42.0 0.000E+00 0.000E+00 0.000E+00 0.000E+00 0.000E+00 0.000E+00 0.280E-06 0.115E-07 0.000E+00 0.000E+00
    43.0 0.000E+00 0.000E+00 0.000E+00 0.000E+00 0.000E+00 0.237E-12 0.257E-06 0.619E-08 0.000E+00 0.000E+00
    44.0 0.000E+00 0.000E+00 0.000E+00 0.000E+00 0.000E+00 0.299E-11 0.220E-06 0.213E-08 0.000E+00 0.000E+00
    45.0 0.000E+00 0.000E+00 0.000E+00 0.000E+00 0.000E+00 0.213E-10 0.179E-06 0.000E+00 0.000E+00 0.000E+00
    46.0 0.000E+00 0.000E+00 0.000E+00 0.000E+00 0.000E+00 0.969E-10 0.139E-06 0.000E+00 0.000E+00 0.000E+00
    47.0 0.000E+00 0.000E+00 0.000E+00 0.000E+00 0.000E+00 0.307E-09 0.105E-06 0.000E+00 0.000E+00 0.000E+00
    48.0 0.000E+00 0.000E+00 0.000E+00 0.000E+00 0.000E+00 0.721E-09 0.763E-07 0.000E+00 0.000E+00 0.000E+00
    49.0 0.000E+00 0.000E+00 0.000E+00 0.000E+00 0.000E+00 0.132E-08 0.543E-07 0.000E+00 0.000E+00 0.000E+00
    50.0 0.000E+00 0.000E+00 0.000E+00 0.000E+00 0.000E+00 0.199E-08 0.379E-07 0.000E+00 0.000E+00 0.000E+00
    51.0 0.000E+00 0.000E+00 0.000E+00 0.000E+00 0.000E+00 0.260E-08 0.261E-07 0.000E+00 0.000E+00 0.000E+00
    52.0 0.000E+00 0.000E+00 0.000E+00 0.000E+00 0.000E+00 0.302E-08 0.177E-07 0.000E+00 0.000E+00 0.000E+00
    53.0 0.000E+00 0.000E+00 0.000E+00 0.000E+00 0.000E+00 0.321E-08 0.118E-07 0.000E+00 0.000E+00 0.000E+00
    54.0 0.000E+00 0.000E+00 0.000E+00 0.000E+00 0.000E+00 0.318E-08 0.784E-08 0.000E+00 0.000E+00 0.000E+00
    55.0 0.000E+00 0.000E+00 0.000E+00 0.000E+00 0.151E-14 0.297E-08 0.516E-08 0.000E+00 0.000E+00 0.000E+00

  E*/MeV   183Po     184Po     185Po     186Po     187Po     188Po     189Po     190Po     191Po     192Po  
    40.0 0.000E+00 0.000E+00 0.000E+00 0.000E+00 0.000E+00 0.000E+00 0.706E-10 0.602E-06 0.362E-06 0.000E+00
    41.0 0.000E+00 0.000E+00 0.000E+00 0.000E+00 0.000E+00 0.000E+00 0.285E-09 0.494E-06 0.218E-06 0.000E+00
    42.0 0.000E+00 0.000E+00 0.000E+00 0.000E+00 0.000E+00 0.000E+00 0.962E-09 0.387E-06 0.130E-06 0.000E+00
    43.0 0.000E+00 0.000E+00 0.000E+00 0.000E+00 0.000E+00 0.000E+00 0.273E-08 0.292E-06 0.763E-07 0.000E+00
    44.0 0.000E+00 0.000E+00 0.000E+00 0.000E+00 0.000E+00 0.000E+00 0.658E-08 0.214E-06 0.440E-07 0.000E+00
    45.0 0.000E+00 0.000E+00 0.000E+00 0.000E+00 0.000E+00 0.000E+00 0.136E-07 0.152E-06 0.244E-07 0.000E+00
    46.0 0.000E+00 0.000E+00 0.000E+00 0.000E+00 0.000E+00 0.000E+00 0.246E-07 0.106E-06 0.993E-08 0.000E+00
    47.0 0.000E+00 0.000E+00 0.000E+00 0.000E+00 0.000E+00 0.000E+00 0.391E-07 0.722E-07 0.000E+00 0.000E+00
    48.0 0.000E+00 0.000E+00 0.000E+00 0.000E+00 0.000E+00 0.000E+00 0.555E-07 0.485E-07 0.000E+00 0.000E+00
    49.0 0.000E+00 0.000E+00 0.000E+00 0.000E+00 0.000E+00 0.289E-13 0.712E-07 0.321E-07 0.000E+00 0.000E+00
    50.0 0.000E+00 0.000E+00 0.000E+00 0.000E+00 0.000E+00 0.180E-12 0.837E-07 0.210E-07 0.000E+00 0.000E+00
    51.0 0.000E+00 0.000E+00 0.000E+00 0.000E+00 0.000E+00 0.871E-12 0.913E-07 0.136E-07 0.000E+00 0.000E+00
    52.0 0.000E+00 0.000E+00 0.000E+00 0.000E+00 0.000E+00 0.338E-11 0.934E-07 0.874E-08 0.000E+00 0.000E+00
    53.0 0.000E+00 0.000E+00 0.000E+00 0.000E+00 0.000E+00 0.108E-10 0.904E-07 0.553E-08 0.000E+00 0.000E+00
    54.0 0.000E+00 0.000E+00 0.000E+00 0.000E+00 0.000E+00 0.289E-10 0.835E-07 0.342E-08 0.000E+00 0.000E+00
    55.0 0.000E+00 0.000E+00 0.000E+00 0.000E+00 0.000E+00 0.665E-10 0.741E-07 0.192E-08 0.000E+00 0.000E+00

  E*/MeV   182Bi     183Bi     184Bi     185Bi     186Bi     187Bi     188Bi     189Bi     190Bi     191Bi  
    40.0 0.000E+00 0.000E+00 0.000E+00 0.000E+00 0.000E+00 0.219E-05 0.646E-05 0.341E-07 0.280E-04 0.156E-05
    41.0 0.000E+00 0.000E+00 0.000E+00 0.000E+00 0.000E+00 0.261E-05 0.432E-05 0.913E-07 0.283E-04 0.997E-06
    42.0 0.000E+00 0.000E+00 0.000E+00 0.000E+00 0.134E-10 0.284E-05 0.283E-05 0.201E-06 0.271E-04 0.628E-06
    43.0 0.000E+00 0.000E+00 0.000E+00 0.000E+00 0.597E-10 0.284E-05 0.182E-05 0.386E-06 0.247E-04 0.390E-06
    44.0 0.000E+00 0.000E+00 0.000E+00 0.000E+00 0.219E-09 0.265E-05 0.115E-05 0.664E-06 0.215E-04 0.240E-06
    45.0 0.000E+00 0.000E+00 0.000E+00 0.000E+00 0.692E-09 0.232E-05 0.722E-06 0.104E-05 0.180E-04 0.146E-06
    46.0 0.000E+00 0.000E+00 0.000E+00 0.000E+00 0.192E-08 0.194E-05 0.447E-06 0.184E-05 0.146E-04 0.882E-07
    47.0 0.000E+00 0.000E+00 0.000E+00 0.000E+00 0.475E-08 0.155E-05 0.274E-06 0.259E-05 0.114E-04 0.527E-07
    48.0 0.000E+00 0.000E+00 0.000E+00 0.000E+00 0.106E-07 0.120E-05 0.167E-06 0.338E-05 0.873E-05 0.310E-07
    49.0 0.000E+00 0.000E+00 0.000E+00 0.000E+00 0.212E-07 0.902E-06 0.101E-06 0.412E-05 0.652E-05 0.173E-07
    50.0 0.000E+00 0.000E+00 0.000E+00 0.000E+00 0.385E-07 0.659E-06 0.608E-07 0.472E-05 0.478E-05 0.887E-08
    51.0 0.000E+00 0.000E+00 0.000E+00 0.000E+00 0.640E-07 0.472E-06 0.366E-07 0.511E-05 0.344E-05 0.408E-08
    52.0 0.000E+00 0.000E+00 0.000E+00 0.000E+00 0.972E-07 0.332E-06 0.226E-07 0.524E-05 0.244E-05 0.000E+00
    53.0 0.000E+00 0.000E+00 0.000E+00 0.520E-12 0.136E-06 0.230E-06 0.155E-07 0.513E-05 0.171E-05 0.000E+00
    54.0 0.000E+00 0.000E+00 0.000E+00 0.213E-11 0.174E-06 0.157E-06 0.138E-07 0.481E-05 0.118E-05 0.000E+00
    55.0 0.000E+00 0.000E+00 0.000E+00 0.751E-11 0.208E-06 0.106E-06 0.169E-07 0.435E-05 0.808E-06 0.000E+00

  E*/MeV   181Pb     182Pb     183Pb     184Pb     185Pb     186Pb     187Pb     188Pb     189Pb     190Pb  
    40.0 0.000E+00 0.000E+00 0.000E+00 0.000E+00 0.000E+00 0.171E-07 0.290E-04 0.433E-05 0.574E-06 0.129E-04
    41.0 0.000E+00 0.000E+00 0.000E+00 0.000E+00 0.000E+00 0.387E-07 0.328E-04 0.288E-05 0.899E-06 0.123E-04
    42.0 0.000E+00 0.000E+00 0.000E+00 0.000E+00 0.000E+00 0.831E-07 0.350E-04 0.188E-05 0.136E-05 0.113E-04
    43.0 0.000E+00 0.000E+00 0.000E+00 0.000E+00 0.000E+00 0.168E-06 0.352E-04 0.121E-05 0.199E-05 0.100E-04
    44.0 0.000E+00 0.000E+00 0.000E+00 0.000E+00 0.000E+00 0.316E-06 0.337E-04 0.765E-06 0.280E-05 0.858E-05
    45.0 0.000E+00 0.000E+00 0.000E+00 0.000E+00 0.000E+00 0.557E-06 0.307E-04 0.480E-06 0.380E-05 0.711E-05
    46.0 0.000E+00 0.000E+00 0.000E+00 0.000E+00 0.100E-10 0.914E-06 0.269E-04 0.300E-06 0.496E-05 0.574E-05
    47.0 0.000E+00 0.000E+00 0.000E+00 0.000E+00 0.370E-10 0.140E-05 0.227E-04 0.189E-06 0.623E-05 0.451E-05
    48.0 0.000E+00 0.000E+00 0.000E+00 0.000E+00 0.116E-09 0.200E-05 0.185E-04 0.125E-06 0.751E-05 0.347E-05
    49.0 0.000E+00 0.000E+00 0.000E+00 0.000E+00 0.314E-09 0.266E-05 0.147E-04 0.953E-07 0.870E-05 0.262E-05
    50.0 0.000E+00 0.000E+00 0.000E+00 0.000E+00 0.754E-09 0.333E-05 0.113E-04 0.932E-07 0.969E-05 0.194E-05
    51.0 0.000E+00 0.000E+00 0.000E+00 0.000E+00 0.162E-08 0.392E-05 0.856E-05 0.118E-06 0.104E-04 0.141E-05
    52.0 0.000E+00 0.000E+00 0.000E+00 0.000E+00 0.316E-08 0.437E-05 0.634E-05 0.175E-06 0.107E-04 0.102E-05
    53.0 0.000E+00 0.000E+00 0.000E+00 0.000E+00 0.566E-08 0.461E-05 0.462E-05 0.268E-06 0.107E-04 0.722E-06
    54.0 0.000E+00 0.000E+00 0.000E+00 0.000E+00 0.956E-08 0.465E-05 0.331E-05 0.405E-06 0.103E-04 0.507E-06
    55.0 0.000E+00 0.000E+00 0.000E+00 0.000E+00 0.155E-07 0.448E-05 0.235E-05 0.586E-06 0.970E-05 0.353E-06

 Z-Verteilung  
 E*/MeV     Pb         Bi         Po         At  
   40.0  0.469E-04 0.382E-04 0.965E-06 0.284E-06
   41.0  0.490E-04 0.363E-04 0.713E-06 0.300E-06
   42.0  0.496E-04 0.336E-04 0.518E-06 0.292E-06
   43.0  0.486E-04 0.301E-04 0.371E-06 0.263E-06
   44.0  0.461E-04 0.262E-04 0.264E-06 0.223E-06
   45.0  0.427E-04 0.222E-04 0.190E-06 0.179E-06
   46.0  0.388E-04 0.189E-04 0.140E-06 0.139E-06
   47.0  0.350E-04 0.159E-04 0.111E-06 0.105E-06
   48.0  0.316E-04 0.135E-04 0.104E-06 0.770E-07
   49.0  0.287E-04 0.117E-04 0.103E-06 0.557E-07
   50.0  0.264E-04 0.103E-04 0.105E-06 0.399E-07
   51.0  0.244E-04 0.912E-05 0.105E-06 0.287E-07
   52.0  0.226E-04 0.813E-05 0.102E-06 0.207E-07
   53.0  0.209E-04 0.721E-05 0.960E-07 0.150E-07
   54.0  0.192E-04 0.634E-05 0.870E-07 0.110E-07
   55.0  0.175E-04 0.549E-05 0.761E-07 0.813E-08

 Z und A Mittelwerte    
   E*/MeV     MW.Z  St.Abw.Z      MW.A  St.Abw.A
    40.0     82.47      0.54    188.68      1.43
    41.0     82.45      0.53    188.60      1.45
    42.0     82.42      0.53    188.53      1.46
    43.0     82.40      0.52    188.45      1.46
    44.0     82.38      0.51    188.39      1.46
    45.0     82.35      0.50    188.34      1.44
    46.0     82.34      0.49    188.30      1.42
    47.0     82.32      0.48    188.28      1.40
    48.0     82.31      0.48    188.26      1.37
    49.0     82.30      0.47    188.26      1.35
    50.0     82.29      0.47    188.25      1.33
    51.0     82.28      0.46    188.25      1.31
    52.0     82.27      0.46    188.24      1.31
    53.0     82.26      0.45    188.23      1.30
    54.0     82.25      0.45    188.21      1.30
    55.0     82.25      0.44    188.20      1.30

 HIVAP  CASOUT

   90Zr 103Rh 193At IFUS10 barfac0.48 sigr3.0 09/11/2023 10:37 Sitarcik 


     E_lab  A*MeV   E*/MeV     SI_fus      SI_VR     SI_Spalt  L_krit     b_Spalt

   436.157    4.85    56.0  0.2426E+03  0.2049E-04  0.2425E+03    65.0       99.95
   438.031    4.87    57.0  0.2429E+03  0.1801E-04  0.2429E+03    65.0       99.97
   439.905    4.89    58.0  0.2430E+03  0.1569E-04  0.2429E+03    65.0       99.98
   441.779    4.91    59.0  0.2428E+03  0.1360E-04  0.2427E+03    65.0       99.98
   443.652    4.93    60.0  0.2424E+03  0.1175E-04  0.2424E+03    65.0       99.99
   445.526    4.95    61.0  0.2419E+03  0.1017E-04  0.2418E+03    65.0       99.99
   447.400    4.97    62.0  0.2412E+03  0.8815E-05  0.2412E+03    65.0       99.99
   449.274    4.99    63.0  0.2404E+03  0.7674E-05  0.2404E+03    65.0       99.99
   451.147    5.01    64.0  0.2396E+03  0.6716E-05  0.2396E+03    65.0       99.99
   453.021    5.03    65.0  0.2387E+03  0.5892E-05  0.2387E+03    65.0       99.99
   454.895    5.05    66.0  0.2378E+03  0.5186E-05  0.2378E+03    65.0       99.99
   456.769    5.08    67.0  0.2369E+03  0.4565E-05  0.2369E+03    65.0       99.99
   458.643    5.10    68.0  0.2360E+03  0.4009E-05  0.2359E+03    65.0       99.99
   460.516    5.12    69.0  0.2350E+03  0.3491E-05  0.2350E+03    65.0       99.99
   462.390    5.14    70.0  0.2341E+03  0.3078E-05  0.2340E+03    65.0       99.99
   464.264    5.16    71.0  0.2331E+03  0.2703E-05  0.2331E+03    65.0       99.99

     Querschnitte / mbarn

  E*/MeV   184At     185At     186At     187At     188At     189At     190At     191At     192At     193At  
    56.0 0.000E+00 0.000E+00 0.000E+00 0.000E+00 0.165E-13 0.265E-08 0.337E-08 0.000E+00 0.000E+00 0.000E+00
    57.0 0.000E+00 0.000E+00 0.000E+00 0.000E+00 0.119E-12 0.227E-08 0.219E-08 0.000E+00 0.000E+00 0.000E+00
    58.0 0.000E+00 0.000E+00 0.000E+00 0.000E+00 0.603E-12 0.188E-08 0.141E-08 0.000E+00 0.000E+00 0.000E+00
    59.0 0.000E+00 0.000E+00 0.000E+00 0.000E+00 0.229E-11 0.151E-08 0.903E-09 0.000E+00 0.000E+00 0.000E+00
    60.0 0.000E+00 0.000E+00 0.000E+00 0.000E+00 0.680E-11 0.119E-08 0.565E-09 0.000E+00 0.000E+00 0.000E+00
    61.0 0.000E+00 0.000E+00 0.000E+00 0.000E+00 0.163E-10 0.919E-09 0.334E-09 0.000E+00 0.000E+00 0.000E+00
    62.0 0.000E+00 0.000E+00 0.000E+00 0.000E+00 0.325E-10 0.696E-09 0.150E-09 0.000E+00 0.000E+00 0.000E+00
    63.0 0.000E+00 0.000E+00 0.000E+00 0.000E+00 0.558E-10 0.519E-09 0.000E+00 0.000E+00 0.000E+00 0.000E+00
    64.0 0.000E+00 0.000E+00 0.000E+00 0.000E+00 0.843E-10 0.382E-09 0.000E+00 0.000E+00 0.000E+00 0.000E+00
    65.0 0.000E+00 0.000E+00 0.000E+00 0.000E+00 0.115E-09 0.278E-09 0.000E+00 0.000E+00 0.000E+00 0.000E+00
    66.0 0.000E+00 0.000E+00 0.000E+00 0.000E+00 0.144E-09 0.201E-09 0.000E+00 0.000E+00 0.000E+00 0.000E+00
    67.0 0.000E+00 0.000E+00 0.000E+00 0.117E-15 0.167E-09 0.143E-09 0.000E+00 0.000E+00 0.000E+00 0.000E+00
    68.0 0.000E+00 0.000E+00 0.000E+00 0.775E-15 0.183E-09 0.102E-09 0.000E+00 0.000E+00 0.000E+00 0.000E+00
    69.0 0.000E+00 0.000E+00 0.000E+00 0.373E-14 0.191E-09 0.711E-10 0.000E+00 0.000E+00 0.000E+00 0.000E+00
    70.0 0.000E+00 0.000E+00 0.000E+00 0.136E-13 0.190E-09 0.493E-10 0.000E+00 0.000E+00 0.000E+00 0.000E+00
    71.0 0.000E+00 0.000E+00 0.000E+00 0.393E-13 0.183E-09 0.340E-10 0.000E+00 0.000E+00 0.000E+00 0.000E+00

  E*/MeV   183Po     184Po     185Po     186Po     187Po     188Po     189Po     190Po     191Po     192Po  
    56.0 0.000E+00 0.000E+00 0.000E+00 0.000E+00 0.000E+00 0.133E-09 0.635E-07 0.894E-09 0.000E+00 0.000E+00
    57.0 0.000E+00 0.000E+00 0.000E+00 0.000E+00 0.000E+00 0.235E-09 0.528E-07 0.155E-09 0.000E+00 0.000E+00
    58.0 0.000E+00 0.000E+00 0.000E+00 0.000E+00 0.000E+00 0.372E-09 0.427E-07 0.000E+00 0.000E+00 0.000E+00
    59.0 0.000E+00 0.000E+00 0.000E+00 0.000E+00 0.000E+00 0.534E-09 0.339E-07 0.000E+00 0.000E+00 0.000E+00
    60.0 0.000E+00 0.000E+00 0.000E+00 0.000E+00 0.000E+00 0.705E-09 0.263E-07 0.000E+00 0.000E+00 0.000E+00
    61.0 0.000E+00 0.000E+00 0.000E+00 0.000E+00 0.000E+00 0.864E-09 0.201E-07 0.000E+00 0.000E+00 0.000E+00
    62.0 0.000E+00 0.000E+00 0.000E+00 0.000E+00 0.491E-14 0.994E-09 0.151E-07 0.000E+00 0.000E+00 0.000E+00
    63.0 0.000E+00 0.000E+00 0.000E+00 0.000E+00 0.215E-13 0.108E-08 0.112E-07 0.000E+00 0.000E+00 0.000E+00
    64.0 0.000E+00 0.000E+00 0.000E+00 0.000E+00 0.800E-13 0.112E-08 0.822E-08 0.000E+00 0.000E+00 0.000E+00
    65.0 0.000E+00 0.000E+00 0.000E+00 0.000E+00 0.257E-12 0.111E-08 0.597E-08 0.000E+00 0.000E+00 0.000E+00
    66.0 0.000E+00 0.000E+00 0.000E+00 0.000E+00 0.723E-12 0.106E-08 0.430E-08 0.000E+00 0.000E+00 0.000E+00
    67.0 0.000E+00 0.000E+00 0.000E+00 0.000E+00 0.179E-11 0.985E-09 0.307E-08 0.000E+00 0.000E+00 0.000E+00
    68.0 0.000E+00 0.000E+00 0.000E+00 0.000E+00 0.394E-11 0.886E-09 0.217E-08 0.000E+00 0.000E+00 0.000E+00
    69.0 0.000E+00 0.000E+00 0.000E+00 0.000E+00 0.780E-11 0.777E-09 0.153E-08 0.000E+00 0.000E+00 0.000E+00
    70.0 0.000E+00 0.000E+00 0.000E+00 0.000E+00 0.140E-10 0.666E-09 0.106E-08 0.000E+00 0.000E+00 0.000E+00
    71.0 0.000E+00 0.000E+00 0.000E+00 0.000E+00 0.231E-10 0.560E-09 0.734E-09 0.000E+00 0.000E+00 0.000E+00

  E*/MeV   182Bi     183Bi     184Bi     185Bi     186Bi     187Bi     188Bi     189Bi     190Bi     191Bi  
    56.0 0.000E+00 0.000E+00 0.000E+00 0.232E-10 0.233E-06 0.709E-07 0.264E-07 0.381E-05 0.548E-06 0.000E+00
    57.0 0.000E+00 0.000E+00 0.000E+00 0.637E-10 0.245E-06 0.470E-07 0.437E-07 0.323E-05 0.369E-06 0.000E+00
    58.0 0.000E+00 0.000E+00 0.000E+00 0.157E-09 0.244E-06 0.310E-07 0.705E-07 0.268E-05 0.247E-06 0.000E+00
    59.0 0.000E+00 0.000E+00 0.000E+00 0.349E-09 0.233E-06 0.203E-07 0.107E-06 0.216E-05 0.164E-06 0.000E+00
    60.0 0.000E+00 0.000E+00 0.000E+00 0.704E-09 0.213E-06 0.132E-07 0.153E-06 0.172E-05 0.108E-06 0.000E+00
    61.0 0.000E+00 0.000E+00 0.000E+00 0.129E-08 0.189E-06 0.860E-08 0.207E-06 0.134E-05 0.707E-07 0.000E+00
    62.0 0.000E+00 0.000E+00 0.000E+00 0.217E-08 0.162E-06 0.559E-08 0.264E-06 0.102E-05 0.460E-07 0.000E+00
    63.0 0.000E+00 0.000E+00 0.000E+00 0.335E-08 0.135E-06 0.364E-08 0.319E-06 0.762E-06 0.296E-07 0.000E+00
    64.0 0.000E+00 0.000E+00 0.000E+00 0.476E-08 0.110E-06 0.244E-08 0.368E-06 0.563E-06 0.188E-07 0.000E+00
    65.0 0.000E+00 0.000E+00 0.000E+00 0.630E-08 0.879E-07 0.181E-08 0.407E-06 0.403E-06 0.118E-07 0.000E+00
    66.0 0.000E+00 0.000E+00 0.000E+00 0.780E-08 0.690E-07 0.170E-08 0.432E-06 0.284E-06 0.727E-08 0.000E+00
    67.0 0.000E+00 0.000E+00 0.711E-13 0.911E-08 0.533E-07 0.206E-08 0.441E-06 0.192E-06 0.434E-08 0.000E+00
    68.0 0.000E+00 0.000E+00 0.234E-12 0.101E-07 0.406E-07 0.289E-08 0.436E-06 0.116E-06 0.239E-08 0.000E+00
    69.0 0.000E+00 0.000E+00 0.693E-12 0.106E-07 0.305E-07 0.434E-08 0.419E-06 0.357E-07 0.107E-08 0.000E+00
    70.0 0.000E+00 0.000E+00 0.186E-11 0.108E-07 0.227E-07 0.637E-08 0.391E-06 0.200E-07 0.000E+00 0.000E+00
    71.0 0.000E+00 0.000E+00 0.452E-11 0.105E-07 0.167E-07 0.893E-08 0.356E-06 0.000E+00 0.000E+00 0.000E+00

  E*/MeV   181Pb     182Pb     183Pb     184Pb     185Pb     186Pb     187Pb     188Pb     189Pb     190Pb  
    56.0 0.000E+00 0.000E+00 0.000E+00 0.000E+00 0.247E-07 0.417E-05 0.164E-05 0.810E-06 0.885E-05 0.243E-06
    57.0 0.000E+00 0.000E+00 0.000E+00 0.000E+00 0.388E-07 0.374E-05 0.114E-05 0.107E-05 0.786E-05 0.166E-06
    58.0 0.000E+00 0.000E+00 0.000E+00 0.000E+00 0.599E-07 0.326E-05 0.782E-06 0.134E-05 0.682E-05 0.113E-06
    59.0 0.000E+00 0.000E+00 0.000E+00 0.170E-11 0.901E-07 0.276E-05 0.534E-06 0.162E-05 0.579E-05 0.758E-07
    60.0 0.000E+00 0.000E+00 0.000E+00 0.462E-11 0.131E-06 0.228E-05 0.362E-06 0.187E-05 0.482E-05 0.507E-07
    61.0 0.000E+00 0.000E+00 0.000E+00 0.115E-10 0.184E-06 0.185E-05 0.246E-06 0.208E-05 0.394E-05 0.337E-07
    62.0 0.000E+00 0.000E+00 0.000E+00 0.268E-10 0.247E-06 0.147E-05 0.169E-06 0.222E-05 0.317E-05 0.222E-07
    63.0 0.000E+00 0.000E+00 0.000E+00 0.592E-10 0.316E-06 0.115E-05 0.119E-06 0.230E-05 0.251E-05 0.145E-07
    64.0 0.000E+00 0.000E+00 0.000E+00 0.126E-09 0.388E-06 0.881E-06 0.897E-07 0.231E-05 0.196E-05 0.942E-08
    65.0 0.000E+00 0.000E+00 0.000E+00 0.258E-09 0.455E-06 0.668E-06 0.758E-07 0.225E-05 0.151E-05 0.607E-08
    66.0 0.000E+00 0.000E+00 0.000E+00 0.511E-09 0.513E-06 0.501E-06 0.746E-07 0.213E-05 0.116E-05 0.385E-08
    67.0 0.000E+00 0.000E+00 0.000E+00 0.973E-09 0.555E-06 0.370E-06 0.844E-07 0.197E-05 0.872E-06 0.241E-08
    68.0 0.000E+00 0.000E+00 0.000E+00 0.177E-08 0.580E-06 0.272E-06 0.104E-06 0.179E-05 0.652E-06 0.144E-08
    69.0 0.000E+00 0.000E+00 0.000E+00 0.307E-08 0.586E-06 0.198E-06 0.134E-06 0.158E-05 0.483E-06 0.803E-09
    70.0 0.000E+00 0.000E+00 0.000E+00 0.505E-08 0.575E-06 0.143E-06 0.172E-06 0.138E-05 0.355E-06 0.380E-09
    71.0 0.000E+00 0.000E+00 0.135E-12 0.787E-08 0.548E-06 0.102E-06 0.216E-06 0.118E-05 0.259E-06 0.000E+00

 Z-Verteilung  
 E*/MeV     Pb         Bi         Po         At  
   56.0  0.157E-04 0.468E-05 0.645E-07 0.602E-08
   57.0  0.140E-04 0.394E-05 0.532E-07 0.446E-08
   58.0  0.124E-04 0.327E-05 0.431E-07 0.329E-08
   59.0  0.109E-04 0.269E-05 0.344E-07 0.242E-08
   60.0  0.952E-05 0.220E-05 0.270E-07 0.176E-08
   61.0  0.833E-05 0.181E-05 0.209E-07 0.127E-08
   62.0  0.730E-05 0.150E-05 0.161E-07 0.878E-09
   63.0  0.641E-05 0.125E-05 0.123E-07 0.575E-09
   64.0  0.564E-05 0.107E-05 0.934E-08 0.467E-09
   65.0  0.497E-05 0.917E-06 0.708E-08 0.393E-09
   66.0  0.438E-05 0.801E-06 0.536E-08 0.344E-09
   67.0  0.386E-05 0.702E-06 0.405E-08 0.310E-09
   68.0  0.340E-05 0.608E-06 0.306E-08 0.285E-09
   69.0  0.299E-05 0.501E-06 0.231E-08 0.262E-09
   70.0  0.263E-05 0.451E-06 0.174E-08 0.240E-09
   71.0  0.231E-05 0.392E-06 0.132E-08 0.217E-09

 Z und A Mittelwerte    
   E*/MeV     MW.Z  St.Abw.Z      MW.A  St.Abw.A
    56.0     82.24      0.43    188.18      1.30
    57.0     82.23      0.43    188.16      1.30
    58.0     82.21      0.42    188.14      1.29
    59.0     82.20      0.41    188.12      1.27
    60.0     82.19      0.40    188.10      1.26
    61.0     82.18      0.39    188.06      1.24
    62.0     82.17      0.38    188.02      1.23
    63.0     82.17      0.38    187.96      1.23
    64.0     82.16      0.37    187.90      1.23
    65.0     82.16      0.37    187.83      1.24
    66.0     82.16      0.37    187.75      1.26
    67.0     82.16      0.37    187.66      1.28
    68.0     82.15      0.36    187.57      1.30
    69.0     82.15      0.35    187.46      1.31
    70.0     82.15      0.36    187.38      1.32
    71.0     82.15      0.36    187.29      1.33

 HIVAP  CASOUT

   90Zr 103Rh 193At IFUS10 barfac0.48 sigr3.0 09/11/2023 10:37 Sitarcik 


     E_lab  A*MeV   E*/MeV     SI_fus      SI_VR     SI_Spalt  L_krit     b_Spalt

   466.138    5.18    72.0  0.2322E+03  0.2388E-05  0.2322E+03    65.0       99.99
   468.012    5.20    73.0  0.2313E+03  0.2112E-05  0.2312E+03    65.0       99.99
   469.885    5.22    74.0  0.2303E+03  0.1872E-05  0.2303E+03    65.0       99.99
   471.759    5.24    75.0  0.2294E+03  0.1664E-05  0.2294E+03    65.0       99.99
   473.633    5.26    76.0  0.2285E+03  0.1482E-05  0.2285E+03    65.0       99.99
   475.507    5.28    77.0  0.2276E+03  0.1319E-05  0.2276E+03    65.0       99.99
   477.380    5.30    78.0  0.2267E+03  0.1170E-05  0.2267E+03    65.0       99.99
   479.254    5.33    79.0  0.2258E+03  0.1043E-05  0.2258E+03    65.0       99.99
   481.128    5.35    80.0  0.2250E+03  0.9198E-06  0.2249E+03    65.0       99.99
   483.002    5.37    81.0  0.2241E+03  0.8110E-06  0.2240E+03    65.0       99.98
   484.876    5.39    82.0  0.2232E+03  0.7238E-06  0.2232E+03    65.0       99.98
   486.749    5.41    83.0  0.2224E+03  0.6439E-06  0.2223E+03    65.0       99.98
   488.623    5.43    84.0  0.2215E+03  0.6084E-06  0.2215E+03    65.0       99.98
   490.497    5.45    85.0  0.2207E+03  0.5432E-06  0.2206E+03    65.0       99.98
   492.371    5.47    86.0  0.2198E+03  0.4843E-06  0.2198E+03    65.0       99.98
   494.245    5.49    87.0  0.2190E+03  0.4298E-06  0.2189E+03    65.0       99.98

     Querschnitte / mbarn

  E*/MeV   184At     185At     186At     187At     188At     189At     190At     191At     192At     193At  
    72.0 0.000E+00 0.000E+00 0.000E+00 0.932E-13 0.170E-09 0.227E-10 0.000E+00 0.000E+00 0.000E+00 0.000E+00
    73.0 0.000E+00 0.000E+00 0.000E+00 0.188E-12 0.153E-09 0.142E-10 0.000E+00 0.000E+00 0.000E+00 0.000E+00
    74.0 0.000E+00 0.000E+00 0.000E+00 0.332E-12 0.135E-09 0.702E-11 0.000E+00 0.000E+00 0.000E+00 0.000E+00
    75.0 0.000E+00 0.000E+00 0.000E+00 0.525E-12 0.117E-09 0.711E-12 0.000E+00 0.000E+00 0.000E+00 0.000E+00
    76.0 0.000E+00 0.000E+00 0.000E+00 0.757E-12 0.986E-10 0.000E+00 0.000E+00 0.000E+00 0.000E+00 0.000E+00
    77.0 0.000E+00 0.000E+00 0.000E+00 0.101E-11 0.820E-10 0.000E+00 0.000E+00 0.000E+00 0.000E+00 0.000E+00
    78.0 0.000E+00 0.000E+00 0.000E+00 0.126E-11 0.671E-10 0.000E+00 0.000E+00 0.000E+00 0.000E+00 0.000E+00
    79.0 0.000E+00 0.000E+00 0.000E+00 0.149E-11 0.542E-10 0.000E+00 0.000E+00 0.000E+00 0.000E+00 0.000E+00
    80.0 0.000E+00 0.000E+00 0.000E+00 0.167E-11 0.432E-10 0.000E+00 0.000E+00 0.000E+00 0.000E+00 0.000E+00
    81.0 0.000E+00 0.000E+00 0.137E-16 0.180E-11 0.341E-10 0.000E+00 0.000E+00 0.000E+00 0.000E+00 0.000E+00
    82.0 0.000E+00 0.000E+00 0.639E-16 0.187E-11 0.267E-10 0.000E+00 0.000E+00 0.000E+00 0.000E+00 0.000E+00
    83.0 0.000E+00 0.000E+00 0.242E-15 0.188E-11 0.207E-10 0.000E+00 0.000E+00 0.000E+00 0.000E+00 0.000E+00
    84.0 0.000E+00 0.000E+00 0.762E-15 0.184E-11 0.159E-10 0.000E+00 0.000E+00 0.000E+00 0.000E+00 0.000E+00
    85.0 0.000E+00 0.000E+00 0.204E-14 0.175E-11 0.121E-10 0.000E+00 0.000E+00 0.000E+00 0.000E+00 0.000E+00
    86.0 0.000E+00 0.000E+00 0.474E-14 0.163E-11 0.916E-11 0.000E+00 0.000E+00 0.000E+00 0.000E+00 0.000E+00
    87.0 0.000E+00 0.000E+00 0.972E-14 0.149E-11 0.688E-11 0.000E+00 0.000E+00 0.000E+00 0.000E+00 0.000E+00

  E*/MeV   183Po     184Po     185Po     186Po     187Po     188Po     189Po     190Po     191Po     192Po  
    72.0 0.000E+00 0.000E+00 0.000E+00 0.000E+00 0.351E-10 0.462E-09 0.490E-09 0.000E+00 0.000E+00 0.000E+00
    73.0 0.000E+00 0.000E+00 0.000E+00 0.000E+00 0.497E-10 0.375E-09 0.316E-09 0.000E+00 0.000E+00 0.000E+00
    74.0 0.000E+00 0.000E+00 0.000E+00 0.116E-15 0.662E-10 0.301E-09 0.196E-09 0.000E+00 0.000E+00 0.000E+00
    75.0 0.000E+00 0.000E+00 0.000E+00 0.438E-15 0.832E-10 0.238E-09 0.675E-10 0.000E+00 0.000E+00 0.000E+00
    76.0 0.000E+00 0.000E+00 0.000E+00 0.142E-14 0.995E-10 0.186E-09 0.820E-11 0.000E+00 0.000E+00 0.000E+00
    77.0 0.000E+00 0.000E+00 0.000E+00 0.404E-14 0.114E-09 0.144E-09 0.000E+00 0.000E+00 0.000E+00 0.000E+00
    78.0 0.000E+00 0.000E+00 0.000E+00 0.101E-13 0.125E-09 0.110E-09 0.000E+00 0.000E+00 0.000E+00 0.000E+00
    79.0 0.000E+00 0.000E+00 0.000E+00 0.225E-13 0.132E-09 0.834E-10 0.000E+00 0.000E+00 0.000E+00 0.000E+00
    80.0 0.000E+00 0.000E+00 0.000E+00 0.454E-13 0.136E-09 0.626E-10 0.000E+00 0.000E+00 0.000E+00 0.000E+00
    81.0 0.000E+00 0.000E+00 0.000E+00 0.837E-13 0.135E-09 0.463E-10 0.000E+00 0.000E+00 0.000E+00 0.000E+00
    82.0 0.000E+00 0.000E+00 0.000E+00 0.142E-12 0.131E-09 0.340E-10 0.000E+00 0.000E+00 0.000E+00 0.000E+00
    83.0 0.000E+00 0.000E+00 0.000E+00 0.224E-12 0.125E-09 0.242E-10 0.000E+00 0.000E+00 0.000E+00 0.000E+00
    84.0 0.000E+00 0.000E+00 0.000E+00 0.331E-12 0.116E-09 0.155E-10 0.000E+00 0.000E+00 0.000E+00 0.000E+00
    85.0 0.000E+00 0.000E+00 0.146E-16 0.460E-12 0.105E-09 0.956E-11 0.000E+00 0.000E+00 0.000E+00 0.000E+00
    86.0 0.000E+00 0.000E+00 0.400E-16 0.608E-12 0.942E-10 0.553E-11 0.000E+00 0.000E+00 0.000E+00 0.000E+00
    87.0 0.000E+00 0.000E+00 0.948E-16 0.767E-12 0.829E-10 0.332E-11 0.000E+00 0.000E+00 0.000E+00 0.000E+00

  E*/MeV   182Bi     183Bi     184Bi     185Bi     186Bi     187Bi     188Bi     189Bi     190Bi     191Bi  
    72.0 0.000E+00 0.000E+00 0.101E-10 0.992E-08 0.122E-07 0.119E-07 0.317E-06 0.000E+00 0.000E+00 0.000E+00
    73.0 0.000E+00 0.000E+00 0.207E-10 0.910E-08 0.887E-08 0.151E-07 0.276E-06 0.000E+00 0.000E+00 0.000E+00
    74.0 0.000E+00 0.000E+00 0.392E-10 0.813E-08 0.638E-08 0.183E-07 0.237E-06 0.000E+00 0.000E+00 0.000E+00
    75.0 0.000E+00 0.000E+00 0.688E-10 0.711E-08 0.457E-08 0.213E-07 0.199E-06 0.000E+00 0.000E+00 0.000E+00
    76.0 0.000E+00 0.000E+00 0.112E-09 0.609E-08 0.325E-08 0.238E-07 0.165E-06 0.000E+00 0.000E+00 0.000E+00
    77.0 0.000E+00 0.000E+00 0.172E-09 0.512E-08 0.231E-08 0.257E-07 0.135E-06 0.000E+00 0.000E+00 0.000E+00
    78.0 0.000E+00 0.000E+00 0.247E-09 0.423E-08 0.164E-08 0.270E-07 0.109E-06 0.000E+00 0.000E+00 0.000E+00
    79.0 0.000E+00 0.000E+00 0.334E-09 0.345E-08 0.118E-08 0.274E-07 0.862E-07 0.000E+00 0.000E+00 0.000E+00
    80.0 0.000E+00 0.120E-13 0.430E-09 0.278E-08 0.878E-09 0.271E-07 0.673E-07 0.000E+00 0.000E+00 0.000E+00
    81.0 0.000E+00 0.333E-13 0.526E-09 0.221E-08 0.698E-09 0.262E-07 0.508E-07 0.000E+00 0.000E+00 0.000E+00
    82.0 0.000E+00 0.840E-13 0.616E-09 0.174E-08 0.625E-09 0.247E-07 0.364E-07 0.000E+00 0.000E+00 0.000E+00
    83.0 0.000E+00 0.194E-12 0.693E-09 0.135E-08 0.643E-09 0.228E-07 0.221E-07 0.000E+00 0.000E+00 0.000E+00
    84.0 0.000E+00 0.414E-12 0.752E-09 0.105E-08 0.744E-09 0.207E-07 0.563E-08 0.000E+00 0.000E+00 0.000E+00
    85.0 0.000E+00 0.815E-12 0.790E-09 0.801E-09 0.925E-09 0.185E-07 0.000E+00 0.000E+00 0.000E+00 0.000E+00
    86.0 0.000E+00 0.149E-11 0.806E-09 0.609E-09 0.117E-08 0.162E-07 0.000E+00 0.000E+00 0.000E+00 0.000E+00
    87.0 0.000E+00 0.254E-11 0.800E-09 0.461E-09 0.147E-08 0.140E-07 0.000E+00 0.000E+00 0.000E+00 0.000E+00

  E*/MeV   181Pb     182Pb     183Pb     184Pb     185Pb     186Pb     187Pb     188Pb     189Pb     190Pb  
    72.0 0.000E+00 0.000E+00 0.390E-12 0.116E-07 0.509E-06 0.730E-07 0.266E-06 0.990E-06 0.187E-06 0.000E+00
    73.0 0.000E+00 0.000E+00 0.101E-11 0.163E-07 0.462E-06 0.519E-07 0.317E-06 0.820E-06 0.134E-06 0.000E+00
    74.0 0.000E+00 0.000E+00 0.239E-11 0.217E-07 0.411E-06 0.369E-07 0.367E-06 0.670E-06 0.959E-07 0.000E+00
    75.0 0.000E+00 0.000E+00 0.516E-11 0.276E-07 0.358E-06 0.266E-07 0.412E-06 0.539E-06 0.680E-07 0.000E+00
    76.0 0.000E+00 0.000E+00 0.103E-10 0.337E-07 0.307E-06 0.199E-07 0.449E-06 0.426E-06 0.479E-07 0.000E+00
    77.0 0.000E+00 0.000E+00 0.193E-10 0.393E-07 0.258E-06 0.159E-07 0.478E-06 0.326E-06 0.336E-07 0.000E+00
    78.0 0.000E+00 0.000E+00 0.341E-10 0.443E-07 0.215E-06 0.142E-07 0.495E-06 0.237E-06 0.234E-07 0.000E+00
    79.0 0.000E+00 0.000E+00 0.579E-10 0.482E-07 0.176E-06 0.145E-07 0.500E-06 0.169E-06 0.162E-07 0.000E+00
    80.0 0.000E+00 0.000E+00 0.952E-10 0.508E-07 0.143E-06 0.163E-07 0.494E-06 0.106E-06 0.111E-07 0.000E+00
    81.0 0.000E+00 0.000E+00 0.153E-09 0.520E-07 0.114E-06 0.196E-07 0.479E-06 0.580E-07 0.759E-08 0.000E+00
    82.0 0.000E+00 0.000E+00 0.239E-09 0.518E-07 0.907E-07 0.241E-07 0.454E-06 0.331E-07 0.513E-08 0.000E+00
    83.0 0.000E+00 0.000E+00 0.366E-09 0.503E-07 0.713E-07 0.296E-07 0.424E-06 0.175E-07 0.345E-08 0.000E+00
    84.0 0.000E+00 0.000E+00 0.525E-09 0.487E-07 0.614E-07 0.346E-07 0.419E-06 0.130E-07 0.228E-08 0.000E+00
    85.0 0.000E+00 0.411E-13 0.761E-09 0.456E-07 0.476E-07 0.409E-07 0.380E-06 0.558E-08 0.147E-08 0.000E+00
    86.0 0.000E+00 0.891E-13 0.107E-08 0.419E-07 0.367E-07 0.471E-07 0.338E-06 0.000E+00 0.929E-09 0.000E+00
    87.0 0.000E+00 0.182E-12 0.146E-08 0.378E-07 0.281E-07 0.529E-07 0.292E-06 0.000E+00 0.543E-09 0.000E+00

 Z-Verteilung  
 E*/MeV     Pb         Bi         Po         At  
   72.0  0.204E-05 0.351E-06 0.987E-09 0.193E-09
   73.0  0.180E-05 0.309E-06 0.742E-09 0.168E-09
   74.0  0.160E-05 0.270E-06 0.562E-09 0.143E-09
   75.0  0.143E-05 0.232E-06 0.388E-09 0.118E-09
   76.0  0.128E-05 0.199E-06 0.293E-09 0.993E-10
   77.0  0.115E-05 0.168E-06 0.257E-09 0.830E-10
   78.0  0.103E-05 0.142E-06 0.235E-09 0.684E-10
   79.0  0.924E-06 0.119E-06 0.216E-09 0.557E-10
   80.0  0.821E-06 0.985E-07 0.198E-09 0.449E-10
   81.0  0.730E-06 0.804E-07 0.182E-09 0.359E-10
   82.0  0.660E-06 0.641E-07 0.165E-09 0.285E-10
   83.0  0.596E-06 0.476E-07 0.149E-09 0.225E-10
   84.0  0.579E-06 0.289E-07 0.131E-09 0.177E-10
   85.0  0.522E-06 0.210E-07 0.115E-09 0.138E-10
   86.0  0.465E-06 0.188E-07 0.100E-09 0.108E-10
   87.0  0.413E-06 0.168E-07 0.870E-10 0.838E-11

 Z und A Mittelwerte    
   E*/MeV     MW.Z  St.Abw.Z      MW.A  St.Abw.A
    72.0     82.15      0.36    187.22      1.33
    73.0     82.15      0.36    187.15      1.32
    74.0     82.14      0.35    187.08      1.31
    75.0     82.14      0.35    187.02      1.29
    76.0     82.13      0.34    186.96      1.26
    77.0     82.13      0.34    186.90      1.23
    78.0     82.12      0.33    186.83      1.21
    79.0     82.11      0.32    186.78      1.17
    80.0     82.11      0.31    186.71      1.14
    81.0     82.10      0.30    186.65      1.11
    82.0     82.09      0.29    186.60      1.08
    83.0     82.07      0.26    186.56      1.05
    84.0     82.05      0.22    186.53      1.02
    85.0     82.04      0.20    186.50      1.00
    86.0     82.04      0.20    186.48      0.99
    87.0     82.04      0.20    186.46      0.98

 HIVAP  CASOUT

   90Zr 103Rh 193At IFUS10 barfac0.48 sigr3.0 09/11/2023 10:37 Sitarcik 


     E_lab  A*MeV   E*/MeV     SI_fus      SI_VR     SI_Spalt  L_krit     b_Spalt

   496.118    5.51    88.0  0.2182E+03  0.3729E-06  0.2181E+03    65.0       99.97
   497.992    5.53    89.0  0.2173E+03  0.3117E-06  0.2173E+03    65.0       99.97
   499.866    5.55    90.0  0.2165E+03  0.2433E-06  0.2165E+03    65.0       99.97
   501.740    5.57    91.0  0.2157E+03  0.1786E-06  0.2156E+03    65.0       99.97

     Querschnitte / mbarn

  E*/MeV   184At     185At     186At     187At     188At     189At     190At     191At     192At     193At  
    88.0 0.000E+00 0.000E+00 0.179E-13 0.133E-11 0.515E-11 0.000E+00 0.000E+00 0.000E+00 0.000E+00 0.000E+00
    89.0 0.000E+00 0.000E+00 0.301E-13 0.117E-11 0.380E-11 0.000E+00 0.000E+00 0.000E+00 0.000E+00 0.000E+00
    90.0 0.000E+00 0.000E+00 0.467E-13 0.102E-11 0.275E-11 0.000E+00 0.000E+00 0.000E+00 0.000E+00 0.000E+00
    91.0 0.000E+00 0.000E+00 0.675E-13 0.870E-12 0.198E-11 0.000E+00 0.000E+00 0.000E+00 0.000E+00 0.000E+00

  E*/MeV   183Po     184Po     185Po     186Po     187Po     188Po     189Po     190Po     191Po     192Po  
    88.0 0.000E+00 0.000E+00 0.202E-15 0.926E-12 0.720E-10 0.110E-11 0.000E+00 0.000E+00 0.000E+00 0.000E+00
    89.0 0.000E+00 0.000E+00 0.400E-15 0.108E-11 0.616E-10 0.000E+00 0.000E+00 0.000E+00 0.000E+00 0.000E+00
    90.0 0.000E+00 0.000E+00 0.763E-15 0.121E-11 0.522E-10 0.000E+00 0.000E+00 0.000E+00 0.000E+00 0.000E+00
    91.0 0.000E+00 0.000E+00 0.143E-14 0.131E-11 0.436E-10 0.000E+00 0.000E+00 0.000E+00 0.000E+00 0.000E+00

  E*/MeV   182Bi     183Bi     184Bi     185Bi     186Bi     187Bi     188Bi     189Bi     190Bi     191Bi  
    88.0 0.000E+00 0.406E-11 0.775E-09 0.346E-09 0.181E-08 0.119E-07 0.000E+00 0.000E+00 0.000E+00 0.000E+00
    89.0 0.000E+00 0.610E-11 0.734E-09 0.259E-09 0.216E-08 0.998E-08 0.000E+00 0.000E+00 0.000E+00 0.000E+00
    90.0 0.000E+00 0.868E-11 0.682E-09 0.193E-09 0.251E-08 0.814E-08 0.000E+00 0.000E+00 0.000E+00 0.000E+00
    91.0 0.000E+00 0.117E-10 0.622E-09 0.145E-09 0.284E-08 0.621E-08 0.000E+00 0.000E+00 0.000E+00 0.000E+00

  E*/MeV   181Pb     182Pb     183Pb     184Pb     185Pb     186Pb     187Pb     188Pb     189Pb     190Pb  
    88.0 0.000E+00 0.354E-12 0.193E-08 0.336E-07 0.214E-07 0.580E-07 0.243E-06 0.000E+00 0.274E-09 0.000E+00
    89.0 0.000E+00 0.665E-12 0.247E-08 0.294E-07 0.163E-07 0.621E-07 0.188E-06 0.000E+00 0.575E-10 0.000E+00
    90.0 0.000E+00 0.121E-11 0.306E-08 0.254E-07 0.124E-07 0.650E-07 0.126E-06 0.000E+00 0.000E+00 0.000E+00
    91.0 0.000E+00 0.215E-11 0.368E-08 0.217E-07 0.953E-08 0.666E-07 0.673E-07 0.000E+00 0.000E+00 0.000E+00

 Z-Verteilung  
 E*/MeV     Pb         Bi         Po         At  
   88.0  0.358E-06 0.149E-07 0.740E-10 0.650E-11
   89.0  0.298E-06 0.131E-07 0.627E-10 0.500E-11
   90.0  0.232E-06 0.115E-07 0.534E-10 0.381E-11
   91.0  0.169E-06 0.983E-08 0.449E-10 0.291E-11

 Z und A Mittelwerte    
   E*/MeV     MW.Z  St.Abw.Z      MW.A  St.Abw.A
    88.0     82.04      0.20    186.43      0.99
    89.0     82.04      0.20    186.37      1.01
    90.0     82.05      0.21    186.25      1.04
    91.0     82.06      0.23    186.05      1.07
                                                                        
           



 Ende HIVAP 
