          Programm HIVAP,  Autor  W.Reisdorf   Version fuer "rzri6f" vom  7. 6. 1994

           Bearbeitung F.P.Heﬂberger
           
   93Nb 99Ru 192At IFUS10 barfac0.32 sigr3.0 26/04/2024 15:36 Sitarcik  
           

 Unterprogramm SEPENF
 Q-Wert  -177.443 MeV
 Massen aus der Datei "mlz.dat" 

         Exp. Schaleneffekte,  SHELL0=    0.00
          At  183   At  184   At  185   At  186   At  187   At  188   At  189   At  190   At  191   At  192
             -0.16     -0.96     -0.15     -0.95     -0.13     -0.92     -0.10     -0.88     -0.07     -0.87
          Po  182   Po  183   Po  184   Po  185   Po  186   Po  187   Po  188   Po  189   Po  190   Po  191
              0.25     -0.41      0.51     -0.23      0.60     -0.21      0.55     -0.34      0.34     -0.63

           BARFAC=   0.320      BAR0=   0.000

          Separationsenergien (BN,BP,BA) und Spaltbarrieren
          At  183   At  184   At  185   At  186   At  187   At  188   At  189   At  190   At  191   At  192
             12.65     10.83     12.24     10.41     11.81     10.00     11.40      9.60     11.01      9.25
             -3.05     -2.63     -2.25     -1.92     -1.64     -1.40     -1.20     -1.04     -0.93     -0.82
            -10.29     -9.93     -9.63     -9.36     -9.14     -8.96     -8.83     -8.72     -8.66     -8.59
              1.62      2.50      1.76      2.64      1.89      2.75      1.99      2.84      2.09      2.96
             -0.81     -1.62     -0.81     -1.61     -0.80     -1.60     -0.80     -1.60     -0.80     -1.59
          Po  182   Po  183   Po  184   Po  185   Po  186   Po  187   Po  188   Po  189   Po  190   Po  191
             12.21     10.41     11.86     10.08     11.54      9.75     11.20      9.44     10.89      9.14
             -1.35     -1.08     -0.82     -0.54     -0.28     -0.02      0.24      0.50      0.75      1.01
            -10.37    -10.16     -9.96     -9.74     -9.53     -9.32     -9.12     -8.90     -8.69     -8.47
              1.51      2.24      1.39      2.20      1.43      2.31      1.61      2.57      1.99      3.05
              0.00     -0.81      0.00     -0.81      0.00     -0.80      0.00     -0.80      0.00     -0.80

 benutzter Q-Wert  -177.443 MeV    effektiver Q-Wert  -177.443 MeV

 HIVAP  CASOUT

   93Nb 99Ru 192At IFUS10 barfac0.32 sigr3.0 26/04/2024 15:36 Sitarcik  


     E_lab  A*MeV   E*/MeV     SI_fus      SI_VR     SI_Spalt  L_krit     b_Spalt

   359.647    3.87     8.0  0.1378E-04  0.2405E-08  0.1378E-04     0.0       99.98
   361.587    3.89     9.0  0.7079E-04  0.1119E-07  0.7078E-04     0.0       99.98
   363.526    3.91    10.0  0.3534E-03  0.5615E-07  0.3534E-03     0.0       99.98
   365.466    3.93    11.0  0.1674E-02  0.2538E-06  0.1674E-02     0.0       99.98
   367.405    3.95    12.0  0.6929E-02  0.9000E-06  0.6928E-02     0.0       99.99
   369.344    3.97    13.0  0.2273E-01  0.2127E-05  0.2273E-01     0.0       99.99
   371.284    3.99    14.0  0.5918E-01  0.3437E-05  0.5918E-01     0.0       99.99
   373.223    4.01    15.0  0.1313E+00  0.4382E-05  0.1313E+00     0.0       99.99
   375.163    4.03    16.0  0.2639E+00  0.4841E-05  0.2639E+00     0.0      100.00
   377.102    4.05    17.0  0.4849E+00  0.4778E-05  0.4849E+00     0.0      100.00
   379.041    4.08    18.0  0.8351E+00  0.4414E-05  0.8350E+00     0.0       99.99
   380.981    4.10    19.0  0.1369E+01  0.3939E-05  0.1369E+01     0.0       99.99
   382.920    4.12    20.0  0.2149E+01  0.3424E-05  0.2149E+01     0.0       99.99
   384.860    4.14    21.0  0.3260E+01  0.3002E-05  0.3260E+01     0.0       99.99
   386.799    4.16    22.0  0.4784E+01  0.2538E-05  0.4783E+01     0.0       99.99
   388.738    4.18    23.0  0.6814E+01  0.2226E-05  0.6813E+01     0.0       99.99

     Querschnitte / mbarn

  E*/MeV   183At     184At     185At     186At     187At     188At     189At     190At     191At     192At  
     8.0 0.000E+00 0.000E+00 0.000E+00 0.000E+00 0.000E+00 0.000E+00 0.000E+00 0.000E+00 0.000E+00 0.134E-08
     9.0 0.000E+00 0.000E+00 0.000E+00 0.000E+00 0.000E+00 0.000E+00 0.000E+00 0.000E+00 0.000E+00 0.269E-08
    10.0 0.000E+00 0.000E+00 0.000E+00 0.000E+00 0.000E+00 0.000E+00 0.000E+00 0.000E+00 0.204E-09 0.486E-08
    11.0 0.000E+00 0.000E+00 0.000E+00 0.000E+00 0.000E+00 0.000E+00 0.000E+00 0.000E+00 0.133E-07 0.715E-08
    12.0 0.000E+00 0.000E+00 0.000E+00 0.000E+00 0.000E+00 0.000E+00 0.000E+00 0.000E+00 0.130E-06 0.964E-08
    13.0 0.000E+00 0.000E+00 0.000E+00 0.000E+00 0.000E+00 0.000E+00 0.000E+00 0.000E+00 0.432E-06 0.117E-07
    14.0 0.000E+00 0.000E+00 0.000E+00 0.000E+00 0.000E+00 0.000E+00 0.000E+00 0.000E+00 0.745E-06 0.147E-07
    15.0 0.000E+00 0.000E+00 0.000E+00 0.000E+00 0.000E+00 0.000E+00 0.000E+00 0.000E+00 0.967E-06 0.194E-07
    16.0 0.000E+00 0.000E+00 0.000E+00 0.000E+00 0.000E+00 0.000E+00 0.000E+00 0.000E+00 0.109E-05 0.217E-07
    17.0 0.000E+00 0.000E+00 0.000E+00 0.000E+00 0.000E+00 0.000E+00 0.000E+00 0.000E+00 0.106E-05 0.282E-07
    18.0 0.000E+00 0.000E+00 0.000E+00 0.000E+00 0.000E+00 0.000E+00 0.000E+00 0.000E+00 0.998E-06 0.234E-07
    19.0 0.000E+00 0.000E+00 0.000E+00 0.000E+00 0.000E+00 0.000E+00 0.000E+00 0.000E+00 0.917E-06 0.287E-07
    20.0 0.000E+00 0.000E+00 0.000E+00 0.000E+00 0.000E+00 0.000E+00 0.000E+00 0.000E+00 0.802E-06 0.454E-07
    21.0 0.000E+00 0.000E+00 0.000E+00 0.000E+00 0.000E+00 0.000E+00 0.000E+00 0.566E-10 0.732E-06 0.480E-07
    22.0 0.000E+00 0.000E+00 0.000E+00 0.000E+00 0.000E+00 0.000E+00 0.000E+00 0.178E-08 0.601E-06 0.000E+00
    23.0 0.000E+00 0.000E+00 0.000E+00 0.000E+00 0.000E+00 0.000E+00 0.000E+00 0.175E-07 0.498E-06 0.000E+00

  E*/MeV   182Po     183Po     184Po     185Po     186Po     187Po     188Po     189Po     190Po     191Po  
     8.0 0.000E+00 0.000E+00 0.000E+00 0.000E+00 0.000E+00 0.000E+00 0.000E+00 0.000E+00 0.000E+00 0.106E-08
     9.0 0.000E+00 0.000E+00 0.000E+00 0.000E+00 0.000E+00 0.000E+00 0.000E+00 0.000E+00 0.000E+00 0.851E-08
    10.0 0.000E+00 0.000E+00 0.000E+00 0.000E+00 0.000E+00 0.000E+00 0.000E+00 0.000E+00 0.000E+00 0.511E-07
    11.0 0.000E+00 0.000E+00 0.000E+00 0.000E+00 0.000E+00 0.000E+00 0.000E+00 0.000E+00 0.000E+00 0.233E-06
    12.0 0.000E+00 0.000E+00 0.000E+00 0.000E+00 0.000E+00 0.000E+00 0.000E+00 0.000E+00 0.000E+00 0.760E-06
    13.0 0.000E+00 0.000E+00 0.000E+00 0.000E+00 0.000E+00 0.000E+00 0.000E+00 0.000E+00 0.000E+00 0.168E-05
    14.0 0.000E+00 0.000E+00 0.000E+00 0.000E+00 0.000E+00 0.000E+00 0.000E+00 0.000E+00 0.870E-12 0.268E-05
    15.0 0.000E+00 0.000E+00 0.000E+00 0.000E+00 0.000E+00 0.000E+00 0.000E+00 0.000E+00 0.215E-10 0.339E-05
    16.0 0.000E+00 0.000E+00 0.000E+00 0.000E+00 0.000E+00 0.000E+00 0.000E+00 0.000E+00 0.235E-09 0.373E-05
    17.0 0.000E+00 0.000E+00 0.000E+00 0.000E+00 0.000E+00 0.000E+00 0.000E+00 0.000E+00 0.152E-08 0.369E-05
    18.0 0.000E+00 0.000E+00 0.000E+00 0.000E+00 0.000E+00 0.000E+00 0.000E+00 0.000E+00 0.667E-08 0.339E-05
    19.0 0.000E+00 0.000E+00 0.000E+00 0.000E+00 0.000E+00 0.000E+00 0.000E+00 0.000E+00 0.210E-07 0.297E-05
    20.0 0.000E+00 0.000E+00 0.000E+00 0.000E+00 0.000E+00 0.000E+00 0.000E+00 0.000E+00 0.506E-07 0.253E-05
    21.0 0.000E+00 0.000E+00 0.000E+00 0.000E+00 0.000E+00 0.000E+00 0.000E+00 0.000E+00 0.966E-07 0.212E-05
    22.0 0.000E+00 0.000E+00 0.000E+00 0.000E+00 0.000E+00 0.000E+00 0.000E+00 0.000E+00 0.150E-06 0.178E-05
    23.0 0.000E+00 0.000E+00 0.000E+00 0.000E+00 0.000E+00 0.000E+00 0.000E+00 0.000E+00 0.198E-06 0.151E-05

 HIVAP  CASOUT

   93Nb 99Ru 192At IFUS10 barfac0.32 sigr3.0 26/04/2024 15:36 Sitarcik  


     E_lab  A*MeV   E*/MeV     SI_fus      SI_VR     SI_Spalt  L_krit     b_Spalt

   390.678    4.20    24.0  0.9442E+01  0.1923E-05  0.9440E+01     2.0       99.98
   392.617    4.22    25.0  0.1275E+02  0.1691E-05  0.1275E+02    17.0       99.98
   394.557    4.24    26.0  0.1685E+02  0.1523E-05  0.1684E+02    24.0       99.98
   396.496    4.26    27.0  0.2177E+02  0.1369E-05  0.2177E+02    30.0       99.98
   398.435    4.28    28.0  0.2760E+02  0.1205E-05  0.2759E+02    35.0       99.97
   400.375    4.31    29.0  0.3438E+02  0.1030E-05  0.3437E+02    65.0       99.97
   402.314    4.33    30.0  0.4207E+02  0.8499E-06  0.4206E+02    65.0       99.96
   404.253    4.35    31.0  0.5069E+02  0.6799E-06  0.5067E+02    65.0       99.96
   406.193    4.37    32.0  0.6019E+02  0.5295E-06  0.6016E+02    65.0       99.96
   408.132    4.39    33.0  0.7042E+02  0.4077E-06  0.7039E+02    65.0       99.95
   410.072    4.41    34.0  0.8136E+02  0.3146E-06  0.8131E+02    65.0       99.95
   412.011    4.43    35.0  0.9279E+02  0.2455E-06  0.9273E+02    65.0       99.94
   413.950    4.45    36.0  0.1046E+03  0.1966E-06  0.1045E+03    65.0       99.94
   415.890    4.47    37.0  0.1166E+03  0.1619E-06  0.1165E+03    65.0       99.93
   417.829    4.49    38.0  0.1286E+03  0.1339E-06  0.1285E+03    65.0       99.93
   419.769    4.51    39.0  0.1405E+03  0.1095E-06  0.1404E+03    65.0       99.92

     Querschnitte / mbarn

  E*/MeV   183At     184At     185At     186At     187At     188At     189At     190At     191At     192At  
    24.0 0.000E+00 0.000E+00 0.000E+00 0.000E+00 0.000E+00 0.000E+00 0.000E+00 0.837E-07 0.343E-06 0.000E+00
    25.0 0.000E+00 0.000E+00 0.000E+00 0.000E+00 0.000E+00 0.000E+00 0.000E+00 0.235E-06 0.215E-06 0.000E+00
    26.0 0.000E+00 0.000E+00 0.000E+00 0.000E+00 0.000E+00 0.000E+00 0.000E+00 0.435E-06 0.127E-06 0.000E+00
    27.0 0.000E+00 0.000E+00 0.000E+00 0.000E+00 0.000E+00 0.000E+00 0.000E+00 0.605E-06 0.710E-07 0.000E+00
    28.0 0.000E+00 0.000E+00 0.000E+00 0.000E+00 0.000E+00 0.000E+00 0.000E+00 0.696E-06 0.377E-07 0.000E+00
    29.0 0.000E+00 0.000E+00 0.000E+00 0.000E+00 0.000E+00 0.000E+00 0.000E+00 0.702E-06 0.186E-07 0.000E+00
    30.0 0.000E+00 0.000E+00 0.000E+00 0.000E+00 0.000E+00 0.000E+00 0.000E+00 0.641E-06 0.877E-08 0.000E+00
    31.0 0.000E+00 0.000E+00 0.000E+00 0.000E+00 0.000E+00 0.000E+00 0.251E-12 0.545E-06 0.380E-08 0.000E+00
    32.0 0.000E+00 0.000E+00 0.000E+00 0.000E+00 0.000E+00 0.000E+00 0.780E-11 0.438E-06 0.000E+00 0.000E+00
    33.0 0.000E+00 0.000E+00 0.000E+00 0.000E+00 0.000E+00 0.000E+00 0.793E-10 0.336E-06 0.000E+00 0.000E+00
    34.0 0.000E+00 0.000E+00 0.000E+00 0.000E+00 0.000E+00 0.000E+00 0.394E-09 0.249E-06 0.000E+00 0.000E+00
    35.0 0.000E+00 0.000E+00 0.000E+00 0.000E+00 0.000E+00 0.000E+00 0.114E-08 0.179E-06 0.000E+00 0.000E+00
    36.0 0.000E+00 0.000E+00 0.000E+00 0.000E+00 0.000E+00 0.000E+00 0.223E-08 0.126E-06 0.000E+00 0.000E+00
    37.0 0.000E+00 0.000E+00 0.000E+00 0.000E+00 0.000E+00 0.000E+00 0.337E-08 0.878E-07 0.000E+00 0.000E+00
    38.0 0.000E+00 0.000E+00 0.000E+00 0.000E+00 0.000E+00 0.000E+00 0.423E-08 0.608E-07 0.000E+00 0.000E+00
    39.0 0.000E+00 0.000E+00 0.000E+00 0.000E+00 0.000E+00 0.000E+00 0.465E-08 0.416E-07 0.000E+00 0.000E+00

  E*/MeV   182Po     183Po     184Po     185Po     186Po     187Po     188Po     189Po     190Po     191Po  
    24.0 0.000E+00 0.000E+00 0.000E+00 0.000E+00 0.000E+00 0.000E+00 0.000E+00 0.000E+00 0.228E-06 0.127E-05
    25.0 0.000E+00 0.000E+00 0.000E+00 0.000E+00 0.000E+00 0.000E+00 0.000E+00 0.000E+00 0.234E-06 0.101E-05
    26.0 0.000E+00 0.000E+00 0.000E+00 0.000E+00 0.000E+00 0.000E+00 0.000E+00 0.157E-11 0.220E-06 0.741E-06
    27.0 0.000E+00 0.000E+00 0.000E+00 0.000E+00 0.000E+00 0.000E+00 0.000E+00 0.154E-10 0.193E-06 0.500E-06
    28.0 0.000E+00 0.000E+00 0.000E+00 0.000E+00 0.000E+00 0.000E+00 0.000E+00 0.101E-09 0.160E-06 0.312E-06
    29.0 0.000E+00 0.000E+00 0.000E+00 0.000E+00 0.000E+00 0.000E+00 0.000E+00 0.486E-09 0.127E-06 0.183E-06
    30.0 0.000E+00 0.000E+00 0.000E+00 0.000E+00 0.000E+00 0.000E+00 0.000E+00 0.176E-08 0.963E-07 0.102E-06
    31.0 0.000E+00 0.000E+00 0.000E+00 0.000E+00 0.000E+00 0.000E+00 0.000E+00 0.498E-08 0.710E-07 0.550E-07
    32.0 0.000E+00 0.000E+00 0.000E+00 0.000E+00 0.000E+00 0.000E+00 0.000E+00 0.114E-07 0.509E-07 0.292E-07
    33.0 0.000E+00 0.000E+00 0.000E+00 0.000E+00 0.000E+00 0.000E+00 0.000E+00 0.214E-07 0.355E-07 0.143E-07
    34.0 0.000E+00 0.000E+00 0.000E+00 0.000E+00 0.000E+00 0.000E+00 0.000E+00 0.343E-07 0.242E-07 0.701E-08
    35.0 0.000E+00 0.000E+00 0.000E+00 0.000E+00 0.000E+00 0.000E+00 0.000E+00 0.475E-07 0.161E-07 0.226E-08
    36.0 0.000E+00 0.000E+00 0.000E+00 0.000E+00 0.000E+00 0.000E+00 0.000E+00 0.582E-07 0.103E-07 0.000E+00
    37.0 0.000E+00 0.000E+00 0.000E+00 0.000E+00 0.000E+00 0.000E+00 0.268E-13 0.642E-07 0.653E-08 0.000E+00
    38.0 0.000E+00 0.000E+00 0.000E+00 0.000E+00 0.000E+00 0.000E+00 0.180E-12 0.651E-07 0.383E-08 0.000E+00
    39.0 0.000E+00 0.000E+00 0.000E+00 0.000E+00 0.000E+00 0.000E+00 0.871E-12 0.613E-07 0.187E-08 0.000E+00

 HIVAP  CASOUT

   93Nb 99Ru 192At IFUS10 barfac0.32 sigr3.0 26/04/2024 15:36 Sitarcik  


     E_lab  A*MeV   E*/MeV     SI_fus      SI_VR     SI_Spalt  L_krit     b_Spalt

   421.708    4.53    40.0  0.1522E+03  0.8791E-07  0.1520E+03    65.0       99.91
   423.647    4.56    41.0  0.1634E+03  0.6904E-07  0.1632E+03    65.0       99.91
   425.587    4.58    42.0  0.1740E+03  0.5289E-07  0.1738E+03    65.0       99.90
   427.526    4.60    43.0  0.1839E+03  0.3970E-07  0.1837E+03    65.0       99.89
   429.466    4.62    44.0  0.1931E+03  0.2928E-07  0.1929E+03    65.0       99.88
   431.405    4.64    45.0  0.2015E+03  0.2108E-07  0.2013E+03    65.0       99.87
   433.344    4.66    46.0  0.2090E+03  0.1494E-07  0.2088E+03    65.0       99.86
   435.284    4.68    47.0  0.2157E+03  0.1051E-07  0.2154E+03    65.0       99.85
   437.223    4.70    48.0  0.2215E+03  0.7392E-08  0.2212E+03    65.0       99.84
   439.163    4.72    49.0  0.2265E+03  0.5285E-08  0.2261E+03    65.0       99.83
   441.102    4.74    50.0  0.2307E+03  0.3809E-08  0.2302E+03    65.0       99.81
   443.041    4.76    51.0  0.2341E+03  0.2745E-08  0.2336E+03    65.0       99.80
   444.981    4.78    52.0  0.2368E+03  0.2059E-08  0.2363E+03    65.0       99.78
   446.920    4.81    53.0  0.2390E+03  0.1562E-08  0.2384E+03    65.0       99.77
   448.860    4.83    54.0  0.2406E+03  0.1196E-08  0.2399E+03    65.0       99.75
   450.799    4.85    55.0  0.2416E+03  0.9136E-09  0.2410E+03    65.0       99.73

     Querschnitte / mbarn

  E*/MeV   183At     184At     185At     186At     187At     188At     189At     190At     191At     192At  
    40.0 0.000E+00 0.000E+00 0.000E+00 0.000E+00 0.000E+00 0.000E+00 0.461E-08 0.280E-07 0.000E+00 0.000E+00
    41.0 0.000E+00 0.000E+00 0.000E+00 0.000E+00 0.000E+00 0.000E+00 0.425E-08 0.185E-07 0.000E+00 0.000E+00
    42.0 0.000E+00 0.000E+00 0.000E+00 0.000E+00 0.000E+00 0.000E+00 0.368E-08 0.120E-07 0.000E+00 0.000E+00
    43.0 0.000E+00 0.000E+00 0.000E+00 0.000E+00 0.000E+00 0.295E-14 0.305E-08 0.750E-08 0.000E+00 0.000E+00
    44.0 0.000E+00 0.000E+00 0.000E+00 0.000E+00 0.000E+00 0.473E-13 0.243E-08 0.467E-08 0.000E+00 0.000E+00
    45.0 0.000E+00 0.000E+00 0.000E+00 0.000E+00 0.000E+00 0.417E-12 0.187E-08 0.271E-08 0.000E+00 0.000E+00
    46.0 0.000E+00 0.000E+00 0.000E+00 0.000E+00 0.000E+00 0.230E-11 0.140E-08 0.146E-08 0.000E+00 0.000E+00
    47.0 0.000E+00 0.000E+00 0.000E+00 0.000E+00 0.000E+00 0.860E-11 0.103E-08 0.738E-09 0.000E+00 0.000E+00
    48.0 0.000E+00 0.000E+00 0.000E+00 0.000E+00 0.000E+00 0.234E-10 0.740E-09 0.343E-09 0.000E+00 0.000E+00
    49.0 0.000E+00 0.000E+00 0.000E+00 0.000E+00 0.000E+00 0.493E-10 0.523E-09 0.190E-09 0.000E+00 0.000E+00
    50.0 0.000E+00 0.000E+00 0.000E+00 0.000E+00 0.000E+00 0.848E-10 0.365E-09 0.941E-10 0.000E+00 0.000E+00
    51.0 0.000E+00 0.000E+00 0.000E+00 0.000E+00 0.000E+00 0.125E-09 0.250E-09 0.000E+00 0.000E+00 0.000E+00
    52.0 0.000E+00 0.000E+00 0.000E+00 0.000E+00 0.000E+00 0.162E-09 0.170E-09 0.000E+00 0.000E+00 0.000E+00
    53.0 0.000E+00 0.000E+00 0.000E+00 0.000E+00 0.000E+00 0.190E-09 0.114E-09 0.000E+00 0.000E+00 0.000E+00
    54.0 0.000E+00 0.000E+00 0.000E+00 0.000E+00 0.198E-16 0.206E-09 0.755E-10 0.000E+00 0.000E+00 0.000E+00
    55.0 0.000E+00 0.000E+00 0.000E+00 0.000E+00 0.224E-15 0.209E-09 0.479E-10 0.000E+00 0.000E+00 0.000E+00

  E*/MeV   182Po     183Po     184Po     185Po     186Po     187Po     188Po     189Po     190Po     191Po  
    40.0 0.000E+00 0.000E+00 0.000E+00 0.000E+00 0.000E+00 0.000E+00 0.320E-11 0.544E-07 0.820E-09 0.000E+00
    41.0 0.000E+00 0.000E+00 0.000E+00 0.000E+00 0.000E+00 0.000E+00 0.931E-11 0.460E-07 0.317E-09 0.000E+00
    42.0 0.000E+00 0.000E+00 0.000E+00 0.000E+00 0.000E+00 0.000E+00 0.221E-10 0.372E-07 0.000E+00 0.000E+00
    43.0 0.000E+00 0.000E+00 0.000E+00 0.000E+00 0.000E+00 0.000E+00 0.441E-10 0.291E-07 0.000E+00 0.000E+00
    44.0 0.000E+00 0.000E+00 0.000E+00 0.000E+00 0.000E+00 0.000E+00 0.756E-10 0.221E-07 0.000E+00 0.000E+00
    45.0 0.000E+00 0.000E+00 0.000E+00 0.000E+00 0.000E+00 0.000E+00 0.114E-09 0.164E-07 0.000E+00 0.000E+00
    46.0 0.000E+00 0.000E+00 0.000E+00 0.000E+00 0.000E+00 0.000E+00 0.153E-09 0.119E-07 0.000E+00 0.000E+00
    47.0 0.000E+00 0.000E+00 0.000E+00 0.000E+00 0.000E+00 0.000E+00 0.186E-09 0.855E-08 0.000E+00 0.000E+00
    48.0 0.000E+00 0.000E+00 0.000E+00 0.000E+00 0.000E+00 0.000E+00 0.210E-09 0.608E-08 0.000E+00 0.000E+00
    49.0 0.000E+00 0.000E+00 0.000E+00 0.000E+00 0.000E+00 0.840E-15 0.221E-09 0.430E-08 0.000E+00 0.000E+00
    50.0 0.000E+00 0.000E+00 0.000E+00 0.000E+00 0.000E+00 0.496E-14 0.220E-09 0.305E-08 0.000E+00 0.000E+00
    51.0 0.000E+00 0.000E+00 0.000E+00 0.000E+00 0.000E+00 0.229E-13 0.208E-09 0.216E-08 0.000E+00 0.000E+00
    52.0 0.000E+00 0.000E+00 0.000E+00 0.000E+00 0.000E+00 0.861E-13 0.188E-09 0.154E-08 0.000E+00 0.000E+00
    53.0 0.000E+00 0.000E+00 0.000E+00 0.000E+00 0.000E+00 0.268E-12 0.165E-09 0.109E-08 0.000E+00 0.000E+00
    54.0 0.000E+00 0.000E+00 0.000E+00 0.000E+00 0.000E+00 0.710E-12 0.139E-09 0.774E-09 0.000E+00 0.000E+00
    55.0 0.000E+00 0.000E+00 0.000E+00 0.000E+00 0.000E+00 0.162E-11 0.115E-09 0.540E-09 0.000E+00 0.000E+00

 HIVAP  CASOUT

   93Nb 99Ru 192At IFUS10 barfac0.32 sigr3.0 26/04/2024 15:36 Sitarcik  


     E_lab  A*MeV   E*/MeV     SI_fus      SI_VR     SI_Spalt  L_krit     b_Spalt

   452.738    4.87    56.0  0.2423E+03  0.6723E-09  0.2416E+03    65.0       99.71
   454.678    4.89    57.0  0.2427E+03  0.4484E-09  0.2419E+03    65.0       99.69
   456.617    4.91    58.0  0.2427E+03  0.3367E-09  0.2419E+03    65.0       99.66
   458.557    4.93    59.0  0.2425E+03  0.2745E-09  0.2416E+03    65.0       99.64
   460.496    4.95    60.0  0.2421E+03  0.2243E-09  0.2412E+03    65.0       99.61
   462.435    4.97    61.0  0.2416E+03  0.1834E-09  0.2406E+03    65.0       99.59
   464.375    4.99    62.0  0.2409E+03  0.1506E-09  0.2399E+03    65.0       99.56
   466.314    5.01    63.0  0.2402E+03  0.1065E-09  0.2391E+03    65.0       99.53
   468.253    5.03    64.0  0.2394E+03  0.9130E-10  0.2382E+03    65.0       99.50
   470.193    5.06    65.0  0.2385E+03  0.7807E-10  0.2372E+03    65.0       99.47
   472.132    5.08    66.0  0.2376E+03  0.6570E-10  0.2362E+03    65.0       99.44
   474.072    5.10    67.0  0.2366E+03  0.5584E-10  0.2352E+03    65.0       99.41
   476.011    5.12    68.0  0.2357E+03  0.4746E-10  0.2342E+03    65.0       99.37
   477.950    5.14    69.0  0.2348E+03  0.4055E-10  0.2332E+03    65.0       99.34
   479.890    5.16    70.0  0.2338E+03  0.3428E-10  0.2322E+03    65.0       99.30
   481.829    5.18    71.0  0.2329E+03  0.2867E-10  0.2312E+03    65.0       99.26

     Querschnitte / mbarn

  E*/MeV   183At     184At     185At     186At     187At     188At     189At     190At     191At     192At  
    56.0 0.000E+00 0.000E+00 0.000E+00 0.000E+00 0.161E-14 0.202E-09 0.285E-10 0.000E+00 0.000E+00 0.000E+00
    57.0 0.000E+00 0.000E+00 0.000E+00 0.000E+00 0.791E-14 0.186E-09 0.117E-10 0.000E+00 0.000E+00 0.000E+00
    58.0 0.000E+00 0.000E+00 0.000E+00 0.000E+00 0.281E-13 0.165E-09 0.233E-11 0.000E+00 0.000E+00 0.000E+00
    59.0 0.000E+00 0.000E+00 0.000E+00 0.000E+00 0.761E-13 0.142E-09 0.000E+00 0.000E+00 0.000E+00 0.000E+00
    60.0 0.000E+00 0.000E+00 0.000E+00 0.000E+00 0.165E-12 0.119E-09 0.000E+00 0.000E+00 0.000E+00 0.000E+00
    61.0 0.000E+00 0.000E+00 0.000E+00 0.000E+00 0.301E-12 0.977E-10 0.000E+00 0.000E+00 0.000E+00 0.000E+00
    62.0 0.000E+00 0.000E+00 0.000E+00 0.000E+00 0.476E-12 0.785E-10 0.000E+00 0.000E+00 0.000E+00 0.000E+00
    63.0 0.000E+00 0.000E+00 0.000E+00 0.000E+00 0.673E-12 0.621E-10 0.000E+00 0.000E+00 0.000E+00 0.000E+00
    64.0 0.000E+00 0.000E+00 0.000E+00 0.000E+00 0.868E-12 0.485E-10 0.000E+00 0.000E+00 0.000E+00 0.000E+00
    65.0 0.000E+00 0.000E+00 0.000E+00 0.000E+00 0.104E-11 0.374E-10 0.000E+00 0.000E+00 0.000E+00 0.000E+00
    66.0 0.000E+00 0.000E+00 0.000E+00 0.000E+00 0.117E-11 0.287E-10 0.000E+00 0.000E+00 0.000E+00 0.000E+00
    67.0 0.000E+00 0.000E+00 0.000E+00 0.000E+00 0.124E-11 0.218E-10 0.000E+00 0.000E+00 0.000E+00 0.000E+00
    68.0 0.000E+00 0.000E+00 0.000E+00 0.356E-17 0.126E-11 0.165E-10 0.000E+00 0.000E+00 0.000E+00 0.000E+00
    69.0 0.000E+00 0.000E+00 0.000E+00 0.228E-16 0.123E-11 0.124E-10 0.000E+00 0.000E+00 0.000E+00 0.000E+00
    70.0 0.000E+00 0.000E+00 0.000E+00 0.108E-15 0.117E-11 0.925E-11 0.000E+00 0.000E+00 0.000E+00 0.000E+00
    71.0 0.000E+00 0.000E+00 0.000E+00 0.399E-15 0.107E-11 0.688E-11 0.000E+00 0.000E+00 0.000E+00 0.000E+00

  E*/MeV   182Po     183Po     184Po     185Po     186Po     187Po     188Po     189Po     190Po     191Po  
    56.0 0.000E+00 0.000E+00 0.000E+00 0.000E+00 0.000E+00 0.325E-11 0.927E-10 0.346E-09 0.000E+00 0.000E+00
    57.0 0.000E+00 0.000E+00 0.000E+00 0.000E+00 0.000E+00 0.579E-11 0.732E-10 0.172E-09 0.000E+00 0.000E+00
    58.0 0.000E+00 0.000E+00 0.000E+00 0.000E+00 0.000E+00 0.931E-11 0.568E-10 0.103E-09 0.000E+00 0.000E+00
    59.0 0.000E+00 0.000E+00 0.000E+00 0.000E+00 0.000E+00 0.136E-10 0.434E-10 0.751E-10 0.000E+00 0.000E+00
    60.0 0.000E+00 0.000E+00 0.000E+00 0.000E+00 0.000E+00 0.184E-10 0.326E-10 0.538E-10 0.000E+00 0.000E+00
    61.0 0.000E+00 0.000E+00 0.000E+00 0.000E+00 0.138E-16 0.232E-10 0.243E-10 0.379E-10 0.000E+00 0.000E+00
    62.0 0.000E+00 0.000E+00 0.000E+00 0.000E+00 0.612E-16 0.275E-10 0.178E-10 0.264E-10 0.000E+00 0.000E+00
    63.0 0.000E+00 0.000E+00 0.000E+00 0.000E+00 0.224E-15 0.308E-10 0.129E-10 0.000E+00 0.000E+00 0.000E+00
    64.0 0.000E+00 0.000E+00 0.000E+00 0.000E+00 0.690E-15 0.330E-10 0.898E-11 0.000E+00 0.000E+00 0.000E+00
    65.0 0.000E+00 0.000E+00 0.000E+00 0.000E+00 0.183E-14 0.338E-10 0.578E-11 0.000E+00 0.000E+00 0.000E+00
    66.0 0.000E+00 0.000E+00 0.000E+00 0.000E+00 0.422E-14 0.334E-10 0.244E-11 0.000E+00 0.000E+00 0.000E+00
    67.0 0.000E+00 0.000E+00 0.000E+00 0.000E+00 0.865E-14 0.320E-10 0.821E-12 0.000E+00 0.000E+00 0.000E+00
    68.0 0.000E+00 0.000E+00 0.000E+00 0.000E+00 0.159E-13 0.297E-10 0.000E+00 0.000E+00 0.000E+00 0.000E+00
    69.0 0.000E+00 0.000E+00 0.000E+00 0.000E+00 0.267E-13 0.269E-10 0.000E+00 0.000E+00 0.000E+00 0.000E+00
    70.0 0.000E+00 0.000E+00 0.000E+00 0.000E+00 0.411E-13 0.238E-10 0.000E+00 0.000E+00 0.000E+00 0.000E+00
    71.0 0.000E+00 0.000E+00 0.000E+00 0.000E+00 0.588E-13 0.207E-10 0.000E+00 0.000E+00 0.000E+00 0.000E+00

 HIVAP  CASOUT

   93Nb 99Ru 192At IFUS10 barfac0.32 sigr3.0 26/04/2024 15:36 Sitarcik  


     E_lab  A*MeV   E*/MeV     SI_fus      SI_VR     SI_Spalt  L_krit     b_Spalt

   483.769    5.20    72.0  0.2319E+03  0.2372E-10  0.2301E+03    65.0       99.23
   485.708    5.22    73.0  0.2310E+03  0.1939E-10  0.2291E+03    65.0       99.19
   487.647    5.24    74.0  0.2301E+03  0.1564E-10  0.2281E+03    65.0       99.14
   489.587    5.26    75.0  0.2292E+03  0.1242E-10  0.2271E+03    65.0       99.10
   491.526    5.29    76.0  0.2283E+03  0.9318E-11  0.2261E+03    65.0       99.06
   493.466    5.31    77.0  0.2274E+03  0.7326E-11  0.2251E+03    65.0       99.02
   495.405    5.33    78.0  0.2265E+03  0.5843E-11  0.2242E+03    65.0       98.97
   497.344    5.35    79.0  0.2256E+03  0.4631E-11  0.2232E+03    65.0       98.92
   499.284    5.37    80.0  0.2247E+03  0.3648E-11  0.2222E+03    65.0       98.88
   501.223    5.39    81.0  0.2239E+03  0.2868E-11  0.2212E+03    65.0       98.83
   503.163    5.41    82.0  0.2230E+03  0.2150E-11  0.2203E+03    65.0       98.78
   505.102    5.43    83.0  0.2221E+03  0.1651E-11  0.2193E+03    65.0       98.73
   507.041    5.45    84.0  0.2213E+03  0.1209E-11  0.2184E+03    65.0       98.68
   508.981    5.47    85.0  0.2204E+03  0.8277E-12  0.2174E+03    65.0       98.63
   510.920    5.49    86.0  0.2196E+03  0.4727E-12  0.2165E+03    65.0       98.57
   512.860    5.51    87.0  0.2188E+03  0.3189E-12  0.2155E+03    65.0       98.52

     Querschnitte / mbarn

  E*/MeV   183At     184At     185At     186At     187At     188At     189At     190At     191At     192At  
    72.0 0.000E+00 0.000E+00 0.000E+00 0.118E-14 0.962E-12 0.508E-11 0.000E+00 0.000E+00 0.000E+00 0.000E+00
    73.0 0.000E+00 0.000E+00 0.000E+00 0.289E-14 0.843E-12 0.370E-11 0.000E+00 0.000E+00 0.000E+00 0.000E+00
    74.0 0.000E+00 0.000E+00 0.000E+00 0.606E-14 0.725E-12 0.261E-11 0.000E+00 0.000E+00 0.000E+00 0.000E+00
    75.0 0.000E+00 0.000E+00 0.000E+00 0.112E-13 0.614E-12 0.173E-11 0.000E+00 0.000E+00 0.000E+00 0.000E+00
    76.0 0.000E+00 0.000E+00 0.000E+00 0.184E-13 0.513E-12 0.639E-12 0.000E+00 0.000E+00 0.000E+00 0.000E+00
    77.0 0.000E+00 0.000E+00 0.000E+00 0.278E-13 0.423E-12 0.342E-12 0.000E+00 0.000E+00 0.000E+00 0.000E+00
    78.0 0.000E+00 0.000E+00 0.000E+00 0.387E-13 0.346E-12 0.264E-12 0.000E+00 0.000E+00 0.000E+00 0.000E+00
    79.0 0.000E+00 0.000E+00 0.000E+00 0.505E-13 0.281E-12 0.202E-12 0.000E+00 0.000E+00 0.000E+00 0.000E+00
    80.0 0.000E+00 0.000E+00 0.438E-19 0.622E-13 0.226E-12 0.153E-12 0.000E+00 0.000E+00 0.000E+00 0.000E+00
    81.0 0.000E+00 0.000E+00 0.218E-18 0.728E-13 0.181E-12 0.114E-12 0.000E+00 0.000E+00 0.000E+00 0.000E+00
    82.0 0.000E+00 0.000E+00 0.847E-18 0.817E-13 0.144E-12 0.000E+00 0.000E+00 0.000E+00 0.000E+00 0.000E+00
    83.0 0.000E+00 0.000E+00 0.267E-17 0.883E-13 0.114E-12 0.000E+00 0.000E+00 0.000E+00 0.000E+00 0.000E+00
    84.0 0.000E+00 0.000E+00 0.707E-17 0.923E-13 0.867E-13 0.000E+00 0.000E+00 0.000E+00 0.000E+00 0.000E+00
    85.0 0.000E+00 0.000E+00 0.161E-16 0.936E-13 0.645E-13 0.000E+00 0.000E+00 0.000E+00 0.000E+00 0.000E+00
    86.0 0.000E+00 0.000E+00 0.323E-16 0.924E-13 0.477E-13 0.000E+00 0.000E+00 0.000E+00 0.000E+00 0.000E+00
    87.0 0.000E+00 0.000E+00 0.583E-16 0.891E-13 0.278E-13 0.000E+00 0.000E+00 0.000E+00 0.000E+00 0.000E+00

  E*/MeV   182Po     183Po     184Po     185Po     186Po     187Po     188Po     189Po     190Po     191Po  
    72.0 0.000E+00 0.000E+00 0.000E+00 0.000E+00 0.788E-13 0.176E-10 0.000E+00 0.000E+00 0.000E+00 0.000E+00
    73.0 0.000E+00 0.000E+00 0.000E+00 0.000E+00 0.998E-13 0.147E-10 0.000E+00 0.000E+00 0.000E+00 0.000E+00
    74.0 0.000E+00 0.000E+00 0.000E+00 0.107E-17 0.120E-12 0.122E-10 0.000E+00 0.000E+00 0.000E+00 0.000E+00
    75.0 0.000E+00 0.000E+00 0.000E+00 0.435E-17 0.138E-12 0.993E-11 0.000E+00 0.000E+00 0.000E+00 0.000E+00
    76.0 0.000E+00 0.000E+00 0.000E+00 0.152E-16 0.152E-12 0.799E-11 0.000E+00 0.000E+00 0.000E+00 0.000E+00
    77.0 0.000E+00 0.000E+00 0.000E+00 0.465E-16 0.162E-12 0.637E-11 0.000E+00 0.000E+00 0.000E+00 0.000E+00
    78.0 0.000E+00 0.000E+00 0.000E+00 0.125E-15 0.167E-12 0.503E-11 0.000E+00 0.000E+00 0.000E+00 0.000E+00
    79.0 0.000E+00 0.000E+00 0.000E+00 0.300E-15 0.167E-12 0.393E-11 0.000E+00 0.000E+00 0.000E+00 0.000E+00
    80.0 0.000E+00 0.000E+00 0.000E+00 0.649E-15 0.163E-12 0.304E-11 0.000E+00 0.000E+00 0.000E+00 0.000E+00
    81.0 0.000E+00 0.000E+00 0.000E+00 0.128E-14 0.156E-12 0.234E-11 0.000E+00 0.000E+00 0.000E+00 0.000E+00
    82.0 0.000E+00 0.000E+00 0.000E+00 0.232E-14 0.146E-12 0.178E-11 0.000E+00 0.000E+00 0.000E+00 0.000E+00
    83.0 0.000E+00 0.000E+00 0.000E+00 0.389E-14 0.133E-12 0.131E-11 0.000E+00 0.000E+00 0.000E+00 0.000E+00
    84.0 0.000E+00 0.000E+00 0.000E+00 0.611E-14 0.120E-12 0.904E-12 0.000E+00 0.000E+00 0.000E+00 0.000E+00
    85.0 0.000E+00 0.000E+00 0.000E+00 0.901E-14 0.107E-12 0.554E-12 0.000E+00 0.000E+00 0.000E+00 0.000E+00
    86.0 0.000E+00 0.000E+00 0.000E+00 0.126E-13 0.936E-13 0.226E-12 0.000E+00 0.000E+00 0.000E+00 0.000E+00
    87.0 0.000E+00 0.000E+00 0.209E-19 0.167E-13 0.811E-13 0.104E-12 0.000E+00 0.000E+00 0.000E+00 0.000E+00

 HIVAP  CASOUT

   93Nb 99Ru 192At IFUS10 barfac0.32 sigr3.0 26/04/2024 15:36 Sitarcik  


     E_lab  A*MeV   E*/MeV     SI_fus      SI_VR     SI_Spalt  L_krit     b_Spalt

   514.799    5.54    88.0  0.2180E+03  0.1909E-12  0.2146E+03    65.0       98.46
   516.738    5.56    89.0  0.2171E+03  0.1745E-12  0.2137E+03    65.0       98.41
   518.678    5.58    90.0  0.2163E+03  0.1576E-12  0.2128E+03    65.0       98.35

     Querschnitte / mbarn

  E*/MeV   183At     184At     185At     186At     187At     188At     189At     190At     191At     192At  
    88.0 0.000E+00 0.000E+00 0.961E-16 0.841E-13 0.159E-13 0.000E+00 0.000E+00 0.000E+00 0.000E+00 0.000E+00
    89.0 0.000E+00 0.000E+00 0.147E-15 0.780E-13 0.116E-13 0.000E+00 0.000E+00 0.000E+00 0.000E+00 0.000E+00
    90.0 0.000E+00 0.000E+00 0.209E-15 0.710E-13 0.658E-14 0.000E+00 0.000E+00 0.000E+00 0.000E+00 0.000E+00

  E*/MeV   182Po     183Po     184Po     185Po     186Po     187Po     188Po     189Po     190Po     191Po  
    88.0 0.000E+00 0.000E+00 0.652E-19 0.212E-13 0.695E-13 0.000E+00 0.000E+00 0.000E+00 0.000E+00 0.000E+00
    89.0 0.000E+00 0.000E+00 0.180E-18 0.259E-13 0.589E-13 0.000E+00 0.000E+00 0.000E+00 0.000E+00 0.000E+00
    90.0 0.000E+00 0.000E+00 0.448E-18 0.305E-13 0.494E-13 0.000E+00 0.000E+00 0.000E+00 0.000E+00 0.000E+00
                                                                        
           



 Ende HIVAP 
