          Programm HIVAP,  Autor  W.Reisdorf   Version fuer "rzri6f" vom  7. 6. 1994

           Bearbeitung F.P.Heﬂberger
           
   90Zr 103Rh 193At IFUS10 barfac0.46 sigr3.0 09/11/2023 10:35 Sitarcik 
           

 Unterprogramm SEPENF

 benutzt Sierks Programm BARFIT 
 Q-Wert  -176.768 MeV
 Massen aus der Datei "mlz.dat" 

         Exp. Schaleneffekte,  SHELL0=    0.00
          At  184   At  185   At  186   At  187   At  188   At  189   At  190   At  191   At  192   At  193
             -0.96     -0.15     -0.95     -0.13     -0.92     -0.10     -0.88     -0.07     -0.87     -0.14
          Po  183   Po  184   Po  185   Po  186   Po  187   Po  188   Po  189   Po  190   Po  191   Po  192
             -0.41      0.51     -0.23      0.60     -0.21      0.55     -0.34      0.34     -0.63     -0.03
          Bi  182   Bi  183   Bi  184   Bi  185   Bi  186   Bi  187   Bi  188   Bi  189   Bi  190   Bi  191
             -2.02     -1.09     -1.82     -0.98     -1.79     -1.03     -1.92     -1.24     -2.20     -1.60
          Pb  181   Pb  182   Pb  183   Pb  184   Pb  185   Pb  186   Pb  187   Pb  188   Pb  189   Pb  190
             -2.05     -1.11     -1.85     -1.00     -1.81     -1.05     -1.94     -1.26     -2.22     -1.62

           BARFAC=   0.460      BAR0=   0.000

          Separationsenergien (BN,BP,BA) und Spaltbarrieren
          At  184   At  185   At  186   At  187   At  188   At  189   At  190   At  191   At  192   At  193
             10.83     12.24     10.41     11.81     10.00     11.40      9.60     11.01      9.25     10.70
             -2.63     -2.25     -1.92     -1.64     -1.40     -1.20     -1.04     -0.93     -0.82     -0.71
             -9.93     -9.63     -9.36     -9.14     -8.96     -8.83     -8.72     -8.66     -8.59     -8.53
              2.90      2.19      3.11      2.40      3.30      2.59      3.48      2.78      3.70      3.08
             -1.62     -0.81     -1.61     -0.80     -1.60     -0.80     -1.60     -0.80     -1.59     -0.79
          Po  183   Po  184   Po  185   Po  186   Po  187   Po  188   Po  189   Po  190   Po  191   Po  192
             10.41     11.86     10.08     11.54      9.75     11.20      9.44     10.89      9.14     10.58
             -1.08     -0.82     -0.54     -0.28     -0.02      0.24      0.50      0.75      1.01      1.26
            -10.16     -9.96     -9.74     -9.53     -9.32     -9.12     -8.90     -8.69     -8.47     -8.26
              2.78      1.98      2.84      2.13      3.06      2.42      3.43      2.87      3.95      3.47
             -0.81      0.00     -0.81      0.00     -0.80      0.00     -0.80      0.00     -0.80      0.00
          Bi  182   Bi  183   Bi  184   Bi  185   Bi  186   Bi  187   Bi  188   Bi  189   Bi  190   Bi  191
             10.14     11.60      9.81     11.27      9.49     10.95      9.18     10.64      8.88     10.33
             -2.30     -2.03     -1.76     -1.49     -1.22     -0.96     -0.69     -0.43     -0.17      0.09
             -8.19     -7.99     -7.78     -7.58     -7.36     -7.16     -6.93     -6.73     -6.50     -6.30
              4.87      4.07      4.94      4.22      5.16      4.53      5.54      4.98      6.06      5.58
             -1.63     -0.81     -1.62     -0.81     -1.61     -0.80     -1.60     -0.80     -1.60     -0.80
          Pb  181   Pb  182   Pb  183   Pb  184   Pb  185   Pb  186   Pb  187   Pb  188   Pb  189   Pb  190
              9.86     11.33      9.54     11.00      9.22     10.68      8.92     10.38      8.62     10.08
              1.42      1.68      1.94      2.20      2.46      2.71      2.97      3.22      3.47      3.72
             -6.22     -6.03     -5.81     -5.61     -5.39     -5.19     -4.97     -4.76     -4.54     -4.33
              5.43      4.63      5.51      4.79      5.74      5.11      6.12      5.57      6.65      6.17
             -0.82      0.00     -0.81      0.00     -0.81      0.00     -0.80      0.00     -0.80      0.00

 benutzter Q-Wert  -176.768 MeV    effektiver Q-Wert  -176.768 MeV

 HIVAP  CASOUT

   90Zr 103Rh 193At IFUS10 barfac0.46 sigr3.0 09/11/2023 10:35 Sitarcik 


     E_lab  A*MeV   E*/MeV     SI_fus      SI_VR     SI_Spalt  L_krit     b_Spalt

   346.215    3.85     8.0  0.7449E-04  0.1726E-07  0.7447E-04     0.0       99.98
   348.089    3.87     9.0  0.3763E-03  0.5877E-07  0.3763E-03     0.0       99.98
   349.963    3.89    10.0  0.1798E-02  0.2843E-06  0.1798E-02     0.0       99.98
   351.837    3.91    11.0  0.7419E-02  0.1179E-05  0.7418E-02     0.0       99.98
   353.711    3.93    12.0  0.2405E-01  0.3332E-05  0.2404E-01     0.0       99.99
   355.584    3.95    13.0  0.6101E-01  0.7179E-05  0.6100E-01     0.0       99.99
   357.458    3.97    14.0  0.1312E+00  0.1406E-04  0.1311E+00     0.0       99.99
   359.332    3.99    15.0  0.2565E+00  0.2868E-04  0.2565E+00     0.0       99.99
   361.206    4.01    16.0  0.4634E+00  0.5095E-04  0.4634E+00     0.0       99.99
   363.079    4.03    17.0  0.7859E+00  0.6220E-04  0.7859E+00     0.0       99.99
   364.953    4.06    18.0  0.1268E+01  0.6466E-04  0.1268E+01     0.0       99.99
   366.827    4.08    19.0  0.1962E+01  0.6249E-04  0.1962E+01     0.0      100.00
   368.701    4.10    20.0  0.2938E+01  0.5695E-04  0.2938E+01     0.0       99.99
   370.575    4.12    21.0  0.4270E+01  0.5005E-04  0.4269E+01     0.0       99.99
   372.448    4.14    22.0  0.6047E+01  0.4495E-04  0.6044E+01     0.0       99.96
   374.322    4.16    23.0  0.8351E+01  0.4371E-04  0.8346E+01     0.0       99.93

     Querschnitte / mbarn

  E*/MeV   184At     185At     186At     187At     188At     189At     190At     191At     192At     193At  
     8.0 0.000E+00 0.000E+00 0.000E+00 0.000E+00 0.000E+00 0.000E+00 0.000E+00 0.000E+00 0.000E+00 0.135E-07
     9.0 0.000E+00 0.000E+00 0.000E+00 0.000E+00 0.000E+00 0.000E+00 0.000E+00 0.000E+00 0.000E+00 0.236E-07
    10.0 0.000E+00 0.000E+00 0.000E+00 0.000E+00 0.000E+00 0.000E+00 0.000E+00 0.000E+00 0.000E+00 0.392E-07
    11.0 0.000E+00 0.000E+00 0.000E+00 0.000E+00 0.000E+00 0.000E+00 0.000E+00 0.000E+00 0.726E-10 0.548E-07
    12.0 0.000E+00 0.000E+00 0.000E+00 0.000E+00 0.000E+00 0.000E+00 0.000E+00 0.000E+00 0.332E-07 0.659E-07
    13.0 0.000E+00 0.000E+00 0.000E+00 0.000E+00 0.000E+00 0.000E+00 0.000E+00 0.000E+00 0.914E-06 0.663E-07
    14.0 0.000E+00 0.000E+00 0.000E+00 0.000E+00 0.000E+00 0.000E+00 0.000E+00 0.000E+00 0.471E-05 0.724E-07
    15.0 0.000E+00 0.000E+00 0.000E+00 0.000E+00 0.000E+00 0.000E+00 0.000E+00 0.000E+00 0.162E-04 0.738E-07
    16.0 0.000E+00 0.000E+00 0.000E+00 0.000E+00 0.000E+00 0.000E+00 0.000E+00 0.000E+00 0.351E-04 0.685E-07
    17.0 0.000E+00 0.000E+00 0.000E+00 0.000E+00 0.000E+00 0.000E+00 0.000E+00 0.000E+00 0.424E-04 0.629E-07
    18.0 0.000E+00 0.000E+00 0.000E+00 0.000E+00 0.000E+00 0.000E+00 0.000E+00 0.000E+00 0.410E-04 0.545E-07
    19.0 0.000E+00 0.000E+00 0.000E+00 0.000E+00 0.000E+00 0.000E+00 0.000E+00 0.000E+00 0.361E-04 0.676E-07
    20.0 0.000E+00 0.000E+00 0.000E+00 0.000E+00 0.000E+00 0.000E+00 0.000E+00 0.000E+00 0.295E-04 0.700E-07
    21.0 0.000E+00 0.000E+00 0.000E+00 0.000E+00 0.000E+00 0.000E+00 0.000E+00 0.324E-09 0.225E-04 0.521E-07
    22.0 0.000E+00 0.000E+00 0.000E+00 0.000E+00 0.000E+00 0.000E+00 0.000E+00 0.923E-08 0.165E-04 0.000E+00
    23.0 0.000E+00 0.000E+00 0.000E+00 0.000E+00 0.000E+00 0.000E+00 0.000E+00 0.887E-07 0.117E-04 0.000E+00

  E*/MeV   183Po     184Po     185Po     186Po     187Po     188Po     189Po     190Po     191Po     192Po  
     8.0 0.000E+00 0.000E+00 0.000E+00 0.000E+00 0.000E+00 0.000E+00 0.000E+00 0.000E+00 0.000E+00 0.376E-08
     9.0 0.000E+00 0.000E+00 0.000E+00 0.000E+00 0.000E+00 0.000E+00 0.000E+00 0.000E+00 0.000E+00 0.348E-07
    10.0 0.000E+00 0.000E+00 0.000E+00 0.000E+00 0.000E+00 0.000E+00 0.000E+00 0.000E+00 0.000E+00 0.241E-06
    11.0 0.000E+00 0.000E+00 0.000E+00 0.000E+00 0.000E+00 0.000E+00 0.000E+00 0.000E+00 0.000E+00 0.110E-05
    12.0 0.000E+00 0.000E+00 0.000E+00 0.000E+00 0.000E+00 0.000E+00 0.000E+00 0.000E+00 0.000E+00 0.308E-05
    13.0 0.000E+00 0.000E+00 0.000E+00 0.000E+00 0.000E+00 0.000E+00 0.000E+00 0.000E+00 0.000E+00 0.566E-05
    14.0 0.000E+00 0.000E+00 0.000E+00 0.000E+00 0.000E+00 0.000E+00 0.000E+00 0.000E+00 0.000E+00 0.778E-05
    15.0 0.000E+00 0.000E+00 0.000E+00 0.000E+00 0.000E+00 0.000E+00 0.000E+00 0.000E+00 0.151E-11 0.885E-05
    16.0 0.000E+00 0.000E+00 0.000E+00 0.000E+00 0.000E+00 0.000E+00 0.000E+00 0.000E+00 0.298E-09 0.874E-05
    17.0 0.000E+00 0.000E+00 0.000E+00 0.000E+00 0.000E+00 0.000E+00 0.000E+00 0.000E+00 0.318E-08 0.773E-05
    18.0 0.000E+00 0.000E+00 0.000E+00 0.000E+00 0.000E+00 0.000E+00 0.000E+00 0.000E+00 0.195E-07 0.632E-05
    19.0 0.000E+00 0.000E+00 0.000E+00 0.000E+00 0.000E+00 0.000E+00 0.000E+00 0.000E+00 0.955E-07 0.485E-05
    20.0 0.000E+00 0.000E+00 0.000E+00 0.000E+00 0.000E+00 0.000E+00 0.000E+00 0.000E+00 0.364E-06 0.356E-05
    21.0 0.000E+00 0.000E+00 0.000E+00 0.000E+00 0.000E+00 0.000E+00 0.000E+00 0.000E+00 0.111E-05 0.252E-05
    22.0 0.000E+00 0.000E+00 0.000E+00 0.000E+00 0.000E+00 0.000E+00 0.000E+00 0.000E+00 0.279E-05 0.175E-05
    23.0 0.000E+00 0.000E+00 0.000E+00 0.000E+00 0.000E+00 0.000E+00 0.000E+00 0.000E+00 0.572E-05 0.121E-05

  E*/MeV   182Bi     183Bi     184Bi     185Bi     186Bi     187Bi     188Bi     189Bi     190Bi     191Bi  
     8.0 0.000E+00 0.000E+00 0.000E+00 0.000E+00 0.000E+00 0.000E+00 0.000E+00 0.287E-10 0.000E+00 0.000E+00
     9.0 0.000E+00 0.000E+00 0.000E+00 0.000E+00 0.000E+00 0.000E+00 0.000E+00 0.367E-09 0.000E+00 0.000E+00
    10.0 0.000E+00 0.000E+00 0.000E+00 0.000E+00 0.000E+00 0.000E+00 0.000E+00 0.392E-08 0.000E+00 0.000E+00
    11.0 0.000E+00 0.000E+00 0.000E+00 0.000E+00 0.000E+00 0.000E+00 0.000E+00 0.292E-07 0.000E+00 0.497E-13
    12.0 0.000E+00 0.000E+00 0.000E+00 0.000E+00 0.000E+00 0.000E+00 0.000E+00 0.153E-06 0.000E+00 0.239E-11
    13.0 0.000E+00 0.000E+00 0.000E+00 0.000E+00 0.000E+00 0.000E+00 0.000E+00 0.536E-06 0.000E+00 0.349E-10
    14.0 0.000E+00 0.000E+00 0.000E+00 0.000E+00 0.000E+00 0.000E+00 0.000E+00 0.150E-05 0.000E+00 0.303E-09
    15.0 0.000E+00 0.000E+00 0.000E+00 0.000E+00 0.000E+00 0.000E+00 0.000E+00 0.354E-05 0.000E+00 0.190E-08
    16.0 0.000E+00 0.000E+00 0.000E+00 0.000E+00 0.000E+00 0.000E+00 0.000E+00 0.705E-05 0.000E+00 0.911E-08
    17.0 0.000E+00 0.000E+00 0.000E+00 0.000E+00 0.000E+00 0.000E+00 0.000E+00 0.119E-04 0.000E+00 0.352E-07
    18.0 0.000E+00 0.000E+00 0.000E+00 0.000E+00 0.000E+00 0.000E+00 0.335E-10 0.171E-04 0.000E+00 0.115E-06
    19.0 0.000E+00 0.000E+00 0.000E+00 0.000E+00 0.000E+00 0.000E+00 0.496E-09 0.210E-04 0.000E+00 0.325E-06
    20.0 0.000E+00 0.000E+00 0.000E+00 0.000E+00 0.000E+00 0.000E+00 0.336E-08 0.223E-04 0.000E+00 0.815E-06
    21.0 0.000E+00 0.000E+00 0.000E+00 0.000E+00 0.000E+00 0.000E+00 0.158E-07 0.212E-04 0.000E+00 0.181E-05
    22.0 0.000E+00 0.000E+00 0.000E+00 0.000E+00 0.000E+00 0.000E+00 0.596E-07 0.185E-04 0.376E-12 0.358E-05
    23.0 0.000E+00 0.000E+00 0.000E+00 0.000E+00 0.000E+00 0.000E+00 0.191E-06 0.152E-04 0.673E-11 0.630E-05

  E*/MeV   181Pb     182Pb     183Pb     184Pb     185Pb     186Pb     187Pb     188Pb     189Pb     190Pb  
     8.0 0.000E+00 0.000E+00 0.000E+00 0.000E+00 0.000E+00 0.000E+00 0.000E+00 0.000E+00 0.000E+00 0.000E+00
     9.0 0.000E+00 0.000E+00 0.000E+00 0.000E+00 0.000E+00 0.000E+00 0.000E+00 0.000E+00 0.000E+00 0.000E+00
    10.0 0.000E+00 0.000E+00 0.000E+00 0.000E+00 0.000E+00 0.000E+00 0.000E+00 0.000E+00 0.000E+00 0.000E+00
    11.0 0.000E+00 0.000E+00 0.000E+00 0.000E+00 0.000E+00 0.000E+00 0.000E+00 0.000E+00 0.000E+00 0.000E+00
    12.0 0.000E+00 0.000E+00 0.000E+00 0.000E+00 0.000E+00 0.000E+00 0.000E+00 0.110E-10 0.000E+00 0.000E+00
    13.0 0.000E+00 0.000E+00 0.000E+00 0.000E+00 0.000E+00 0.000E+00 0.000E+00 0.791E-10 0.000E+00 0.000E+00
    14.0 0.000E+00 0.000E+00 0.000E+00 0.000E+00 0.000E+00 0.000E+00 0.000E+00 0.413E-09 0.000E+00 0.000E+00
    15.0 0.000E+00 0.000E+00 0.000E+00 0.000E+00 0.000E+00 0.000E+00 0.000E+00 0.176E-08 0.000E+00 0.000E+00
    16.0 0.000E+00 0.000E+00 0.000E+00 0.000E+00 0.000E+00 0.000E+00 0.000E+00 0.633E-08 0.000E+00 0.658E-14
    17.0 0.000E+00 0.000E+00 0.000E+00 0.000E+00 0.000E+00 0.000E+00 0.000E+00 0.200E-07 0.000E+00 0.144E-12
    18.0 0.000E+00 0.000E+00 0.000E+00 0.000E+00 0.000E+00 0.000E+00 0.000E+00 0.575E-07 0.000E+00 0.155E-11
    19.0 0.000E+00 0.000E+00 0.000E+00 0.000E+00 0.000E+00 0.000E+00 0.000E+00 0.151E-06 0.000E+00 0.109E-10
    20.0 0.000E+00 0.000E+00 0.000E+00 0.000E+00 0.000E+00 0.000E+00 0.000E+00 0.370E-06 0.000E+00 0.576E-10
    21.0 0.000E+00 0.000E+00 0.000E+00 0.000E+00 0.000E+00 0.000E+00 0.000E+00 0.837E-06 0.000E+00 0.243E-09
    22.0 0.000E+00 0.000E+00 0.000E+00 0.000E+00 0.000E+00 0.000E+00 0.102E-10 0.175E-05 0.000E+00 0.861E-09
    23.0 0.000E+00 0.000E+00 0.000E+00 0.000E+00 0.000E+00 0.000E+00 0.160E-09 0.335E-05 0.000E+00 0.264E-08

 Z-Verteilung  
 E*/MeV     Pb         Bi         Po         At  
    8.0  0.000E+00 0.287E-10 0.376E-08 0.135E-07
    9.0  0.000E+00 0.367E-09 0.348E-07 0.236E-07
   10.0  0.000E+00 0.392E-08 0.241E-06 0.392E-07
   11.0  0.000E+00 0.292E-07 0.110E-05 0.549E-07
   12.0  0.110E-10 0.153E-06 0.308E-05 0.991E-07
   13.0  0.791E-10 0.536E-06 0.566E-05 0.980E-06
   14.0  0.413E-09 0.150E-05 0.778E-05 0.478E-05
   15.0  0.176E-08 0.354E-05 0.885E-05 0.163E-04
   16.0  0.633E-08 0.706E-05 0.874E-05 0.351E-04
   17.0  0.200E-07 0.120E-04 0.773E-05 0.425E-04
   18.0  0.575E-07 0.172E-04 0.633E-05 0.410E-04
   19.0  0.151E-06 0.213E-04 0.495E-05 0.361E-04
   20.0  0.371E-06 0.231E-04 0.392E-05 0.295E-04
   21.0  0.837E-06 0.230E-04 0.364E-05 0.226E-04
   22.0  0.175E-05 0.222E-04 0.454E-05 0.165E-04
   23.0  0.335E-05 0.217E-04 0.692E-05 0.118E-04

 Z und A Mittelwerte    
   E*/MeV     MW.Z  St.Abw.Z      MW.A  St.Abw.A
     8.0     84.78      0.42    192.78      0.44
     9.0     84.40      0.50    192.38      0.56
    10.0     84.12      0.37    192.10      0.50
    11.0     84.02      0.27    191.97      0.52
    12.0     83.98      0.27    191.88      0.65
    13.0     84.06      0.46    191.79      0.80
    14.0     84.23      0.63    191.69      0.93
    15.0     84.44      0.70    191.63      0.99
    16.0     84.55      0.72    191.59      1.04
    17.0     84.49      0.80    191.42      1.18
    18.0     84.37      0.88    191.20      1.33
    19.0     84.23      0.93    190.98      1.42
    20.0     84.10      0.97    190.78      1.47
    21.0     83.96      0.99    190.60      1.48
    22.0     83.80      0.99    190.46      1.46
    23.0     83.62      0.96    190.36      1.41

 HIVAP  CASOUT

   90Zr 103Rh 193At IFUS10 barfac0.46 sigr3.0 09/11/2023 10:35 Sitarcik 


     E_lab  A*MeV   E*/MeV     SI_fus      SI_VR     SI_Spalt  L_krit     b_Spalt

   376.196    4.18    24.0  0.1126E+02  0.4709E-04  0.1125E+02     0.0       99.89
   378.070    4.20    25.0  0.1487E+02  0.5467E-04  0.1484E+02    17.0       99.85
   379.944    4.22    26.0  0.1924E+02  0.6390E-04  0.1921E+02    24.0       99.82
   381.817    4.24    27.0  0.2444E+02  0.7272E-04  0.2438E+02    30.0       99.76
   383.691    4.26    28.0  0.3051E+02  0.7974E-04  0.3042E+02    65.0       99.70
   385.565    4.28    29.0  0.3748E+02  0.8400E-04  0.3734E+02    65.0       99.65
   387.439    4.30    30.0  0.4533E+02  0.8517E-04  0.4514E+02    65.0       99.58
   389.313    4.33    31.0  0.5406E+02  0.8315E-04  0.5380E+02    65.0       99.52
   391.186    4.35    32.0  0.6359E+02  0.7798E-04  0.6325E+02    65.0       99.46
   393.060    4.37    33.0  0.7384E+02  0.7078E-04  0.7338E+02    65.0       99.38
   394.934    4.39    34.0  0.8471E+02  0.6316E-04  0.8413E+02    65.0       99.31
   396.808    4.41    35.0  0.9602E+02  0.5659E-04  0.9529E+02    65.0       99.23
   398.681    4.43    36.0  0.1077E+03  0.5213E-04  0.1068E+03    65.0       99.16
   400.555    4.45    37.0  0.1195E+03  0.5001E-04  0.1184E+03    65.0       99.10
   402.429    4.47    38.0  0.1313E+03  0.4974E-04  0.1301E+03    65.0       99.05
   404.303    4.49    39.0  0.1430E+03  0.5045E-04  0.1416E+03    65.0       99.01

     Querschnitte / mbarn

  E*/MeV   184At     185At     186At     187At     188At     189At     190At     191At     192At     193At  
    24.0 0.000E+00 0.000E+00 0.000E+00 0.000E+00 0.000E+00 0.000E+00 0.000E+00 0.413E-06 0.796E-05 0.000E+00
    25.0 0.000E+00 0.000E+00 0.000E+00 0.000E+00 0.000E+00 0.000E+00 0.000E+00 0.107E-05 0.546E-05 0.000E+00
    26.0 0.000E+00 0.000E+00 0.000E+00 0.000E+00 0.000E+00 0.000E+00 0.000E+00 0.173E-05 0.357E-05 0.000E+00
    27.0 0.000E+00 0.000E+00 0.000E+00 0.000E+00 0.000E+00 0.000E+00 0.000E+00 0.211E-05 0.236E-05 0.000E+00
    28.0 0.000E+00 0.000E+00 0.000E+00 0.000E+00 0.000E+00 0.000E+00 0.000E+00 0.214E-05 0.161E-05 0.000E+00
    29.0 0.000E+00 0.000E+00 0.000E+00 0.000E+00 0.000E+00 0.000E+00 0.000E+00 0.192E-05 0.988E-06 0.000E+00
    30.0 0.000E+00 0.000E+00 0.000E+00 0.000E+00 0.000E+00 0.000E+00 0.000E+00 0.158E-05 0.570E-06 0.000E+00
    31.0 0.000E+00 0.000E+00 0.000E+00 0.000E+00 0.000E+00 0.000E+00 0.000E+00 0.122E-05 0.309E-06 0.000E+00
    32.0 0.000E+00 0.000E+00 0.000E+00 0.000E+00 0.000E+00 0.000E+00 0.149E-11 0.889E-06 0.160E-06 0.000E+00
    33.0 0.000E+00 0.000E+00 0.000E+00 0.000E+00 0.000E+00 0.000E+00 0.474E-10 0.624E-06 0.729E-07 0.000E+00
    34.0 0.000E+00 0.000E+00 0.000E+00 0.000E+00 0.000E+00 0.000E+00 0.557E-09 0.424E-06 0.336E-07 0.000E+00
    35.0 0.000E+00 0.000E+00 0.000E+00 0.000E+00 0.000E+00 0.000E+00 0.353E-08 0.280E-06 0.156E-07 0.000E+00
    36.0 0.000E+00 0.000E+00 0.000E+00 0.000E+00 0.000E+00 0.000E+00 0.142E-07 0.180E-06 0.721E-08 0.000E+00
    37.0 0.000E+00 0.000E+00 0.000E+00 0.000E+00 0.000E+00 0.000E+00 0.402E-07 0.114E-06 0.375E-08 0.000E+00
    38.0 0.000E+00 0.000E+00 0.000E+00 0.000E+00 0.000E+00 0.000E+00 0.832E-07 0.702E-07 0.000E+00 0.000E+00
    39.0 0.000E+00 0.000E+00 0.000E+00 0.000E+00 0.000E+00 0.000E+00 0.132E-06 0.427E-07 0.000E+00 0.000E+00

  E*/MeV   183Po     184Po     185Po     186Po     187Po     188Po     189Po     190Po     191Po     192Po  
    24.0 0.000E+00 0.000E+00 0.000E+00 0.000E+00 0.000E+00 0.000E+00 0.000E+00 0.000E+00 0.971E-05 0.836E-06
    25.0 0.000E+00 0.000E+00 0.000E+00 0.000E+00 0.000E+00 0.000E+00 0.000E+00 0.000E+00 0.139E-04 0.585E-06
    26.0 0.000E+00 0.000E+00 0.000E+00 0.000E+00 0.000E+00 0.000E+00 0.000E+00 0.624E-11 0.171E-04 0.401E-06
    27.0 0.000E+00 0.000E+00 0.000E+00 0.000E+00 0.000E+00 0.000E+00 0.000E+00 0.699E-10 0.185E-04 0.262E-06
    28.0 0.000E+00 0.000E+00 0.000E+00 0.000E+00 0.000E+00 0.000E+00 0.000E+00 0.509E-09 0.180E-04 0.161E-06
    29.0 0.000E+00 0.000E+00 0.000E+00 0.000E+00 0.000E+00 0.000E+00 0.000E+00 0.265E-08 0.160E-04 0.816E-07
    30.0 0.000E+00 0.000E+00 0.000E+00 0.000E+00 0.000E+00 0.000E+00 0.000E+00 0.102E-07 0.132E-04 0.419E-07
    31.0 0.000E+00 0.000E+00 0.000E+00 0.000E+00 0.000E+00 0.000E+00 0.000E+00 0.306E-07 0.103E-04 0.200E-07
    32.0 0.000E+00 0.000E+00 0.000E+00 0.000E+00 0.000E+00 0.000E+00 0.000E+00 0.728E-07 0.761E-05 0.103E-07
    33.0 0.000E+00 0.000E+00 0.000E+00 0.000E+00 0.000E+00 0.000E+00 0.000E+00 0.142E-06 0.541E-05 0.434E-08
    34.0 0.000E+00 0.000E+00 0.000E+00 0.000E+00 0.000E+00 0.000E+00 0.000E+00 0.231E-06 0.372E-05 0.000E+00
    35.0 0.000E+00 0.000E+00 0.000E+00 0.000E+00 0.000E+00 0.000E+00 0.000E+00 0.323E-06 0.249E-05 0.000E+00
    36.0 0.000E+00 0.000E+00 0.000E+00 0.000E+00 0.000E+00 0.000E+00 0.000E+00 0.395E-06 0.162E-05 0.000E+00
    37.0 0.000E+00 0.000E+00 0.000E+00 0.000E+00 0.000E+00 0.000E+00 0.132E-12 0.432E-06 0.104E-05 0.000E+00
    38.0 0.000E+00 0.000E+00 0.000E+00 0.000E+00 0.000E+00 0.000E+00 0.125E-11 0.430E-06 0.652E-06 0.000E+00
    39.0 0.000E+00 0.000E+00 0.000E+00 0.000E+00 0.000E+00 0.000E+00 0.803E-11 0.396E-06 0.403E-06 0.000E+00

  E*/MeV   182Bi     183Bi     184Bi     185Bi     186Bi     187Bi     188Bi     189Bi     190Bi     191Bi  
    24.0 0.000E+00 0.000E+00 0.000E+00 0.000E+00 0.000E+00 0.000E+00 0.535E-06 0.119E-04 0.640E-10 0.990E-05
    25.0 0.000E+00 0.000E+00 0.000E+00 0.000E+00 0.000E+00 0.000E+00 0.131E-05 0.890E-05 0.423E-09 0.140E-04
    26.0 0.000E+00 0.000E+00 0.000E+00 0.000E+00 0.000E+00 0.000E+00 0.287E-05 0.645E-05 0.214E-08 0.179E-04
    27.0 0.000E+00 0.000E+00 0.000E+00 0.000E+00 0.000E+00 0.000E+00 0.556E-05 0.451E-05 0.879E-08 0.207E-04
    28.0 0.000E+00 0.000E+00 0.000E+00 0.000E+00 0.000E+00 0.356E-11 0.963E-05 0.306E-05 0.303E-07 0.221E-04
    29.0 0.000E+00 0.000E+00 0.000E+00 0.000E+00 0.000E+00 0.406E-10 0.149E-04 0.202E-05 0.895E-07 0.218E-04
    30.0 0.000E+00 0.000E+00 0.000E+00 0.000E+00 0.000E+00 0.273E-09 0.204E-04 0.130E-05 0.232E-06 0.201E-04
    31.0 0.000E+00 0.000E+00 0.000E+00 0.000E+00 0.000E+00 0.131E-08 0.249E-04 0.815E-06 0.536E-06 0.175E-04
    32.0 0.000E+00 0.000E+00 0.000E+00 0.000E+00 0.000E+00 0.500E-08 0.270E-04 0.498E-06 0.112E-05 0.144E-04
    33.0 0.000E+00 0.000E+00 0.000E+00 0.000E+00 0.000E+00 0.160E-07 0.265E-04 0.295E-06 0.211E-05 0.113E-04
    34.0 0.000E+00 0.000E+00 0.000E+00 0.000E+00 0.000E+00 0.441E-07 0.240E-04 0.170E-06 0.364E-05 0.857E-05
    35.0 0.000E+00 0.000E+00 0.000E+00 0.000E+00 0.000E+00 0.106E-06 0.201E-04 0.948E-07 0.576E-05 0.626E-05
    36.0 0.000E+00 0.000E+00 0.000E+00 0.000E+00 0.000E+00 0.224E-06 0.160E-04 0.505E-07 0.836E-05 0.443E-05
    37.0 0.000E+00 0.000E+00 0.000E+00 0.000E+00 0.000E+00 0.420E-06 0.121E-04 0.192E-07 0.112E-04 0.305E-05
    38.0 0.000E+00 0.000E+00 0.000E+00 0.000E+00 0.000E+00 0.697E-06 0.876E-05 0.737E-08 0.138E-04 0.205E-05
    39.0 0.000E+00 0.000E+00 0.000E+00 0.000E+00 0.000E+00 0.103E-05 0.616E-05 0.496E-08 0.158E-04 0.135E-05

  E*/MeV   181Pb     182Pb     183Pb     184Pb     185Pb     186Pb     187Pb     188Pb     189Pb     190Pb  
    24.0 0.000E+00 0.000E+00 0.000E+00 0.000E+00 0.000E+00 0.000E+00 0.103E-08 0.586E-05 0.000E+00 0.726E-08
    25.0 0.000E+00 0.000E+00 0.000E+00 0.000E+00 0.000E+00 0.000E+00 0.420E-08 0.941E-05 0.000E+00 0.182E-07
    26.0 0.000E+00 0.000E+00 0.000E+00 0.000E+00 0.000E+00 0.000E+00 0.136E-07 0.138E-04 0.000E+00 0.423E-07
    27.0 0.000E+00 0.000E+00 0.000E+00 0.000E+00 0.000E+00 0.000E+00 0.370E-07 0.185E-04 0.000E+00 0.913E-07
    28.0 0.000E+00 0.000E+00 0.000E+00 0.000E+00 0.000E+00 0.000E+00 0.872E-07 0.227E-04 0.000E+00 0.185E-06
    29.0 0.000E+00 0.000E+00 0.000E+00 0.000E+00 0.000E+00 0.000E+00 0.180E-06 0.257E-04 0.641E-11 0.350E-06
    30.0 0.000E+00 0.000E+00 0.000E+00 0.000E+00 0.000E+00 0.000E+00 0.332E-06 0.268E-04 0.412E-10 0.623E-06
    31.0 0.000E+00 0.000E+00 0.000E+00 0.000E+00 0.000E+00 0.000E+00 0.564E-06 0.260E-04 0.199E-09 0.104E-05
    32.0 0.000E+00 0.000E+00 0.000E+00 0.000E+00 0.000E+00 0.000E+00 0.917E-06 0.236E-04 0.760E-09 0.164E-05
    33.0 0.000E+00 0.000E+00 0.000E+00 0.000E+00 0.000E+00 0.329E-11 0.148E-05 0.203E-04 0.239E-08 0.242E-05
    34.0 0.000E+00 0.000E+00 0.000E+00 0.000E+00 0.000E+00 0.149E-10 0.239E-05 0.166E-04 0.636E-08 0.335E-05
    35.0 0.000E+00 0.000E+00 0.000E+00 0.000E+00 0.000E+00 0.548E-10 0.378E-05 0.130E-04 0.148E-07 0.436E-05
    36.0 0.000E+00 0.000E+00 0.000E+00 0.000E+00 0.000E+00 0.177E-09 0.575E-05 0.976E-05 0.306E-07 0.534E-05
    37.0 0.000E+00 0.000E+00 0.000E+00 0.000E+00 0.000E+00 0.514E-09 0.833E-05 0.709E-05 0.582E-07 0.618E-05
    38.0 0.000E+00 0.000E+00 0.000E+00 0.000E+00 0.000E+00 0.138E-08 0.113E-04 0.500E-05 0.103E-06 0.675E-05
    39.0 0.000E+00 0.000E+00 0.000E+00 0.000E+00 0.000E+00 0.350E-08 0.145E-04 0.343E-05 0.175E-06 0.700E-05

 Z-Verteilung  
 E*/MeV     Pb         Bi         Po         At  
   24.0  0.587E-05 0.223E-04 0.105E-04 0.837E-05
   25.0  0.944E-05 0.242E-04 0.145E-04 0.653E-05
   26.0  0.139E-04 0.272E-04 0.175E-04 0.530E-05
   27.0  0.186E-04 0.308E-04 0.188E-04 0.447E-05
   28.0  0.230E-04 0.348E-04 0.182E-04 0.376E-05
   29.0  0.262E-04 0.388E-04 0.161E-04 0.291E-05
   30.0  0.277E-04 0.421E-04 0.133E-04 0.215E-05
   31.0  0.276E-04 0.437E-04 0.103E-04 0.152E-05
   32.0  0.262E-04 0.430E-04 0.769E-05 0.105E-05
   33.0  0.242E-04 0.403E-04 0.556E-05 0.697E-06
   34.0  0.224E-04 0.364E-04 0.395E-05 0.458E-06
   35.0  0.211E-04 0.324E-04 0.281E-05 0.299E-06
   36.0  0.209E-04 0.290E-04 0.202E-05 0.202E-06
   37.0  0.216E-04 0.267E-04 0.147E-05 0.158E-06
   38.0  0.232E-04 0.253E-04 0.108E-05 0.153E-06
   39.0  0.251E-04 0.244E-04 0.800E-06 0.174E-06

 Z und A Mittelwerte    
   E*/MeV     MW.Z  St.Abw.Z      MW.A  St.Abw.A
    24.0     83.45      0.92    190.28      1.38
    25.0     83.33      0.90    190.20      1.37
    26.0     83.22      0.88    190.08      1.40
    27.0     83.12      0.86    189.92      1.45
    28.0     83.03      0.84    189.72      1.49
    29.0     82.95      0.80    189.50      1.50
    30.0     82.88      0.75    189.29      1.48
    31.0     82.83      0.71    189.10      1.44
    32.0     82.79      0.67    188.96      1.39
    33.0     82.76      0.63    188.86      1.34
    34.0     82.72      0.61    188.80      1.30
    35.0     82.69      0.59    188.78      1.28
    36.0     82.65      0.57    188.79      1.29
    37.0     82.60      0.56    188.79      1.32
    38.0     82.56      0.56    188.77      1.36
    39.0     82.52      0.55    188.73      1.40

 HIVAP  CASOUT

   90Zr 103Rh 193At IFUS10 barfac0.46 sigr3.0 09/11/2023 10:35 Sitarcik 


     E_lab  A*MeV   E*/MeV     SI_fus      SI_VR     SI_Spalt  L_krit     b_Spalt

   406.177    4.51    40.0  0.1544E+03  0.5106E-04  0.1528E+03    65.0       98.99
   408.050    4.53    41.0  0.1653E+03  0.5070E-04  0.1637E+03    65.0       98.98
   409.924    4.55    42.0  0.1757E+03  0.4895E-04  0.1740E+03    65.0       99.00
   411.798    4.58    43.0  0.1854E+03  0.4580E-04  0.1837E+03    65.0       99.05
   413.672    4.60    44.0  0.1944E+03  0.4159E-04  0.1927E+03    65.0       99.11
   415.546    4.62    45.0  0.2026E+03  0.3686E-04  0.2010E+03    65.0       99.19
   417.419    4.64    46.0  0.2100E+03  0.3233E-04  0.2085E+03    65.0       99.29
   419.293    4.66    47.0  0.2165E+03  0.2814E-04  0.2152E+03    65.0       99.39
   421.167    4.68    48.0  0.2222E+03  0.2459E-04  0.2211E+03    65.0       99.49
   423.041    4.70    49.0  0.2271E+03  0.2171E-04  0.2261E+03    65.0       99.59
   424.914    4.72    50.0  0.2311E+03  0.1941E-04  0.2304E+03    65.0       99.68
   426.788    4.74    51.0  0.2345E+03  0.1751E-04  0.2340E+03    65.0       99.76
   428.662    4.76    52.0  0.2372E+03  0.1587E-04  0.2368E+03    65.0       99.82
   430.536    4.78    53.0  0.2393E+03  0.1436E-04  0.2390E+03    65.0       99.87
   432.410    4.80    54.0  0.2409E+03  0.1290E-04  0.2406E+03    65.0       99.91
   434.283    4.83    55.0  0.2419E+03  0.1148E-04  0.2418E+03    65.0       99.94

     Querschnitte / mbarn

  E*/MeV   184At     185At     186At     187At     188At     189At     190At     191At     192At     193At  
    40.0 0.000E+00 0.000E+00 0.000E+00 0.000E+00 0.000E+00 0.000E+00 0.170E-06 0.255E-07 0.000E+00 0.000E+00
    41.0 0.000E+00 0.000E+00 0.000E+00 0.000E+00 0.000E+00 0.000E+00 0.188E-06 0.150E-07 0.000E+00 0.000E+00
    42.0 0.000E+00 0.000E+00 0.000E+00 0.000E+00 0.000E+00 0.000E+00 0.187E-06 0.869E-08 0.000E+00 0.000E+00
    43.0 0.000E+00 0.000E+00 0.000E+00 0.000E+00 0.000E+00 0.146E-12 0.170E-06 0.451E-08 0.000E+00 0.000E+00
    44.0 0.000E+00 0.000E+00 0.000E+00 0.000E+00 0.000E+00 0.184E-11 0.145E-06 0.147E-08 0.000E+00 0.000E+00
    45.0 0.000E+00 0.000E+00 0.000E+00 0.000E+00 0.000E+00 0.129E-10 0.118E-06 0.177E-09 0.000E+00 0.000E+00
    46.0 0.000E+00 0.000E+00 0.000E+00 0.000E+00 0.000E+00 0.577E-10 0.913E-07 0.000E+00 0.000E+00 0.000E+00
    47.0 0.000E+00 0.000E+00 0.000E+00 0.000E+00 0.000E+00 0.180E-09 0.685E-07 0.000E+00 0.000E+00 0.000E+00
    48.0 0.000E+00 0.000E+00 0.000E+00 0.000E+00 0.000E+00 0.414E-09 0.500E-07 0.000E+00 0.000E+00 0.000E+00
    49.0 0.000E+00 0.000E+00 0.000E+00 0.000E+00 0.000E+00 0.749E-09 0.356E-07 0.000E+00 0.000E+00 0.000E+00
    50.0 0.000E+00 0.000E+00 0.000E+00 0.000E+00 0.000E+00 0.112E-08 0.249E-07 0.000E+00 0.000E+00 0.000E+00
    51.0 0.000E+00 0.000E+00 0.000E+00 0.000E+00 0.000E+00 0.145E-08 0.171E-07 0.000E+00 0.000E+00 0.000E+00
    52.0 0.000E+00 0.000E+00 0.000E+00 0.000E+00 0.000E+00 0.168E-08 0.116E-07 0.000E+00 0.000E+00 0.000E+00
    53.0 0.000E+00 0.000E+00 0.000E+00 0.000E+00 0.000E+00 0.179E-08 0.779E-08 0.000E+00 0.000E+00 0.000E+00
    54.0 0.000E+00 0.000E+00 0.000E+00 0.000E+00 0.000E+00 0.177E-08 0.517E-08 0.000E+00 0.000E+00 0.000E+00
    55.0 0.000E+00 0.000E+00 0.000E+00 0.000E+00 0.889E-15 0.165E-08 0.341E-08 0.000E+00 0.000E+00 0.000E+00

  E*/MeV   183Po     184Po     185Po     186Po     187Po     188Po     189Po     190Po     191Po     192Po  
    40.0 0.000E+00 0.000E+00 0.000E+00 0.000E+00 0.000E+00 0.000E+00 0.402E-10 0.342E-06 0.246E-06 0.000E+00
    41.0 0.000E+00 0.000E+00 0.000E+00 0.000E+00 0.000E+00 0.000E+00 0.165E-09 0.279E-06 0.148E-06 0.000E+00
    42.0 0.000E+00 0.000E+00 0.000E+00 0.000E+00 0.000E+00 0.000E+00 0.563E-09 0.218E-06 0.883E-07 0.000E+00
    43.0 0.000E+00 0.000E+00 0.000E+00 0.000E+00 0.000E+00 0.000E+00 0.161E-08 0.164E-06 0.519E-07 0.000E+00
    44.0 0.000E+00 0.000E+00 0.000E+00 0.000E+00 0.000E+00 0.000E+00 0.391E-08 0.120E-06 0.299E-07 0.000E+00
    45.0 0.000E+00 0.000E+00 0.000E+00 0.000E+00 0.000E+00 0.000E+00 0.813E-08 0.851E-07 0.161E-07 0.000E+00
    46.0 0.000E+00 0.000E+00 0.000E+00 0.000E+00 0.000E+00 0.000E+00 0.147E-07 0.591E-07 0.340E-08 0.000E+00
    47.0 0.000E+00 0.000E+00 0.000E+00 0.000E+00 0.000E+00 0.000E+00 0.234E-07 0.403E-07 0.000E+00 0.000E+00
    48.0 0.000E+00 0.000E+00 0.000E+00 0.000E+00 0.000E+00 0.000E+00 0.331E-07 0.271E-07 0.000E+00 0.000E+00
    49.0 0.000E+00 0.000E+00 0.000E+00 0.000E+00 0.000E+00 0.147E-13 0.425E-07 0.179E-07 0.000E+00 0.000E+00
    50.0 0.000E+00 0.000E+00 0.000E+00 0.000E+00 0.000E+00 0.897E-13 0.499E-07 0.118E-07 0.000E+00 0.000E+00
    51.0 0.000E+00 0.000E+00 0.000E+00 0.000E+00 0.000E+00 0.421E-12 0.544E-07 0.762E-08 0.000E+00 0.000E+00
    52.0 0.000E+00 0.000E+00 0.000E+00 0.000E+00 0.000E+00 0.158E-11 0.556E-07 0.488E-08 0.000E+00 0.000E+00
    53.0 0.000E+00 0.000E+00 0.000E+00 0.000E+00 0.000E+00 0.485E-11 0.538E-07 0.306E-08 0.000E+00 0.000E+00
    54.0 0.000E+00 0.000E+00 0.000E+00 0.000E+00 0.000E+00 0.125E-10 0.496E-07 0.184E-08 0.000E+00 0.000E+00
    55.0 0.000E+00 0.000E+00 0.000E+00 0.000E+00 0.000E+00 0.277E-10 0.440E-07 0.944E-09 0.000E+00 0.000E+00

  E*/MeV   182Bi     183Bi     184Bi     185Bi     186Bi     187Bi     188Bi     189Bi     190Bi     191Bi  
    40.0 0.000E+00 0.000E+00 0.000E+00 0.000E+00 0.000E+00 0.136E-05 0.421E-05 0.130E-07 0.169E-04 0.873E-06
    41.0 0.000E+00 0.000E+00 0.000E+00 0.000E+00 0.000E+00 0.161E-05 0.281E-05 0.426E-07 0.170E-04 0.556E-06
    42.0 0.000E+00 0.000E+00 0.000E+00 0.000E+00 0.760E-11 0.174E-05 0.183E-05 0.100E-06 0.161E-04 0.349E-06
    43.0 0.000E+00 0.000E+00 0.000E+00 0.000E+00 0.340E-10 0.173E-05 0.118E-05 0.195E-06 0.146E-04 0.217E-06
    44.0 0.000E+00 0.000E+00 0.000E+00 0.000E+00 0.125E-09 0.161E-05 0.747E-06 0.336E-06 0.126E-04 0.133E-06
    45.0 0.000E+00 0.000E+00 0.000E+00 0.000E+00 0.399E-09 0.141E-05 0.468E-06 0.522E-06 0.105E-04 0.807E-07
    46.0 0.000E+00 0.000E+00 0.000E+00 0.000E+00 0.111E-08 0.117E-05 0.290E-06 0.955E-06 0.840E-05 0.487E-07
    47.0 0.000E+00 0.000E+00 0.000E+00 0.000E+00 0.277E-08 0.931E-06 0.178E-06 0.134E-05 0.655E-05 0.289E-07
    48.0 0.000E+00 0.000E+00 0.000E+00 0.000E+00 0.618E-08 0.717E-06 0.108E-06 0.174E-05 0.497E-05 0.169E-07
    49.0 0.000E+00 0.000E+00 0.000E+00 0.000E+00 0.124E-07 0.535E-06 0.653E-07 0.211E-05 0.369E-05 0.891E-08
    50.0 0.000E+00 0.000E+00 0.000E+00 0.000E+00 0.228E-07 0.390E-06 0.393E-07 0.240E-05 0.269E-05 0.436E-08
    51.0 0.000E+00 0.000E+00 0.000E+00 0.000E+00 0.379E-07 0.278E-06 0.236E-07 0.257E-05 0.193E-05 0.000E+00
    52.0 0.000E+00 0.000E+00 0.000E+00 0.000E+00 0.577E-07 0.195E-06 0.144E-07 0.262E-05 0.136E-05 0.000E+00
    53.0 0.000E+00 0.000E+00 0.000E+00 0.269E-12 0.806E-07 0.135E-06 0.957E-08 0.255E-05 0.947E-06 0.000E+00
    54.0 0.000E+00 0.000E+00 0.000E+00 0.111E-11 0.104E-06 0.918E-07 0.793E-08 0.238E-05 0.652E-06 0.000E+00
    55.0 0.000E+00 0.000E+00 0.000E+00 0.391E-11 0.124E-06 0.619E-07 0.887E-08 0.215E-05 0.445E-06 0.000E+00

  E*/MeV   181Pb     182Pb     183Pb     184Pb     185Pb     186Pb     187Pb     188Pb     189Pb     190Pb  
    40.0 0.000E+00 0.000E+00 0.000E+00 0.000E+00 0.000E+00 0.841E-08 0.174E-04 0.231E-05 0.285E-06 0.692E-05
    41.0 0.000E+00 0.000E+00 0.000E+00 0.000E+00 0.000E+00 0.192E-07 0.195E-04 0.152E-05 0.449E-06 0.653E-05
    42.0 0.000E+00 0.000E+00 0.000E+00 0.000E+00 0.000E+00 0.417E-07 0.207E-04 0.981E-06 0.684E-06 0.592E-05
    43.0 0.000E+00 0.000E+00 0.000E+00 0.000E+00 0.000E+00 0.851E-07 0.206E-04 0.625E-06 0.101E-05 0.517E-05
    44.0 0.000E+00 0.000E+00 0.000E+00 0.000E+00 0.000E+00 0.162E-06 0.195E-04 0.393E-06 0.143E-05 0.436E-05
    45.0 0.000E+00 0.000E+00 0.000E+00 0.000E+00 0.000E+00 0.287E-06 0.177E-04 0.245E-06 0.194E-05 0.357E-05
    46.0 0.000E+00 0.000E+00 0.000E+00 0.000E+00 0.583E-11 0.473E-06 0.153E-04 0.151E-06 0.254E-05 0.285E-05
    47.0 0.000E+00 0.000E+00 0.000E+00 0.000E+00 0.215E-10 0.725E-06 0.128E-04 0.939E-07 0.319E-05 0.221E-05
    48.0 0.000E+00 0.000E+00 0.000E+00 0.000E+00 0.667E-10 0.104E-05 0.103E-04 0.605E-07 0.383E-05 0.168E-05
    49.0 0.000E+00 0.000E+00 0.000E+00 0.000E+00 0.180E-09 0.138E-05 0.809E-05 0.440E-07 0.441E-05 0.126E-05
    50.0 0.000E+00 0.000E+00 0.000E+00 0.000E+00 0.430E-09 0.172E-05 0.620E-05 0.409E-07 0.489E-05 0.923E-06
    51.0 0.000E+00 0.000E+00 0.000E+00 0.000E+00 0.915E-09 0.202E-05 0.464E-05 0.507E-07 0.520E-05 0.667E-06
    52.0 0.000E+00 0.000E+00 0.000E+00 0.000E+00 0.176E-08 0.224E-05 0.341E-05 0.751E-07 0.534E-05 0.475E-06
    53.0 0.000E+00 0.000E+00 0.000E+00 0.000E+00 0.310E-08 0.235E-05 0.247E-05 0.117E-06 0.529E-05 0.335E-06
    54.0 0.000E+00 0.000E+00 0.000E+00 0.000E+00 0.513E-08 0.236E-05 0.176E-05 0.178E-06 0.507E-05 0.233E-06
    55.0 0.000E+00 0.000E+00 0.000E+00 0.000E+00 0.816E-08 0.226E-05 0.124E-05 0.259E-06 0.472E-05 0.161E-06

 Z-Verteilung  
 E*/MeV     Pb         Bi         Po         At  
   40.0  0.269E-04 0.234E-04 0.588E-06 0.195E-06
   41.0  0.281E-04 0.220E-04 0.428E-06 0.203E-06
   42.0  0.283E-04 0.202E-04 0.307E-06 0.196E-06
   43.0  0.275E-04 0.179E-04 0.218E-06 0.175E-06
   44.0  0.259E-04 0.154E-04 0.154E-06 0.147E-06
   45.0  0.237E-04 0.129E-04 0.109E-06 0.118E-06
   46.0  0.213E-04 0.109E-04 0.772E-07 0.914E-07
   47.0  0.190E-04 0.903E-05 0.637E-07 0.687E-07
   48.0  0.169E-04 0.756E-05 0.602E-07 0.504E-07
   49.0  0.152E-04 0.642E-05 0.604E-07 0.363E-07
   50.0  0.138E-04 0.554E-05 0.616E-07 0.260E-07
   51.0  0.126E-04 0.484E-05 0.620E-07 0.186E-07
   52.0  0.115E-04 0.425E-05 0.604E-07 0.133E-07
   53.0  0.106E-04 0.373E-05 0.568E-07 0.957E-08
   54.0  0.960E-05 0.324E-05 0.515E-07 0.694E-08
   55.0  0.865E-05 0.278E-05 0.450E-07 0.506E-08

 Z und A Mittelwerte    
   E*/MeV     MW.Z  St.Abw.Z      MW.A  St.Abw.A
    40.0     82.49      0.54    188.66      1.43
    41.0     82.46      0.54    188.58      1.45
    42.0     82.44      0.53    188.50      1.46
    43.0     82.41      0.52    188.43      1.46
    44.0     82.39      0.52    188.37      1.46
    45.0     82.37      0.51    188.31      1.44
    46.0     82.35      0.50    188.28      1.42
    47.0     82.33      0.49    188.26      1.40
    48.0     82.32      0.48    188.24      1.37
    49.0     82.31      0.48    188.24      1.35
    50.0     82.30      0.47    188.24      1.33
    51.0     82.29      0.47    188.23      1.32
    52.0     82.28      0.46    188.22      1.32
    53.0     82.27      0.46    188.21      1.31
    54.0     82.26      0.45    188.19      1.32
    55.0     82.25      0.45    188.18      1.32

 HIVAP  CASOUT

   90Zr 103Rh 193At IFUS10 barfac0.46 sigr3.0 09/11/2023 10:35 Sitarcik 


     E_lab  A*MeV   E*/MeV     SI_fus      SI_VR     SI_Spalt  L_krit     b_Spalt

   436.157    4.85    56.0  0.2426E+03  0.1011E-04  0.2425E+03    65.0       99.96
   438.031    4.87    57.0  0.2429E+03  0.8812E-05  0.2429E+03    65.0       99.97
   439.905    4.89    58.0  0.2430E+03  0.7616E-05  0.2429E+03    65.0       99.98
   441.779    4.91    59.0  0.2428E+03  0.6545E-05  0.2427E+03    65.0       99.98
   443.652    4.93    60.0  0.2424E+03  0.5607E-05  0.2424E+03    65.0       99.99
   445.526    4.95    61.0  0.2419E+03  0.4808E-05  0.2418E+03    65.0       99.99
   447.400    4.97    62.0  0.2412E+03  0.4139E-05  0.2412E+03    65.0       99.99
   449.274    4.99    63.0  0.2404E+03  0.3576E-05  0.2404E+03    65.0       99.99
   451.147    5.01    64.0  0.2396E+03  0.3107E-05  0.2396E+03    65.0       99.99
   453.021    5.03    65.0  0.2387E+03  0.2703E-05  0.2387E+03    65.0       99.99
   454.895    5.05    66.0  0.2378E+03  0.2367E-05  0.2378E+03    65.0       99.99
   456.769    5.08    67.0  0.2369E+03  0.2054E-05  0.2369E+03    65.0       99.99
   458.643    5.10    68.0  0.2360E+03  0.1800E-05  0.2359E+03    65.0       99.99
   460.516    5.12    69.0  0.2350E+03  0.1572E-05  0.2350E+03    65.0       99.99
   462.390    5.14    70.0  0.2341E+03  0.1388E-05  0.2341E+03    65.0       99.99
   464.264    5.16    71.0  0.2331E+03  0.1224E-05  0.2331E+03    65.0       99.99

     Querschnitte / mbarn

  E*/MeV   184At     185At     186At     187At     188At     189At     190At     191At     192At     193At  
    56.0 0.000E+00 0.000E+00 0.000E+00 0.000E+00 0.980E-14 0.147E-08 0.223E-08 0.000E+00 0.000E+00 0.000E+00
    57.0 0.000E+00 0.000E+00 0.000E+00 0.000E+00 0.708E-13 0.126E-08 0.145E-08 0.000E+00 0.000E+00 0.000E+00
    58.0 0.000E+00 0.000E+00 0.000E+00 0.000E+00 0.363E-12 0.105E-08 0.936E-09 0.000E+00 0.000E+00 0.000E+00
    59.0 0.000E+00 0.000E+00 0.000E+00 0.000E+00 0.139E-11 0.846E-09 0.600E-09 0.000E+00 0.000E+00 0.000E+00
    60.0 0.000E+00 0.000E+00 0.000E+00 0.000E+00 0.413E-11 0.667E-09 0.379E-09 0.000E+00 0.000E+00 0.000E+00
    61.0 0.000E+00 0.000E+00 0.000E+00 0.000E+00 0.993E-11 0.515E-09 0.216E-09 0.000E+00 0.000E+00 0.000E+00
    62.0 0.000E+00 0.000E+00 0.000E+00 0.000E+00 0.198E-10 0.391E-09 0.588E-10 0.000E+00 0.000E+00 0.000E+00
    63.0 0.000E+00 0.000E+00 0.000E+00 0.000E+00 0.340E-10 0.292E-09 0.000E+00 0.000E+00 0.000E+00 0.000E+00
    64.0 0.000E+00 0.000E+00 0.000E+00 0.000E+00 0.513E-10 0.216E-09 0.000E+00 0.000E+00 0.000E+00 0.000E+00
    65.0 0.000E+00 0.000E+00 0.000E+00 0.000E+00 0.699E-10 0.157E-09 0.000E+00 0.000E+00 0.000E+00 0.000E+00
    66.0 0.000E+00 0.000E+00 0.000E+00 0.000E+00 0.873E-10 0.114E-09 0.000E+00 0.000E+00 0.000E+00 0.000E+00
    67.0 0.000E+00 0.000E+00 0.000E+00 0.658E-16 0.102E-09 0.813E-10 0.000E+00 0.000E+00 0.000E+00 0.000E+00
    68.0 0.000E+00 0.000E+00 0.000E+00 0.437E-15 0.111E-09 0.577E-10 0.000E+00 0.000E+00 0.000E+00 0.000E+00
    69.0 0.000E+00 0.000E+00 0.000E+00 0.211E-14 0.116E-09 0.406E-10 0.000E+00 0.000E+00 0.000E+00 0.000E+00
    70.0 0.000E+00 0.000E+00 0.000E+00 0.770E-14 0.116E-09 0.282E-10 0.000E+00 0.000E+00 0.000E+00 0.000E+00
    71.0 0.000E+00 0.000E+00 0.000E+00 0.222E-13 0.111E-09 0.192E-10 0.000E+00 0.000E+00 0.000E+00 0.000E+00

  E*/MeV   183Po     184Po     185Po     186Po     187Po     188Po     189Po     190Po     191Po     192Po  
    56.0 0.000E+00 0.000E+00 0.000E+00 0.000E+00 0.000E+00 0.534E-10 0.377E-07 0.344E-09 0.000E+00 0.000E+00
    57.0 0.000E+00 0.000E+00 0.000E+00 0.000E+00 0.000E+00 0.914E-10 0.314E-07 0.000E+00 0.000E+00 0.000E+00
    58.0 0.000E+00 0.000E+00 0.000E+00 0.000E+00 0.000E+00 0.141E-09 0.254E-07 0.000E+00 0.000E+00 0.000E+00
    59.0 0.000E+00 0.000E+00 0.000E+00 0.000E+00 0.000E+00 0.198E-09 0.201E-07 0.000E+00 0.000E+00 0.000E+00
    60.0 0.000E+00 0.000E+00 0.000E+00 0.000E+00 0.000E+00 0.256E-09 0.156E-07 0.000E+00 0.000E+00 0.000E+00
    61.0 0.000E+00 0.000E+00 0.000E+00 0.000E+00 0.000E+00 0.309E-09 0.120E-07 0.000E+00 0.000E+00 0.000E+00
    62.0 0.000E+00 0.000E+00 0.000E+00 0.000E+00 0.249E-14 0.352E-09 0.899E-08 0.000E+00 0.000E+00 0.000E+00
    63.0 0.000E+00 0.000E+00 0.000E+00 0.000E+00 0.110E-13 0.379E-09 0.668E-08 0.000E+00 0.000E+00 0.000E+00
    64.0 0.000E+00 0.000E+00 0.000E+00 0.000E+00 0.413E-13 0.390E-09 0.491E-08 0.000E+00 0.000E+00 0.000E+00
    65.0 0.000E+00 0.000E+00 0.000E+00 0.000E+00 0.134E-12 0.385E-09 0.357E-08 0.000E+00 0.000E+00 0.000E+00
    66.0 0.000E+00 0.000E+00 0.000E+00 0.000E+00 0.377E-12 0.366E-09 0.257E-08 0.000E+00 0.000E+00 0.000E+00
    67.0 0.000E+00 0.000E+00 0.000E+00 0.000E+00 0.935E-12 0.338E-09 0.184E-08 0.000E+00 0.000E+00 0.000E+00
    68.0 0.000E+00 0.000E+00 0.000E+00 0.000E+00 0.206E-11 0.303E-09 0.130E-08 0.000E+00 0.000E+00 0.000E+00
    69.0 0.000E+00 0.000E+00 0.000E+00 0.000E+00 0.408E-11 0.266E-09 0.917E-09 0.000E+00 0.000E+00 0.000E+00
    70.0 0.000E+00 0.000E+00 0.000E+00 0.000E+00 0.733E-11 0.228E-09 0.641E-09 0.000E+00 0.000E+00 0.000E+00
    71.0 0.000E+00 0.000E+00 0.000E+00 0.000E+00 0.120E-10 0.191E-09 0.441E-09 0.000E+00 0.000E+00 0.000E+00

  E*/MeV   182Bi     183Bi     184Bi     185Bi     186Bi     187Bi     188Bi     189Bi     190Bi     191Bi  
    56.0 0.000E+00 0.000E+00 0.000E+00 0.121E-10 0.138E-06 0.414E-07 0.134E-07 0.187E-05 0.301E-06 0.000E+00
    57.0 0.000E+00 0.000E+00 0.000E+00 0.331E-10 0.145E-06 0.274E-07 0.225E-07 0.158E-05 0.202E-06 0.000E+00
    58.0 0.000E+00 0.000E+00 0.000E+00 0.815E-10 0.145E-06 0.180E-07 0.365E-07 0.131E-05 0.135E-06 0.000E+00
    59.0 0.000E+00 0.000E+00 0.000E+00 0.181E-09 0.138E-06 0.118E-07 0.556E-07 0.105E-05 0.890E-07 0.000E+00
    60.0 0.000E+00 0.000E+00 0.000E+00 0.363E-09 0.126E-06 0.770E-08 0.797E-07 0.826E-06 0.585E-07 0.000E+00
    61.0 0.000E+00 0.000E+00 0.000E+00 0.663E-09 0.111E-06 0.500E-08 0.108E-06 0.636E-06 0.382E-07 0.000E+00
    62.0 0.000E+00 0.000E+00 0.000E+00 0.111E-08 0.951E-07 0.323E-08 0.137E-06 0.483E-06 0.247E-07 0.000E+00
    63.0 0.000E+00 0.000E+00 0.000E+00 0.170E-08 0.792E-07 0.210E-08 0.166E-06 0.355E-06 0.159E-07 0.000E+00
    64.0 0.000E+00 0.000E+00 0.000E+00 0.240E-08 0.645E-07 0.139E-08 0.192E-06 0.256E-06 0.101E-07 0.000E+00
    65.0 0.000E+00 0.000E+00 0.000E+00 0.316E-08 0.515E-07 0.998E-09 0.211E-06 0.171E-06 0.623E-08 0.000E+00
    66.0 0.000E+00 0.000E+00 0.000E+00 0.389E-08 0.403E-07 0.854E-09 0.224E-06 0.115E-06 0.380E-08 0.000E+00
    67.0 0.000E+00 0.000E+00 0.361E-13 0.451E-08 0.311E-07 0.979E-09 0.228E-06 0.523E-07 0.212E-08 0.000E+00
    68.0 0.000E+00 0.000E+00 0.119E-12 0.497E-08 0.237E-07 0.136E-08 0.225E-06 0.238E-07 0.967E-09 0.000E+00
    69.0 0.000E+00 0.000E+00 0.355E-12 0.523E-08 0.178E-07 0.206E-08 0.216E-06 0.000E+00 0.000E+00 0.000E+00
    70.0 0.000E+00 0.000E+00 0.953E-12 0.528E-08 0.132E-07 0.301E-08 0.201E-06 0.000E+00 0.000E+00 0.000E+00
    71.0 0.000E+00 0.000E+00 0.233E-11 0.513E-08 0.974E-08 0.423E-08 0.183E-06 0.000E+00 0.000E+00 0.000E+00

  E*/MeV   181Pb     182Pb     183Pb     184Pb     185Pb     186Pb     187Pb     188Pb     189Pb     190Pb  
    56.0 0.000E+00 0.000E+00 0.000E+00 0.000E+00 0.127E-07 0.209E-05 0.861E-06 0.360E-06 0.427E-05 0.110E-06
    57.0 0.000E+00 0.000E+00 0.000E+00 0.000E+00 0.197E-07 0.187E-05 0.594E-06 0.476E-06 0.377E-05 0.749E-07
    58.0 0.000E+00 0.000E+00 0.000E+00 0.000E+00 0.301E-07 0.162E-05 0.406E-06 0.599E-06 0.325E-05 0.505E-07
    59.0 0.000E+00 0.000E+00 0.000E+00 0.649E-12 0.450E-07 0.136E-05 0.276E-06 0.721E-06 0.274E-05 0.337E-07
    60.0 0.000E+00 0.000E+00 0.000E+00 0.178E-11 0.652E-07 0.112E-05 0.186E-06 0.831E-06 0.227E-05 0.224E-07
    61.0 0.000E+00 0.000E+00 0.000E+00 0.448E-11 0.910E-07 0.903E-06 0.126E-06 0.920E-06 0.184E-05 0.148E-07
    62.0 0.000E+00 0.000E+00 0.000E+00 0.106E-10 0.122E-06 0.714E-06 0.857E-07 0.981E-06 0.147E-05 0.968E-08
    63.0 0.000E+00 0.000E+00 0.000E+00 0.238E-10 0.155E-06 0.555E-06 0.599E-07 0.101E-05 0.116E-05 0.628E-08
    64.0 0.000E+00 0.000E+00 0.000E+00 0.514E-10 0.190E-06 0.425E-06 0.443E-07 0.101E-05 0.902E-06 0.405E-08
    65.0 0.000E+00 0.000E+00 0.000E+00 0.107E-09 0.222E-06 0.321E-06 0.364E-07 0.980E-06 0.692E-06 0.257E-08
    66.0 0.000E+00 0.000E+00 0.000E+00 0.215E-09 0.249E-06 0.240E-06 0.347E-07 0.926E-06 0.526E-06 0.160E-08
    67.0 0.000E+00 0.000E+00 0.000E+00 0.414E-09 0.268E-06 0.177E-06 0.383E-07 0.853E-06 0.395E-06 0.945E-09
    68.0 0.000E+00 0.000E+00 0.000E+00 0.757E-09 0.279E-06 0.129E-06 0.466E-07 0.769E-06 0.294E-06 0.523E-09
    69.0 0.000E+00 0.000E+00 0.000E+00 0.132E-08 0.280E-06 0.938E-07 0.592E-07 0.678E-06 0.217E-06 0.240E-09
    70.0 0.000E+00 0.000E+00 0.000E+00 0.216E-08 0.273E-06 0.675E-07 0.758E-07 0.588E-06 0.159E-06 0.000E+00
    71.0 0.000E+00 0.000E+00 0.637E-13 0.337E-08 0.259E-06 0.483E-07 0.954E-07 0.500E-06 0.115E-06 0.000E+00

 Z-Verteilung  
 E*/MeV     Pb         Bi         Po         At  
   56.0  0.771E-05 0.236E-05 0.381E-07 0.370E-08
   57.0  0.680E-05 0.198E-05 0.314E-07 0.271E-08
   58.0  0.595E-05 0.164E-05 0.255E-07 0.198E-08
   59.0  0.518E-05 0.135E-05 0.203E-07 0.145E-08
   60.0  0.449E-05 0.110E-05 0.159E-07 0.105E-08
   61.0  0.390E-05 0.898E-06 0.123E-07 0.741E-09
   62.0  0.339E-05 0.745E-06 0.935E-08 0.470E-09
   63.0  0.295E-05 0.620E-06 0.706E-08 0.326E-09
   64.0  0.258E-05 0.526E-06 0.530E-08 0.267E-09
   65.0  0.225E-05 0.444E-06 0.395E-08 0.227E-09
   66.0  0.198E-05 0.387E-06 0.294E-08 0.201E-09
   67.0  0.173E-05 0.319E-06 0.218E-08 0.183E-09
   68.0  0.152E-05 0.280E-06 0.161E-08 0.169E-09
   69.0  0.133E-05 0.241E-06 0.119E-08 0.156E-09
   70.0  0.116E-05 0.223E-06 0.876E-09 0.144E-09
   71.0  0.102E-05 0.202E-06 0.644E-09 0.130E-09

 Z und A Mittelwerte    
   E*/MeV     MW.Z  St.Abw.Z      MW.A  St.Abw.A
    56.0     82.24      0.44    188.16      1.32
    57.0     82.23      0.43    188.14      1.31
    58.0     82.22      0.43    188.12      1.30
    59.0     82.21      0.42    188.10      1.29
    60.0     82.20      0.41    188.07      1.28
    61.0     82.19      0.40    188.03      1.27
    62.0     82.18      0.39    187.99      1.26
    63.0     82.18      0.39    187.93      1.25
    64.0     82.17      0.38    187.87      1.26
    65.0     82.17      0.38    187.79      1.27
    66.0     82.17      0.38    187.70      1.28
    67.0     82.16      0.37    187.60      1.30
    68.0     82.16      0.37    187.51      1.32
    69.0     82.15      0.36    187.41      1.33
    70.0     82.16      0.37    187.33      1.34
    71.0     82.17      0.37    187.26      1.34

 HIVAP  CASOUT

   90Zr 103Rh 193At IFUS10 barfac0.46 sigr3.0 09/11/2023 10:35 Sitarcik 


     E_lab  A*MeV   E*/MeV     SI_fus      SI_VR     SI_Spalt  L_krit     b_Spalt

   466.138    5.18    72.0  0.2322E+03  0.1079E-05  0.2322E+03    65.0       99.99
   468.012    5.20    73.0  0.2313E+03  0.9516E-06  0.2312E+03    65.0       99.99
   469.885    5.22    74.0  0.2303E+03  0.8411E-06  0.2303E+03    65.0       99.99
   471.759    5.24    75.0  0.2294E+03  0.7448E-06  0.2294E+03    65.0       99.99
   473.633    5.26    76.0  0.2285E+03  0.6607E-06  0.2285E+03    65.0       99.99
   475.507    5.28    77.0  0.2276E+03  0.5847E-06  0.2276E+03    65.0       99.99
   477.380    5.30    78.0  0.2267E+03  0.5148E-06  0.2267E+03    65.0       99.99
   479.254    5.33    79.0  0.2258E+03  0.4582E-06  0.2258E+03    65.0       99.99
   481.128    5.35    80.0  0.2250E+03  0.4024E-06  0.2249E+03    65.0       99.99
   483.002    5.37    81.0  0.2241E+03  0.3543E-06  0.2240E+03    65.0       99.99
   484.876    5.39    82.0  0.2232E+03  0.3139E-06  0.2232E+03    65.0       99.99
   486.749    5.41    83.0  0.2224E+03  0.2748E-06  0.2223E+03    65.0       99.98
   488.623    5.43    84.0  0.2215E+03  0.2411E-06  0.2215E+03    65.0       99.98
   490.497    5.45    85.0  0.2207E+03  0.2336E-06  0.2206E+03    65.0       99.98
   492.371    5.47    86.0  0.2198E+03  0.2088E-06  0.2198E+03    65.0       99.98
   494.245    5.49    87.0  0.2190E+03  0.1842E-06  0.2189E+03    65.0       99.98

     Querschnitte / mbarn

  E*/MeV   184At     185At     186At     187At     188At     189At     190At     191At     192At     193At  
    72.0 0.000E+00 0.000E+00 0.000E+00 0.528E-13 0.103E-09 0.125E-10 0.000E+00 0.000E+00 0.000E+00 0.000E+00
    73.0 0.000E+00 0.000E+00 0.000E+00 0.106E-12 0.933E-10 0.726E-11 0.000E+00 0.000E+00 0.000E+00 0.000E+00
    74.0 0.000E+00 0.000E+00 0.000E+00 0.188E-12 0.822E-10 0.300E-11 0.000E+00 0.000E+00 0.000E+00 0.000E+00
    75.0 0.000E+00 0.000E+00 0.000E+00 0.297E-12 0.710E-10 0.487E-12 0.000E+00 0.000E+00 0.000E+00 0.000E+00
    76.0 0.000E+00 0.000E+00 0.000E+00 0.429E-12 0.601E-10 0.000E+00 0.000E+00 0.000E+00 0.000E+00 0.000E+00
    77.0 0.000E+00 0.000E+00 0.000E+00 0.572E-12 0.500E-10 0.000E+00 0.000E+00 0.000E+00 0.000E+00 0.000E+00
    78.0 0.000E+00 0.000E+00 0.000E+00 0.716E-12 0.410E-10 0.000E+00 0.000E+00 0.000E+00 0.000E+00 0.000E+00
    79.0 0.000E+00 0.000E+00 0.000E+00 0.846E-12 0.331E-10 0.000E+00 0.000E+00 0.000E+00 0.000E+00 0.000E+00
    80.0 0.000E+00 0.000E+00 0.000E+00 0.952E-12 0.265E-10 0.000E+00 0.000E+00 0.000E+00 0.000E+00 0.000E+00
    81.0 0.000E+00 0.000E+00 0.754E-17 0.103E-11 0.209E-10 0.000E+00 0.000E+00 0.000E+00 0.000E+00 0.000E+00
    82.0 0.000E+00 0.000E+00 0.351E-16 0.107E-11 0.164E-10 0.000E+00 0.000E+00 0.000E+00 0.000E+00 0.000E+00
    83.0 0.000E+00 0.000E+00 0.133E-15 0.108E-11 0.127E-10 0.000E+00 0.000E+00 0.000E+00 0.000E+00 0.000E+00
    84.0 0.000E+00 0.000E+00 0.416E-15 0.105E-11 0.976E-11 0.000E+00 0.000E+00 0.000E+00 0.000E+00 0.000E+00
    85.0 0.000E+00 0.000E+00 0.111E-14 0.101E-11 0.745E-11 0.000E+00 0.000E+00 0.000E+00 0.000E+00 0.000E+00
    86.0 0.000E+00 0.000E+00 0.257E-14 0.938E-12 0.565E-11 0.000E+00 0.000E+00 0.000E+00 0.000E+00 0.000E+00
    87.0 0.000E+00 0.000E+00 0.526E-14 0.857E-12 0.425E-11 0.000E+00 0.000E+00 0.000E+00 0.000E+00 0.000E+00

  E*/MeV   183Po     184Po     185Po     186Po     187Po     188Po     189Po     190Po     191Po     192Po  
    72.0 0.000E+00 0.000E+00 0.000E+00 0.000E+00 0.183E-10 0.158E-09 0.298E-09 0.000E+00 0.000E+00 0.000E+00
    73.0 0.000E+00 0.000E+00 0.000E+00 0.000E+00 0.259E-10 0.128E-09 0.187E-09 0.000E+00 0.000E+00 0.000E+00
    74.0 0.000E+00 0.000E+00 0.000E+00 0.559E-16 0.344E-10 0.103E-09 0.102E-09 0.000E+00 0.000E+00 0.000E+00
    75.0 0.000E+00 0.000E+00 0.000E+00 0.212E-15 0.431E-10 0.813E-10 0.329E-10 0.000E+00 0.000E+00 0.000E+00
    76.0 0.000E+00 0.000E+00 0.000E+00 0.691E-15 0.515E-10 0.635E-10 0.000E+00 0.000E+00 0.000E+00 0.000E+00
    77.0 0.000E+00 0.000E+00 0.000E+00 0.196E-14 0.588E-10 0.492E-10 0.000E+00 0.000E+00 0.000E+00 0.000E+00
    78.0 0.000E+00 0.000E+00 0.000E+00 0.488E-14 0.645E-10 0.376E-10 0.000E+00 0.000E+00 0.000E+00 0.000E+00
    79.0 0.000E+00 0.000E+00 0.000E+00 0.109E-13 0.682E-10 0.285E-10 0.000E+00 0.000E+00 0.000E+00 0.000E+00
    80.0 0.000E+00 0.000E+00 0.000E+00 0.219E-13 0.699E-10 0.214E-10 0.000E+00 0.000E+00 0.000E+00 0.000E+00
    81.0 0.000E+00 0.000E+00 0.000E+00 0.403E-13 0.696E-10 0.157E-10 0.000E+00 0.000E+00 0.000E+00 0.000E+00
    82.0 0.000E+00 0.000E+00 0.000E+00 0.683E-13 0.676E-10 0.114E-10 0.000E+00 0.000E+00 0.000E+00 0.000E+00
    83.0 0.000E+00 0.000E+00 0.000E+00 0.108E-12 0.640E-10 0.757E-11 0.000E+00 0.000E+00 0.000E+00 0.000E+00
    84.0 0.000E+00 0.000E+00 0.000E+00 0.159E-12 0.594E-10 0.392E-11 0.000E+00 0.000E+00 0.000E+00 0.000E+00
    85.0 0.000E+00 0.000E+00 0.000E+00 0.221E-12 0.541E-10 0.158E-11 0.000E+00 0.000E+00 0.000E+00 0.000E+00
    86.0 0.000E+00 0.000E+00 0.000E+00 0.291E-12 0.484E-10 0.000E+00 0.000E+00 0.000E+00 0.000E+00 0.000E+00
    87.0 0.000E+00 0.000E+00 0.000E+00 0.366E-12 0.426E-10 0.000E+00 0.000E+00 0.000E+00 0.000E+00 0.000E+00

  E*/MeV   182Bi     183Bi     184Bi     185Bi     186Bi     187Bi     188Bi     189Bi     190Bi     191Bi  
    72.0 0.000E+00 0.000E+00 0.522E-11 0.484E-08 0.711E-08 0.562E-08 0.162E-06 0.000E+00 0.000E+00 0.000E+00
    73.0 0.000E+00 0.000E+00 0.107E-10 0.443E-08 0.515E-08 0.715E-08 0.141E-06 0.000E+00 0.000E+00 0.000E+00
    74.0 0.000E+00 0.000E+00 0.204E-10 0.395E-08 0.371E-08 0.869E-08 0.121E-06 0.000E+00 0.000E+00 0.000E+00
    75.0 0.000E+00 0.000E+00 0.359E-10 0.345E-08 0.265E-08 0.101E-07 0.101E-06 0.000E+00 0.000E+00 0.000E+00
    76.0 0.000E+00 0.000E+00 0.587E-10 0.295E-08 0.189E-08 0.113E-07 0.839E-07 0.000E+00 0.000E+00 0.000E+00
    77.0 0.000E+00 0.000E+00 0.899E-10 0.248E-08 0.134E-08 0.122E-07 0.680E-07 0.000E+00 0.000E+00 0.000E+00
    78.0 0.000E+00 0.000E+00 0.129E-09 0.205E-08 0.952E-09 0.128E-07 0.547E-07 0.000E+00 0.000E+00 0.000E+00
    79.0 0.000E+00 0.000E+00 0.175E-09 0.167E-08 0.681E-09 0.131E-07 0.434E-07 0.000E+00 0.000E+00 0.000E+00
    80.0 0.000E+00 0.574E-14 0.225E-09 0.134E-08 0.499E-09 0.129E-07 0.330E-07 0.000E+00 0.000E+00 0.000E+00
    81.0 0.000E+00 0.159E-13 0.276E-09 0.107E-08 0.388E-09 0.125E-07 0.248E-07 0.000E+00 0.000E+00 0.000E+00
    82.0 0.000E+00 0.400E-13 0.324E-09 0.838E-09 0.334E-09 0.118E-07 0.167E-07 0.000E+00 0.000E+00 0.000E+00
    83.0 0.000E+00 0.925E-13 0.365E-09 0.653E-09 0.330E-09 0.109E-07 0.695E-08 0.000E+00 0.000E+00 0.000E+00
    84.0 0.000E+00 0.197E-12 0.396E-09 0.504E-09 0.368E-09 0.989E-08 0.000E+00 0.000E+00 0.000E+00 0.000E+00
    85.0 0.000E+00 0.386E-12 0.417E-09 0.386E-09 0.448E-09 0.879E-08 0.000E+00 0.000E+00 0.000E+00 0.000E+00
    86.0 0.000E+00 0.704E-12 0.425E-09 0.294E-09 0.560E-09 0.770E-08 0.000E+00 0.000E+00 0.000E+00 0.000E+00
    87.0 0.000E+00 0.120E-11 0.422E-09 0.222E-09 0.702E-09 0.660E-08 0.000E+00 0.000E+00 0.000E+00 0.000E+00

  E*/MeV   181Pb     182Pb     183Pb     184Pb     185Pb     186Pb     187Pb     188Pb     189Pb     190Pb  
    72.0 0.000E+00 0.000E+00 0.182E-12 0.496E-08 0.240E-06 0.343E-07 0.117E-06 0.419E-06 0.831E-07 0.000E+00
    73.0 0.000E+00 0.000E+00 0.471E-12 0.693E-08 0.217E-06 0.243E-07 0.140E-06 0.346E-06 0.595E-07 0.000E+00
    74.0 0.000E+00 0.000E+00 0.110E-11 0.922E-08 0.192E-06 0.172E-07 0.162E-06 0.281E-06 0.423E-07 0.000E+00
    75.0 0.000E+00 0.000E+00 0.236E-11 0.117E-07 0.167E-06 0.123E-07 0.181E-06 0.225E-06 0.299E-07 0.000E+00
    76.0 0.000E+00 0.000E+00 0.469E-11 0.142E-07 0.142E-06 0.909E-08 0.198E-06 0.176E-06 0.210E-07 0.000E+00
    77.0 0.000E+00 0.000E+00 0.870E-11 0.166E-07 0.119E-06 0.713E-08 0.210E-06 0.133E-06 0.147E-07 0.000E+00
    78.0 0.000E+00 0.000E+00 0.153E-10 0.186E-07 0.990E-07 0.618E-08 0.217E-06 0.931E-07 0.102E-07 0.000E+00
    79.0 0.000E+00 0.000E+00 0.258E-10 0.202E-07 0.809E-07 0.608E-08 0.219E-06 0.660E-07 0.700E-08 0.000E+00
    80.0 0.000E+00 0.000E+00 0.420E-10 0.212E-07 0.654E-07 0.670E-08 0.216E-06 0.401E-07 0.480E-08 0.000E+00
    81.0 0.000E+00 0.000E+00 0.666E-10 0.216E-07 0.522E-07 0.794E-08 0.209E-06 0.212E-07 0.325E-08 0.000E+00
    82.0 0.000E+00 0.000E+00 0.103E-09 0.215E-07 0.413E-07 0.967E-08 0.198E-06 0.112E-07 0.219E-08 0.000E+00
    83.0 0.000E+00 0.000E+00 0.156E-09 0.209E-07 0.324E-07 0.118E-07 0.184E-06 0.476E-08 0.145E-08 0.000E+00
    84.0 0.000E+00 0.000E+00 0.231E-09 0.198E-07 0.252E-07 0.142E-07 0.168E-06 0.125E-08 0.945E-09 0.000E+00
    85.0 0.000E+00 0.000E+00 0.319E-09 0.189E-07 0.215E-07 0.163E-07 0.165E-06 0.657E-09 0.590E-09 0.000E+00
    86.0 0.000E+00 0.310E-13 0.445E-09 0.173E-07 0.165E-07 0.187E-07 0.146E-06 0.000E+00 0.350E-09 0.000E+00
    87.0 0.000E+00 0.639E-13 0.600E-09 0.156E-07 0.126E-07 0.210E-07 0.126E-06 0.000E+00 0.189E-09 0.000E+00

 Z-Verteilung  
 E*/MeV     Pb         Bi         Po         At  
   72.0  0.898E-06 0.180E-06 0.474E-09 0.116E-09
   73.0  0.793E-06 0.158E-06 0.341E-09 0.101E-09
   74.0  0.704E-06 0.137E-06 0.240E-09 0.854E-10
   75.0  0.627E-06 0.118E-06 0.157E-09 0.717E-10
   76.0  0.560E-06 0.100E-06 0.115E-09 0.605E-10
   77.0  0.500E-06 0.841E-07 0.108E-09 0.506E-10
   78.0  0.444E-06 0.707E-07 0.102E-09 0.417E-10
   79.0  0.399E-06 0.590E-07 0.968E-10 0.340E-10
   80.0  0.354E-06 0.479E-07 0.913E-10 0.274E-10
   81.0  0.315E-06 0.390E-07 0.853E-10 0.219E-10
   82.0  0.284E-06 0.299E-07 0.790E-10 0.174E-10
   83.0  0.256E-06 0.192E-07 0.717E-10 0.138E-10
   84.0  0.230E-06 0.112E-07 0.635E-10 0.108E-10
   85.0  0.223E-06 0.100E-07 0.559E-10 0.846E-11
   86.0  0.200E-06 0.898E-08 0.487E-10 0.659E-11
   87.0  0.176E-06 0.795E-08 0.430E-10 0.511E-11

 Z und A Mittelwerte    
   E*/MeV     MW.Z  St.Abw.Z      MW.A  St.Abw.A
    72.0     82.17      0.38    187.19      1.34
    73.0     82.17      0.37    187.12      1.33
    74.0     82.16      0.37    187.06      1.32
    75.0     82.16      0.37    186.99      1.29
    76.0     82.15      0.36    186.94      1.27
    77.0     82.14      0.35    186.88      1.24
    78.0     82.14      0.35    186.81      1.21
    79.0     82.13      0.34    186.76      1.17
    80.0     82.12      0.33    186.70      1.14
    81.0     82.11      0.32    186.64      1.10
    82.0     82.10      0.30    186.59      1.07
    83.0     82.07      0.26    186.53      1.04
    84.0     82.05      0.21    186.48      1.01
    85.0     82.04      0.21    186.50      0.98
    86.0     82.04      0.21    186.49      0.98
    87.0     82.04      0.21    186.47      0.98

 HIVAP  CASOUT

   90Zr 103Rh 193At IFUS10 barfac0.46 sigr3.0 09/11/2023 10:35 Sitarcik 


     E_lab  A*MeV   E*/MeV     SI_fus      SI_VR     SI_Spalt  L_krit     b_Spalt

   496.118    5.51    88.0  0.2182E+03  0.1583E-06  0.2181E+03    65.0       99.98
   497.992    5.53    89.0  0.2173E+03  0.1303E-06  0.2173E+03    65.0       99.98
   499.866    5.55    90.0  0.2165E+03  0.9848E-07  0.2165E+03    65.0       99.97
   501.740    5.57    91.0  0.2157E+03  0.6972E-07  0.2157E+03    65.0       99.97

     Querschnitte / mbarn

  E*/MeV   184At     185At     186At     187At     188At     189At     190At     191At     192At     193At  
    88.0 0.000E+00 0.000E+00 0.968E-14 0.769E-12 0.318E-11 0.000E+00 0.000E+00 0.000E+00 0.000E+00 0.000E+00
    89.0 0.000E+00 0.000E+00 0.163E-13 0.679E-12 0.234E-11 0.000E+00 0.000E+00 0.000E+00 0.000E+00 0.000E+00
    90.0 0.000E+00 0.000E+00 0.252E-13 0.590E-12 0.170E-11 0.000E+00 0.000E+00 0.000E+00 0.000E+00 0.000E+00
    91.0 0.000E+00 0.000E+00 0.364E-13 0.506E-12 0.121E-11 0.000E+00 0.000E+00 0.000E+00 0.000E+00 0.000E+00

  E*/MeV   183Po     184Po     185Po     186Po     187Po     188Po     189Po     190Po     191Po     192Po  
    88.0 0.000E+00 0.000E+00 0.132E-16 0.442E-12 0.370E-10 0.000E+00 0.000E+00 0.000E+00 0.000E+00 0.000E+00
    89.0 0.000E+00 0.000E+00 0.426E-16 0.514E-12 0.317E-10 0.000E+00 0.000E+00 0.000E+00 0.000E+00 0.000E+00
    90.0 0.000E+00 0.000E+00 0.123E-15 0.577E-12 0.268E-10 0.000E+00 0.000E+00 0.000E+00 0.000E+00 0.000E+00
    91.0 0.000E+00 0.000E+00 0.320E-15 0.627E-12 0.224E-10 0.000E+00 0.000E+00 0.000E+00 0.000E+00 0.000E+00

  E*/MeV   182Bi     183Bi     184Bi     185Bi     186Bi     187Bi     188Bi     189Bi     190Bi     191Bi  
    88.0 0.000E+00 0.191E-11 0.409E-09 0.167E-09 0.861E-09 0.561E-08 0.000E+00 0.000E+00 0.000E+00 0.000E+00
    89.0 0.000E+00 0.286E-11 0.388E-09 0.125E-09 0.103E-08 0.466E-08 0.000E+00 0.000E+00 0.000E+00 0.000E+00
    90.0 0.000E+00 0.407E-11 0.361E-09 0.932E-10 0.120E-08 0.378E-08 0.000E+00 0.000E+00 0.000E+00 0.000E+00
    91.0 0.000E+00 0.549E-11 0.330E-09 0.697E-10 0.135E-08 0.288E-08 0.000E+00 0.000E+00 0.000E+00 0.000E+00

  E*/MeV   181Pb     182Pb     183Pb     184Pb     185Pb     186Pb     187Pb     188Pb     189Pb     190Pb  
    88.0 0.000E+00 0.126E-12 0.783E-09 0.138E-07 0.961E-08 0.231E-07 0.104E-06 0.000E+00 0.392E-10 0.000E+00
    89.0 0.000E+00 0.241E-12 0.991E-09 0.121E-07 0.729E-08 0.247E-07 0.790E-07 0.000E+00 0.000E+00 0.000E+00
    90.0 0.000E+00 0.446E-12 0.121E-08 0.104E-07 0.553E-08 0.258E-07 0.500E-07 0.000E+00 0.000E+00 0.000E+00
    91.0 0.000E+00 0.807E-12 0.144E-08 0.888E-08 0.423E-08 0.264E-07 0.241E-07 0.000E+00 0.000E+00 0.000E+00

 Z-Verteilung  
 E*/MeV     Pb         Bi         Po         At  
   88.0  0.151E-06 0.705E-08 0.374E-10 0.396E-11
   89.0  0.124E-06 0.620E-08 0.322E-10 0.304E-11
   90.0  0.930E-07 0.543E-08 0.274E-10 0.232E-11
   91.0  0.651E-07 0.463E-08 0.231E-10 0.175E-11

 Z und A Mittelwerte    
   E*/MeV     MW.Z  St.Abw.Z      MW.A  St.Abw.A
    88.0     82.05      0.21    186.44      0.98
    89.0     82.05      0.22    186.37      1.01
    90.0     82.06      0.23    186.23      1.05
    91.0     82.07      0.25    186.00      1.08
                                                                        
           



 Ende HIVAP 
