          Programm HIVAP,  Autor  W.Reisdorf   Version fuer "rzri6f" vom  7. 6. 1994

           Bearbeitung F.P.Heﬂberger
           
   93Nb 99Ru 192At IFUS10 barfac0.46 sigr3.0 26/04/2024 15:42 Sitarcik  
           

 Unterprogramm SEPENF
 Q-Wert  -177.443 MeV
 Massen aus der Datei "mlz.dat" 

         Exp. Schaleneffekte,  SHELL0=    0.00
          At  183   At  184   At  185   At  186   At  187   At  188   At  189   At  190   At  191   At  192
             -0.16     -0.96     -0.15     -0.95     -0.13     -0.92     -0.10     -0.88     -0.07     -0.87
          Po  182   Po  183   Po  184   Po  185   Po  186   Po  187   Po  188   Po  189   Po  190   Po  191
              0.25     -0.41      0.51     -0.23      0.60     -0.21      0.55     -0.34      0.34     -0.63

           BARFAC=   0.460      BAR0=   0.000

          Separationsenergien (BN,BP,BA) und Spaltbarrieren
          At  183   At  184   At  185   At  186   At  187   At  188   At  189   At  190   At  191   At  192
             12.65     10.83     12.24     10.41     11.81     10.00     11.40      9.60     11.01      9.25
             -3.05     -2.63     -2.25     -1.92     -1.64     -1.40     -1.20     -1.04     -0.93     -0.82
            -10.29     -9.93     -9.63     -9.36     -9.14     -8.96     -8.83     -8.72     -8.66     -8.59
              2.27      3.18      2.47      3.38      2.66      3.55      2.82      3.70      2.98      3.87
             -0.81     -1.62     -0.81     -1.61     -0.80     -1.60     -0.80     -1.60     -0.80     -1.59
          Po  182   Po  183   Po  184   Po  185   Po  186   Po  187   Po  188   Po  189   Po  190   Po  191
             12.21     10.41     11.86     10.08     11.54      9.75     11.20      9.44     10.89      9.14
             -1.35     -1.08     -0.82     -0.54     -0.28     -0.02      0.24      0.50      0.75      1.01
            -10.37    -10.16     -9.96     -9.74     -9.53     -9.32     -9.12     -8.90     -8.69     -8.47
              2.27      3.04      2.22      3.06      2.32      3.23      2.56      3.54      3.01      4.11
              0.00     -0.81      0.00     -0.81      0.00     -0.80      0.00     -0.80      0.00     -0.80

 benutzter Q-Wert  -177.443 MeV    effektiver Q-Wert  -177.443 MeV

 HIVAP  CASOUT

   93Nb 99Ru 192At IFUS10 barfac0.46 sigr3.0 26/04/2024 15:42 Sitarcik  


     E_lab  A*MeV   E*/MeV     SI_fus      SI_VR     SI_Spalt  L_krit     b_Spalt

   359.647    3.87     8.0  0.1378E-04  0.1810E-07  0.1377E-04     0.0       99.87
   361.587    3.89     9.0  0.7079E-04  0.6997E-07  0.7072E-04     0.0       99.90
   363.526    3.91    10.0  0.3534E-03  0.3464E-06  0.3531E-03     0.0       99.90
   365.466    3.93    11.0  0.1674E-02  0.1694E-05  0.1672E-02     0.0       99.90
   367.405    3.95    12.0  0.6929E-02  0.6605E-05  0.6922E-02     0.0       99.90
   369.344    3.97    13.0  0.2273E-01  0.1794E-04  0.2271E-01     0.0       99.92
   371.284    3.99    14.0  0.5918E-01  0.3211E-04  0.5915E-01     0.0       99.94
   373.223    4.01    15.0  0.1313E+00  0.4287E-04  0.1312E+00     0.0       99.96
   375.163    4.03    16.0  0.2639E+00  0.4788E-04  0.2638E+00     0.0       99.97
   377.102    4.05    17.0  0.4849E+00  0.4635E-04  0.4848E+00     0.0       99.98
   379.041    4.08    18.0  0.8351E+00  0.4118E-04  0.8349E+00     0.0       99.98
   380.981    4.10    19.0  0.1369E+01  0.3454E-04  0.1368E+01     0.0       99.98
   382.920    4.12    20.0  0.2149E+01  0.2816E-04  0.2148E+01     0.0       99.98
   384.860    4.14    21.0  0.3260E+01  0.2305E-04  0.3260E+01     0.0       99.98
   386.799    4.16    22.0  0.4784E+01  0.1948E-04  0.4782E+01     0.0       99.97
   388.738    4.18    23.0  0.6814E+01  0.1714E-04  0.6811E+01     0.0       99.97

     Querschnitte / mbarn

  E*/MeV   183At     184At     185At     186At     187At     188At     189At     190At     191At     192At  
     8.0 0.000E+00 0.000E+00 0.000E+00 0.000E+00 0.000E+00 0.000E+00 0.000E+00 0.000E+00 0.000E+00 0.127E-07
     9.0 0.000E+00 0.000E+00 0.000E+00 0.000E+00 0.000E+00 0.000E+00 0.000E+00 0.000E+00 0.000E+00 0.251E-07
    10.0 0.000E+00 0.000E+00 0.000E+00 0.000E+00 0.000E+00 0.000E+00 0.000E+00 0.000E+00 0.821E-09 0.466E-07
    11.0 0.000E+00 0.000E+00 0.000E+00 0.000E+00 0.000E+00 0.000E+00 0.000E+00 0.000E+00 0.504E-07 0.783E-07
    12.0 0.000E+00 0.000E+00 0.000E+00 0.000E+00 0.000E+00 0.000E+00 0.000E+00 0.000E+00 0.629E-06 0.101E-06
    13.0 0.000E+00 0.000E+00 0.000E+00 0.000E+00 0.000E+00 0.000E+00 0.000E+00 0.000E+00 0.319E-05 0.109E-06
    14.0 0.000E+00 0.000E+00 0.000E+00 0.000E+00 0.000E+00 0.000E+00 0.000E+00 0.000E+00 0.677E-05 0.121E-06
    15.0 0.000E+00 0.000E+00 0.000E+00 0.000E+00 0.000E+00 0.000E+00 0.000E+00 0.000E+00 0.936E-05 0.111E-06
    16.0 0.000E+00 0.000E+00 0.000E+00 0.000E+00 0.000E+00 0.000E+00 0.000E+00 0.000E+00 0.104E-04 0.129E-06
    17.0 0.000E+00 0.000E+00 0.000E+00 0.000E+00 0.000E+00 0.000E+00 0.000E+00 0.000E+00 0.973E-05 0.127E-06
    18.0 0.000E+00 0.000E+00 0.000E+00 0.000E+00 0.000E+00 0.000E+00 0.000E+00 0.000E+00 0.849E-05 0.124E-06
    19.0 0.000E+00 0.000E+00 0.000E+00 0.000E+00 0.000E+00 0.000E+00 0.000E+00 0.000E+00 0.688E-05 0.121E-06
    20.0 0.000E+00 0.000E+00 0.000E+00 0.000E+00 0.000E+00 0.000E+00 0.000E+00 0.000E+00 0.527E-05 0.107E-06
    21.0 0.000E+00 0.000E+00 0.000E+00 0.000E+00 0.000E+00 0.000E+00 0.000E+00 0.527E-09 0.388E-05 0.888E-07
    22.0 0.000E+00 0.000E+00 0.000E+00 0.000E+00 0.000E+00 0.000E+00 0.000E+00 0.155E-07 0.288E-05 0.000E+00
    23.0 0.000E+00 0.000E+00 0.000E+00 0.000E+00 0.000E+00 0.000E+00 0.000E+00 0.143E-06 0.203E-05 0.000E+00

  E*/MeV   182Po     183Po     184Po     185Po     186Po     187Po     188Po     189Po     190Po     191Po  
     8.0 0.000E+00 0.000E+00 0.000E+00 0.000E+00 0.000E+00 0.000E+00 0.000E+00 0.000E+00 0.000E+00 0.538E-08
     9.0 0.000E+00 0.000E+00 0.000E+00 0.000E+00 0.000E+00 0.000E+00 0.000E+00 0.000E+00 0.000E+00 0.448E-07
    10.0 0.000E+00 0.000E+00 0.000E+00 0.000E+00 0.000E+00 0.000E+00 0.000E+00 0.000E+00 0.000E+00 0.299E-06
    11.0 0.000E+00 0.000E+00 0.000E+00 0.000E+00 0.000E+00 0.000E+00 0.000E+00 0.000E+00 0.000E+00 0.157E-05
    12.0 0.000E+00 0.000E+00 0.000E+00 0.000E+00 0.000E+00 0.000E+00 0.000E+00 0.000E+00 0.000E+00 0.587E-05
    13.0 0.000E+00 0.000E+00 0.000E+00 0.000E+00 0.000E+00 0.000E+00 0.000E+00 0.000E+00 0.000E+00 0.146E-04
    14.0 0.000E+00 0.000E+00 0.000E+00 0.000E+00 0.000E+00 0.000E+00 0.000E+00 0.000E+00 0.202E-10 0.252E-04
    15.0 0.000E+00 0.000E+00 0.000E+00 0.000E+00 0.000E+00 0.000E+00 0.000E+00 0.000E+00 0.414E-09 0.334E-04
    16.0 0.000E+00 0.000E+00 0.000E+00 0.000E+00 0.000E+00 0.000E+00 0.000E+00 0.000E+00 0.431E-08 0.373E-04
    17.0 0.000E+00 0.000E+00 0.000E+00 0.000E+00 0.000E+00 0.000E+00 0.000E+00 0.000E+00 0.289E-07 0.365E-04
    18.0 0.000E+00 0.000E+00 0.000E+00 0.000E+00 0.000E+00 0.000E+00 0.000E+00 0.000E+00 0.137E-06 0.324E-04
    19.0 0.000E+00 0.000E+00 0.000E+00 0.000E+00 0.000E+00 0.000E+00 0.000E+00 0.000E+00 0.471E-06 0.271E-04
    20.0 0.000E+00 0.000E+00 0.000E+00 0.000E+00 0.000E+00 0.000E+00 0.000E+00 0.000E+00 0.124E-05 0.215E-04
    21.0 0.000E+00 0.000E+00 0.000E+00 0.000E+00 0.000E+00 0.000E+00 0.000E+00 0.000E+00 0.259E-05 0.165E-04
    22.0 0.000E+00 0.000E+00 0.000E+00 0.000E+00 0.000E+00 0.000E+00 0.000E+00 0.000E+00 0.437E-05 0.122E-04
    23.0 0.000E+00 0.000E+00 0.000E+00 0.000E+00 0.000E+00 0.000E+00 0.000E+00 0.000E+00 0.614E-05 0.882E-05

 HIVAP  CASOUT

   93Nb 99Ru 192At IFUS10 barfac0.46 sigr3.0 26/04/2024 15:42 Sitarcik  


     E_lab  A*MeV   E*/MeV     SI_fus      SI_VR     SI_Spalt  L_krit     b_Spalt

   390.678    4.20    24.0  0.9442E+01  0.1581E-04  0.9438E+01     2.0       99.96
   392.617    4.22    25.0  0.1275E+02  0.1551E-04  0.1274E+02    17.0       99.96
   394.557    4.24    26.0  0.1685E+02  0.1607E-04  0.1684E+02    24.0       99.95
   396.496    4.26    27.0  0.2177E+02  0.1647E-04  0.2176E+02    30.0       99.95
   398.435    4.28    28.0  0.2760E+02  0.1583E-04  0.2758E+02    35.0       99.94
   400.375    4.31    29.0  0.3438E+02  0.1412E-04  0.3435E+02    65.0       99.93
   402.314    4.33    30.0  0.4207E+02  0.1174E-04  0.4204E+02    65.0       99.93
   404.253    4.35    31.0  0.5069E+02  0.9247E-05  0.5065E+02    65.0       99.92
   406.193    4.37    32.0  0.6019E+02  0.7106E-05  0.6013E+02    65.0       99.91
   408.132    4.39    33.0  0.7042E+02  0.5520E-05  0.7035E+02    65.0       99.90
   410.072    4.41    34.0  0.8136E+02  0.4512E-05  0.8127E+02    65.0       99.90
   412.011    4.43    35.0  0.9279E+02  0.3979E-05  0.9268E+02    65.0       99.89
   413.950    4.45    36.0  0.1046E+03  0.3726E-05  0.1045E+03    65.0       99.88
   415.890    4.47    37.0  0.1166E+03  0.3555E-05  0.1164E+03    65.0       99.87
   417.829    4.49    38.0  0.1286E+03  0.3342E-05  0.1285E+03    65.0       99.86
   419.769    4.51    39.0  0.1405E+03  0.3024E-05  0.1403E+03    65.0       99.85

     Querschnitte / mbarn

  E*/MeV   183At     184At     185At     186At     187At     188At     189At     190At     191At     192At  
    24.0 0.000E+00 0.000E+00 0.000E+00 0.000E+00 0.000E+00 0.000E+00 0.000E+00 0.687E-06 0.147E-05 0.000E+00
    25.0 0.000E+00 0.000E+00 0.000E+00 0.000E+00 0.000E+00 0.000E+00 0.000E+00 0.217E-05 0.114E-05 0.000E+00
    26.0 0.000E+00 0.000E+00 0.000E+00 0.000E+00 0.000E+00 0.000E+00 0.000E+00 0.481E-05 0.751E-06 0.000E+00
    27.0 0.000E+00 0.000E+00 0.000E+00 0.000E+00 0.000E+00 0.000E+00 0.000E+00 0.740E-05 0.455E-06 0.000E+00
    28.0 0.000E+00 0.000E+00 0.000E+00 0.000E+00 0.000E+00 0.000E+00 0.000E+00 0.889E-05 0.254E-06 0.000E+00
    29.0 0.000E+00 0.000E+00 0.000E+00 0.000E+00 0.000E+00 0.000E+00 0.000E+00 0.903E-05 0.128E-06 0.000E+00
    30.0 0.000E+00 0.000E+00 0.000E+00 0.000E+00 0.000E+00 0.000E+00 0.000E+00 0.813E-05 0.621E-07 0.000E+00
    31.0 0.000E+00 0.000E+00 0.000E+00 0.000E+00 0.000E+00 0.000E+00 0.497E-11 0.672E-05 0.307E-07 0.000E+00
    32.0 0.000E+00 0.000E+00 0.000E+00 0.000E+00 0.000E+00 0.000E+00 0.144E-09 0.521E-05 0.150E-07 0.000E+00
    33.0 0.000E+00 0.000E+00 0.000E+00 0.000E+00 0.000E+00 0.000E+00 0.151E-08 0.383E-05 0.793E-08 0.000E+00
    34.0 0.000E+00 0.000E+00 0.000E+00 0.000E+00 0.000E+00 0.000E+00 0.831E-08 0.271E-05 0.000E+00 0.000E+00
    35.0 0.000E+00 0.000E+00 0.000E+00 0.000E+00 0.000E+00 0.000E+00 0.282E-07 0.186E-05 0.000E+00 0.000E+00
    36.0 0.000E+00 0.000E+00 0.000E+00 0.000E+00 0.000E+00 0.000E+00 0.652E-07 0.124E-05 0.000E+00 0.000E+00
    37.0 0.000E+00 0.000E+00 0.000E+00 0.000E+00 0.000E+00 0.000E+00 0.110E-06 0.812E-06 0.000E+00 0.000E+00
    38.0 0.000E+00 0.000E+00 0.000E+00 0.000E+00 0.000E+00 0.000E+00 0.146E-06 0.526E-06 0.000E+00 0.000E+00
    39.0 0.000E+00 0.000E+00 0.000E+00 0.000E+00 0.000E+00 0.000E+00 0.166E-06 0.337E-06 0.000E+00 0.000E+00

  E*/MeV   182Po     183Po     184Po     185Po     186Po     187Po     188Po     189Po     190Po     191Po  
    24.0 0.000E+00 0.000E+00 0.000E+00 0.000E+00 0.000E+00 0.000E+00 0.000E+00 0.000E+00 0.737E-05 0.628E-05
    25.0 0.000E+00 0.000E+00 0.000E+00 0.000E+00 0.000E+00 0.000E+00 0.000E+00 0.529E-11 0.775E-05 0.444E-05
    26.0 0.000E+00 0.000E+00 0.000E+00 0.000E+00 0.000E+00 0.000E+00 0.000E+00 0.830E-10 0.735E-05 0.316E-05
    27.0 0.000E+00 0.000E+00 0.000E+00 0.000E+00 0.000E+00 0.000E+00 0.000E+00 0.629E-09 0.639E-05 0.222E-05
    28.0 0.000E+00 0.000E+00 0.000E+00 0.000E+00 0.000E+00 0.000E+00 0.000E+00 0.338E-08 0.517E-05 0.152E-05
    29.0 0.000E+00 0.000E+00 0.000E+00 0.000E+00 0.000E+00 0.000E+00 0.000E+00 0.146E-07 0.395E-05 0.993E-06
    30.0 0.000E+00 0.000E+00 0.000E+00 0.000E+00 0.000E+00 0.000E+00 0.000E+00 0.510E-07 0.288E-05 0.613E-06
    31.0 0.000E+00 0.000E+00 0.000E+00 0.000E+00 0.000E+00 0.000E+00 0.000E+00 0.146E-06 0.202E-05 0.328E-06
    32.0 0.000E+00 0.000E+00 0.000E+00 0.000E+00 0.000E+00 0.000E+00 0.000E+00 0.347E-06 0.137E-05 0.170E-06
    33.0 0.000E+00 0.000E+00 0.000E+00 0.000E+00 0.000E+00 0.000E+00 0.000E+00 0.690E-06 0.903E-06 0.881E-07
    34.0 0.000E+00 0.000E+00 0.000E+00 0.000E+00 0.000E+00 0.000E+00 0.000E+00 0.117E-05 0.583E-06 0.442E-07
    35.0 0.000E+00 0.000E+00 0.000E+00 0.000E+00 0.000E+00 0.000E+00 0.000E+00 0.170E-05 0.369E-06 0.220E-07
    36.0 0.000E+00 0.000E+00 0.000E+00 0.000E+00 0.000E+00 0.000E+00 0.000E+00 0.218E-05 0.229E-06 0.118E-07
    37.0 0.000E+00 0.000E+00 0.000E+00 0.000E+00 0.000E+00 0.000E+00 0.208E-11 0.249E-05 0.140E-06 0.000E+00
    38.0 0.000E+00 0.000E+00 0.000E+00 0.000E+00 0.000E+00 0.000E+00 0.138E-10 0.259E-05 0.844E-07 0.000E+00
    39.0 0.000E+00 0.000E+00 0.000E+00 0.000E+00 0.000E+00 0.000E+00 0.663E-10 0.247E-05 0.488E-07 0.000E+00

 HIVAP  CASOUT

   93Nb 99Ru 192At IFUS10 barfac0.46 sigr3.0 26/04/2024 15:42 Sitarcik  


     E_lab  A*MeV   E*/MeV     SI_fus      SI_VR     SI_Spalt  L_krit     b_Spalt

   421.708    4.53    40.0  0.1522E+03  0.2616E-05  0.1519E+03    65.0       99.84
   423.647    4.56    41.0  0.1634E+03  0.2156E-05  0.1631E+03    65.0       99.83
   425.587    4.58    42.0  0.1740E+03  0.1713E-05  0.1737E+03    65.0       99.82
   427.526    4.60    43.0  0.1839E+03  0.1316E-05  0.1836E+03    65.0       99.81
   429.466    4.62    44.0  0.1931E+03  0.9824E-06  0.1927E+03    65.0       99.80
   431.405    4.64    45.0  0.2015E+03  0.7161E-06  0.2011E+03    65.0       99.78
   433.344    4.66    46.0  0.2090E+03  0.5128E-06  0.2086E+03    65.0       99.77
   435.284    4.68    47.0  0.2157E+03  0.3612E-06  0.2152E+03    65.0       99.75
   437.223    4.70    48.0  0.2215E+03  0.2544E-06  0.2209E+03    65.0       99.74
   439.163    4.72    49.0  0.2265E+03  0.1799E-06  0.2258E+03    65.0       99.72
   441.102    4.74    50.0  0.2307E+03  0.1283E-06  0.2300E+03    65.0       99.70
   443.041    4.76    51.0  0.2341E+03  0.9273E-07  0.2334E+03    65.0       99.68
   444.981    4.78    52.0  0.2368E+03  0.6832E-07  0.2360E+03    65.0       99.66
   446.920    4.81    53.0  0.2390E+03  0.5124E-07  0.2381E+03    65.0       99.63
   448.860    4.83    54.0  0.2406E+03  0.3906E-07  0.2396E+03    65.0       99.61
   450.799    4.85    55.0  0.2416E+03  0.3010E-07  0.2406E+03    65.0       99.58

     Querschnitte / mbarn

  E*/MeV   183At     184At     185At     186At     187At     188At     189At     190At     191At     192At  
    40.0 0.000E+00 0.000E+00 0.000E+00 0.000E+00 0.000E+00 0.000E+00 0.166E-06 0.214E-06 0.000E+00 0.000E+00
    41.0 0.000E+00 0.000E+00 0.000E+00 0.000E+00 0.000E+00 0.000E+00 0.152E-06 0.134E-06 0.000E+00 0.000E+00
    42.0 0.000E+00 0.000E+00 0.000E+00 0.000E+00 0.000E+00 0.000E+00 0.130E-06 0.826E-07 0.000E+00 0.000E+00
    43.0 0.000E+00 0.000E+00 0.000E+00 0.000E+00 0.000E+00 0.919E-13 0.105E-06 0.503E-07 0.000E+00 0.000E+00
    44.0 0.000E+00 0.000E+00 0.000E+00 0.000E+00 0.000E+00 0.138E-11 0.813E-07 0.303E-07 0.000E+00 0.000E+00
    45.0 0.000E+00 0.000E+00 0.000E+00 0.000E+00 0.000E+00 0.116E-10 0.606E-07 0.177E-07 0.000E+00 0.000E+00
    46.0 0.000E+00 0.000E+00 0.000E+00 0.000E+00 0.000E+00 0.631E-10 0.439E-07 0.990E-08 0.000E+00 0.000E+00
    47.0 0.000E+00 0.000E+00 0.000E+00 0.000E+00 0.000E+00 0.242E-09 0.310E-07 0.341E-08 0.000E+00 0.000E+00
    48.0 0.000E+00 0.000E+00 0.000E+00 0.000E+00 0.000E+00 0.693E-09 0.215E-07 0.131E-08 0.000E+00 0.000E+00
    49.0 0.000E+00 0.000E+00 0.000E+00 0.000E+00 0.000E+00 0.155E-08 0.146E-07 0.616E-09 0.000E+00 0.000E+00
    50.0 0.000E+00 0.000E+00 0.000E+00 0.000E+00 0.000E+00 0.279E-08 0.982E-08 0.220E-09 0.000E+00 0.000E+00
    51.0 0.000E+00 0.000E+00 0.000E+00 0.000E+00 0.000E+00 0.425E-08 0.653E-08 0.000E+00 0.000E+00 0.000E+00
    52.0 0.000E+00 0.000E+00 0.000E+00 0.000E+00 0.000E+00 0.564E-08 0.430E-08 0.000E+00 0.000E+00 0.000E+00
    53.0 0.000E+00 0.000E+00 0.000E+00 0.000E+00 0.000E+00 0.673E-08 0.281E-08 0.000E+00 0.000E+00 0.000E+00
    54.0 0.000E+00 0.000E+00 0.000E+00 0.000E+00 0.103E-14 0.735E-08 0.183E-08 0.000E+00 0.000E+00 0.000E+00
    55.0 0.000E+00 0.000E+00 0.000E+00 0.000E+00 0.115E-13 0.748E-08 0.118E-08 0.000E+00 0.000E+00 0.000E+00

  E*/MeV   182Po     183Po     184Po     185Po     186Po     187Po     188Po     189Po     190Po     191Po  
    40.0 0.000E+00 0.000E+00 0.000E+00 0.000E+00 0.000E+00 0.000E+00 0.246E-09 0.221E-05 0.272E-07 0.000E+00
    41.0 0.000E+00 0.000E+00 0.000E+00 0.000E+00 0.000E+00 0.000E+00 0.727E-09 0.186E-05 0.721E-08 0.000E+00
    42.0 0.000E+00 0.000E+00 0.000E+00 0.000E+00 0.000E+00 0.000E+00 0.177E-08 0.150E-05 0.635E-09 0.000E+00
    43.0 0.000E+00 0.000E+00 0.000E+00 0.000E+00 0.000E+00 0.000E+00 0.361E-08 0.116E-05 0.000E+00 0.000E+00
    44.0 0.000E+00 0.000E+00 0.000E+00 0.000E+00 0.000E+00 0.000E+00 0.635E-08 0.864E-06 0.000E+00 0.000E+00
    45.0 0.000E+00 0.000E+00 0.000E+00 0.000E+00 0.000E+00 0.000E+00 0.978E-08 0.628E-06 0.000E+00 0.000E+00
    46.0 0.000E+00 0.000E+00 0.000E+00 0.000E+00 0.000E+00 0.000E+00 0.134E-07 0.446E-06 0.000E+00 0.000E+00
    47.0 0.000E+00 0.000E+00 0.000E+00 0.000E+00 0.000E+00 0.000E+00 0.166E-07 0.310E-06 0.000E+00 0.000E+00
    48.0 0.000E+00 0.000E+00 0.000E+00 0.000E+00 0.000E+00 0.000E+00 0.190E-07 0.212E-06 0.000E+00 0.000E+00
    49.0 0.000E+00 0.000E+00 0.000E+00 0.000E+00 0.000E+00 0.100E-12 0.201E-07 0.143E-06 0.000E+00 0.000E+00
    50.0 0.000E+00 0.000E+00 0.000E+00 0.000E+00 0.000E+00 0.517E-12 0.200E-07 0.954E-07 0.000E+00 0.000E+00
    51.0 0.000E+00 0.000E+00 0.000E+00 0.000E+00 0.000E+00 0.215E-11 0.189E-07 0.631E-07 0.000E+00 0.000E+00
    52.0 0.000E+00 0.000E+00 0.000E+00 0.000E+00 0.000E+00 0.754E-11 0.170E-07 0.414E-07 0.000E+00 0.000E+00
    53.0 0.000E+00 0.000E+00 0.000E+00 0.000E+00 0.000E+00 0.226E-10 0.147E-07 0.269E-07 0.000E+00 0.000E+00
    54.0 0.000E+00 0.000E+00 0.000E+00 0.000E+00 0.000E+00 0.584E-10 0.124E-07 0.175E-07 0.000E+00 0.000E+00
    55.0 0.000E+00 0.000E+00 0.000E+00 0.000E+00 0.000E+00 0.132E-09 0.101E-07 0.112E-07 0.000E+00 0.000E+00

 HIVAP  CASOUT

   93Nb 99Ru 192At IFUS10 barfac0.46 sigr3.0 26/04/2024 15:42 Sitarcik  


     E_lab  A*MeV   E*/MeV     SI_fus      SI_VR     SI_Spalt  L_krit     b_Spalt

   452.738    4.87    56.0  0.2423E+03  0.2339E-07  0.2413E+03    65.0       99.55
   454.678    4.89    57.0  0.2427E+03  0.1813E-07  0.2415E+03    65.0       99.52
   456.617    4.91    58.0  0.2427E+03  0.1400E-07  0.2415E+03    65.0       99.49
   458.557    4.93    59.0  0.2425E+03  0.1057E-07  0.2412E+03    65.0       99.46
   460.496    4.95    60.0  0.2421E+03  0.8292E-08  0.2408E+03    65.0       99.43
   462.435    4.97    61.0  0.2416E+03  0.7213E-08  0.2401E+03    65.0       99.39
   464.375    4.99    62.0  0.2409E+03  0.6367E-08  0.2394E+03    65.0       99.36
   466.314    5.01    63.0  0.2402E+03  0.5687E-08  0.2385E+03    65.0       99.32
   468.253    5.03    64.0  0.2394E+03  0.5109E-08  0.2376E+03    65.0       99.28
   470.193    5.06    65.0  0.2385E+03  0.4594E-08  0.2367E+03    65.0       99.24
   472.132    5.08    66.0  0.2376E+03  0.4107E-08  0.2357E+03    65.0       99.20
   474.072    5.10    67.0  0.2366E+03  0.3636E-08  0.2346E+03    65.0       99.15
   476.011    5.12    68.0  0.2357E+03  0.3174E-08  0.2336E+03    65.0       99.11
   477.950    5.14    69.0  0.2348E+03  0.2718E-08  0.2325E+03    65.0       99.06
   479.890    5.16    70.0  0.2338E+03  0.2313E-08  0.2315E+03    65.0       99.01
   481.829    5.18    71.0  0.2329E+03  0.1947E-08  0.2305E+03    65.0       98.96

     Querschnitte / mbarn

  E*/MeV   183At     184At     185At     186At     187At     188At     189At     190At     191At     192At  
    56.0 0.000E+00 0.000E+00 0.000E+00 0.000E+00 0.829E-13 0.720E-08 0.754E-09 0.000E+00 0.000E+00 0.000E+00
    57.0 0.000E+00 0.000E+00 0.000E+00 0.000E+00 0.411E-12 0.659E-08 0.469E-09 0.000E+00 0.000E+00 0.000E+00
    58.0 0.000E+00 0.000E+00 0.000E+00 0.000E+00 0.148E-11 0.580E-08 0.260E-09 0.000E+00 0.000E+00 0.000E+00
    59.0 0.000E+00 0.000E+00 0.000E+00 0.000E+00 0.408E-11 0.494E-08 0.301E-10 0.000E+00 0.000E+00 0.000E+00
    60.0 0.000E+00 0.000E+00 0.000E+00 0.000E+00 0.900E-11 0.408E-08 0.000E+00 0.000E+00 0.000E+00 0.000E+00
    61.0 0.000E+00 0.000E+00 0.000E+00 0.000E+00 0.166E-10 0.330E-08 0.000E+00 0.000E+00 0.000E+00 0.000E+00
    62.0 0.000E+00 0.000E+00 0.000E+00 0.000E+00 0.265E-10 0.260E-08 0.000E+00 0.000E+00 0.000E+00 0.000E+00
    63.0 0.000E+00 0.000E+00 0.000E+00 0.000E+00 0.376E-10 0.202E-08 0.000E+00 0.000E+00 0.000E+00 0.000E+00
    64.0 0.000E+00 0.000E+00 0.000E+00 0.000E+00 0.485E-10 0.154E-08 0.000E+00 0.000E+00 0.000E+00 0.000E+00
    65.0 0.000E+00 0.000E+00 0.000E+00 0.000E+00 0.579E-10 0.116E-08 0.000E+00 0.000E+00 0.000E+00 0.000E+00
    66.0 0.000E+00 0.000E+00 0.000E+00 0.000E+00 0.648E-10 0.863E-09 0.000E+00 0.000E+00 0.000E+00 0.000E+00
    67.0 0.000E+00 0.000E+00 0.000E+00 0.000E+00 0.686E-10 0.635E-09 0.000E+00 0.000E+00 0.000E+00 0.000E+00
    68.0 0.000E+00 0.000E+00 0.000E+00 0.211E-15 0.693E-10 0.463E-09 0.000E+00 0.000E+00 0.000E+00 0.000E+00
    69.0 0.000E+00 0.000E+00 0.000E+00 0.133E-14 0.672E-10 0.335E-09 0.000E+00 0.000E+00 0.000E+00 0.000E+00
    70.0 0.000E+00 0.000E+00 0.000E+00 0.635E-14 0.630E-10 0.241E-09 0.000E+00 0.000E+00 0.000E+00 0.000E+00
    71.0 0.000E+00 0.000E+00 0.000E+00 0.239E-13 0.574E-10 0.172E-09 0.000E+00 0.000E+00 0.000E+00 0.000E+00

  E*/MeV   182Po     183Po     184Po     185Po     186Po     187Po     188Po     189Po     190Po     191Po  
    56.0 0.000E+00 0.000E+00 0.000E+00 0.000E+00 0.000E+00 0.265E-09 0.801E-08 0.717E-08 0.000E+00 0.000E+00
    57.0 0.000E+00 0.000E+00 0.000E+00 0.000E+00 0.000E+00 0.476E-09 0.623E-08 0.436E-08 0.000E+00 0.000E+00
    58.0 0.000E+00 0.000E+00 0.000E+00 0.000E+00 0.000E+00 0.770E-09 0.476E-08 0.240E-08 0.000E+00 0.000E+00
    59.0 0.000E+00 0.000E+00 0.000E+00 0.000E+00 0.000E+00 0.114E-08 0.358E-08 0.887E-09 0.000E+00 0.000E+00
    60.0 0.000E+00 0.000E+00 0.000E+00 0.000E+00 0.000E+00 0.155E-08 0.265E-08 0.000E+00 0.000E+00 0.000E+00
    61.0 0.000E+00 0.000E+00 0.000E+00 0.000E+00 0.247E-14 0.196E-08 0.194E-08 0.000E+00 0.000E+00 0.000E+00
    62.0 0.000E+00 0.000E+00 0.000E+00 0.000E+00 0.108E-13 0.234E-08 0.140E-08 0.000E+00 0.000E+00 0.000E+00
    63.0 0.000E+00 0.000E+00 0.000E+00 0.000E+00 0.393E-13 0.263E-08 0.100E-08 0.000E+00 0.000E+00 0.000E+00
    64.0 0.000E+00 0.000E+00 0.000E+00 0.000E+00 0.121E-12 0.281E-08 0.709E-09 0.000E+00 0.000E+00 0.000E+00
    65.0 0.000E+00 0.000E+00 0.000E+00 0.000E+00 0.321E-12 0.288E-08 0.496E-09 0.000E+00 0.000E+00 0.000E+00
    66.0 0.000E+00 0.000E+00 0.000E+00 0.000E+00 0.747E-12 0.284E-08 0.339E-09 0.000E+00 0.000E+00 0.000E+00
    67.0 0.000E+00 0.000E+00 0.000E+00 0.000E+00 0.154E-11 0.271E-08 0.225E-09 0.000E+00 0.000E+00 0.000E+00
    68.0 0.000E+00 0.000E+00 0.000E+00 0.000E+00 0.286E-11 0.250E-08 0.135E-09 0.000E+00 0.000E+00 0.000E+00
    69.0 0.000E+00 0.000E+00 0.000E+00 0.000E+00 0.483E-11 0.225E-08 0.560E-10 0.000E+00 0.000E+00 0.000E+00
    70.0 0.000E+00 0.000E+00 0.000E+00 0.000E+00 0.750E-11 0.198E-08 0.187E-10 0.000E+00 0.000E+00 0.000E+00
    71.0 0.000E+00 0.000E+00 0.000E+00 0.000E+00 0.108E-10 0.171E-08 0.000E+00 0.000E+00 0.000E+00 0.000E+00

 HIVAP  CASOUT

   93Nb 99Ru 192At IFUS10 barfac0.46 sigr3.0 26/04/2024 15:42 Sitarcik  


     E_lab  A*MeV   E*/MeV     SI_fus      SI_VR     SI_Spalt  L_krit     b_Spalt

   483.769    5.20    72.0  0.2319E+03  0.1630E-08  0.2294E+03    65.0       98.91
   485.708    5.22    73.0  0.2310E+03  0.1347E-08  0.2284E+03    65.0       98.86
   487.647    5.24    74.0  0.2301E+03  0.1100E-08  0.2274E+03    65.0       98.81
   489.587    5.26    75.0  0.2292E+03  0.8900E-09  0.2263E+03    65.0       98.76
   491.526    5.29    76.0  0.2283E+03  0.7127E-09  0.2253E+03    65.0       98.70
   493.466    5.31    77.0  0.2274E+03  0.5652E-09  0.2243E+03    65.0       98.65
   495.405    5.33    78.0  0.2265E+03  0.4440E-09  0.2233E+03    65.0       98.59
   497.344    5.35    79.0  0.2256E+03  0.3483E-09  0.2223E+03    65.0       98.53
   499.284    5.37    80.0  0.2247E+03  0.2754E-09  0.2213E+03    65.0       98.47
   501.223    5.39    81.0  0.2239E+03  0.2176E-09  0.2203E+03    65.0       98.41
   503.163    5.41    82.0  0.2230E+03  0.1714E-09  0.2193E+03    65.0       98.34
   505.102    5.43    83.0  0.2221E+03  0.1350E-09  0.2183E+03    65.0       98.28
   507.041    5.45    84.0  0.2213E+03  0.1065E-09  0.2173E+03    65.0       98.22
   508.981    5.47    85.0  0.2204E+03  0.8434E-10  0.2164E+03    65.0       98.15
   510.920    5.49    86.0  0.2196E+03  0.6585E-10  0.2154E+03    65.0       98.08
   512.860    5.51    87.0  0.2188E+03  0.5136E-10  0.2144E+03    65.0       98.01

     Querschnitte / mbarn

  E*/MeV   183At     184At     185At     186At     187At     188At     189At     190At     191At     192At  
    72.0 0.000E+00 0.000E+00 0.000E+00 0.728E-13 0.508E-10 0.122E-09 0.000E+00 0.000E+00 0.000E+00 0.000E+00
    73.0 0.000E+00 0.000E+00 0.000E+00 0.185E-12 0.440E-10 0.858E-10 0.000E+00 0.000E+00 0.000E+00 0.000E+00
    74.0 0.000E+00 0.000E+00 0.000E+00 0.402E-12 0.374E-10 0.596E-10 0.000E+00 0.000E+00 0.000E+00 0.000E+00
    75.0 0.000E+00 0.000E+00 0.000E+00 0.761E-12 0.311E-10 0.411E-10 0.000E+00 0.000E+00 0.000E+00 0.000E+00
    76.0 0.000E+00 0.000E+00 0.000E+00 0.129E-11 0.255E-10 0.266E-10 0.000E+00 0.000E+00 0.000E+00 0.000E+00
    77.0 0.000E+00 0.000E+00 0.000E+00 0.197E-11 0.207E-10 0.148E-10 0.000E+00 0.000E+00 0.000E+00 0.000E+00
    78.0 0.000E+00 0.000E+00 0.000E+00 0.278E-11 0.165E-10 0.520E-11 0.000E+00 0.000E+00 0.000E+00 0.000E+00
    79.0 0.000E+00 0.000E+00 0.000E+00 0.366E-11 0.130E-10 0.000E+00 0.000E+00 0.000E+00 0.000E+00 0.000E+00
    80.0 0.000E+00 0.000E+00 0.399E-17 0.453E-11 0.102E-10 0.000E+00 0.000E+00 0.000E+00 0.000E+00 0.000E+00
    81.0 0.000E+00 0.000E+00 0.203E-16 0.531E-11 0.790E-11 0.000E+00 0.000E+00 0.000E+00 0.000E+00 0.000E+00
    82.0 0.000E+00 0.000E+00 0.819E-16 0.595E-11 0.606E-11 0.000E+00 0.000E+00 0.000E+00 0.000E+00 0.000E+00
    83.0 0.000E+00 0.000E+00 0.268E-15 0.641E-11 0.461E-11 0.000E+00 0.000E+00 0.000E+00 0.000E+00 0.000E+00
    84.0 0.000E+00 0.000E+00 0.737E-15 0.667E-11 0.348E-11 0.000E+00 0.000E+00 0.000E+00 0.000E+00 0.000E+00
    85.0 0.000E+00 0.000E+00 0.174E-14 0.672E-11 0.260E-11 0.000E+00 0.000E+00 0.000E+00 0.000E+00 0.000E+00
    86.0 0.000E+00 0.000E+00 0.360E-14 0.658E-11 0.190E-11 0.000E+00 0.000E+00 0.000E+00 0.000E+00 0.000E+00
    87.0 0.000E+00 0.000E+00 0.668E-14 0.630E-11 0.137E-11 0.000E+00 0.000E+00 0.000E+00 0.000E+00 0.000E+00

  E*/MeV   182Po     183Po     184Po     185Po     186Po     187Po     188Po     189Po     190Po     191Po  
    72.0 0.000E+00 0.000E+00 0.000E+00 0.653E-15 0.145E-10 0.144E-08 0.000E+00 0.000E+00 0.000E+00 0.000E+00
    73.0 0.000E+00 0.000E+00 0.000E+00 0.209E-14 0.184E-10 0.120E-08 0.000E+00 0.000E+00 0.000E+00 0.000E+00
    74.0 0.000E+00 0.000E+00 0.000E+00 0.541E-14 0.222E-10 0.980E-09 0.000E+00 0.000E+00 0.000E+00 0.000E+00
    75.0 0.000E+00 0.000E+00 0.000E+00 0.118E-13 0.255E-10 0.792E-09 0.000E+00 0.000E+00 0.000E+00 0.000E+00
    76.0 0.000E+00 0.000E+00 0.000E+00 0.229E-13 0.280E-10 0.631E-09 0.000E+00 0.000E+00 0.000E+00 0.000E+00
    77.0 0.000E+00 0.000E+00 0.000E+00 0.410E-13 0.298E-10 0.498E-09 0.000E+00 0.000E+00 0.000E+00 0.000E+00
    78.0 0.000E+00 0.000E+00 0.000E+00 0.703E-13 0.306E-10 0.389E-09 0.000E+00 0.000E+00 0.000E+00 0.000E+00
    79.0 0.000E+00 0.000E+00 0.000E+00 0.118E-12 0.305E-10 0.301E-09 0.000E+00 0.000E+00 0.000E+00 0.000E+00
    80.0 0.000E+00 0.000E+00 0.000E+00 0.199E-12 0.296E-10 0.231E-09 0.000E+00 0.000E+00 0.000E+00 0.000E+00
    81.0 0.000E+00 0.000E+00 0.000E+00 0.331E-12 0.280E-10 0.176E-09 0.000E+00 0.000E+00 0.000E+00 0.000E+00
    82.0 0.000E+00 0.000E+00 0.000E+00 0.539E-12 0.259E-10 0.133E-09 0.000E+00 0.000E+00 0.000E+00 0.000E+00
    83.0 0.000E+00 0.000E+00 0.000E+00 0.852E-12 0.236E-10 0.996E-10 0.000E+00 0.000E+00 0.000E+00 0.000E+00
    84.0 0.000E+00 0.000E+00 0.000E+00 0.129E-11 0.210E-10 0.740E-10 0.000E+00 0.000E+00 0.000E+00 0.000E+00
    85.0 0.000E+00 0.000E+00 0.000E+00 0.187E-11 0.185E-10 0.547E-10 0.000E+00 0.000E+00 0.000E+00 0.000E+00
    86.0 0.000E+00 0.000E+00 0.000E+00 0.259E-11 0.160E-10 0.388E-10 0.000E+00 0.000E+00 0.000E+00 0.000E+00
    87.0 0.000E+00 0.000E+00 0.878E-17 0.343E-11 0.137E-10 0.266E-10 0.000E+00 0.000E+00 0.000E+00 0.000E+00

 HIVAP  CASOUT

   93Nb 99Ru 192At IFUS10 barfac0.46 sigr3.0 26/04/2024 15:42 Sitarcik  


     E_lab  A*MeV   E*/MeV     SI_fus      SI_VR     SI_Spalt  L_krit     b_Spalt

   514.799    5.54    88.0  0.2180E+03  0.3742E-10  0.2135E+03    65.0       97.95
   516.738    5.56    89.0  0.2171E+03  0.2784E-10  0.2125E+03    65.0       97.87
   518.678    5.58    90.0  0.2163E+03  0.2243E-10  0.2116E+03    65.0       97.80

     Querschnitte / mbarn

  E*/MeV   183At     184At     185At     186At     187At     188At     189At     190At     191At     192At  
    88.0 0.000E+00 0.000E+00 0.112E-13 0.589E-11 0.907E-12 0.000E+00 0.000E+00 0.000E+00 0.000E+00 0.000E+00
    89.0 0.000E+00 0.000E+00 0.174E-13 0.540E-11 0.491E-12 0.000E+00 0.000E+00 0.000E+00 0.000E+00 0.000E+00
    90.0 0.000E+00 0.000E+00 0.252E-13 0.487E-11 0.204E-12 0.000E+00 0.000E+00 0.000E+00 0.000E+00 0.000E+00

  E*/MeV   182Po     183Po     184Po     185Po     186Po     187Po     188Po     189Po     190Po     191Po  
    88.0 0.000E+00 0.000E+00 0.281E-16 0.435E-11 0.115E-10 0.147E-10 0.000E+00 0.000E+00 0.000E+00 0.000E+00
    89.0 0.000E+00 0.000E+00 0.799E-16 0.531E-11 0.960E-11 0.701E-11 0.000E+00 0.000E+00 0.000E+00 0.000E+00
    90.0 0.000E+00 0.000E+00 0.203E-15 0.625E-11 0.792E-11 0.316E-11 0.000E+00 0.000E+00 0.000E+00 0.000E+00
                                                                        
           



 Ende HIVAP 
