          Programm HIVAP,  Autor  W.Reisdorf   Version fuer "rzri6f" vom  7. 6. 1994

           Bearbeitung F.P.Heﬂberger
           
   93Nb 99Ru 192At IFUS10 barfac0.41 sigr3.0 05/04/2023 15:51 Sitarcik  
           

 Unterprogramm SEPENF

 benutzt Sierks Programm BARFIT 
 Q-Wert  -177.443 MeV
 Massen aus der Datei "mlz.dat" 

         Exp. Schaleneffekte,  SHELL0=    0.00
          At  183   At  184   At  185   At  186   At  187   At  188   At  189   At  190   At  191   At  192
             -0.16     -0.96     -0.15     -0.95     -0.13     -0.92     -0.10     -0.88     -0.07     -0.87
          Po  182   Po  183   Po  184   Po  185   Po  186   Po  187   Po  188   Po  189   Po  190   Po  191
              0.25     -0.41      0.51     -0.23      0.60     -0.21      0.55     -0.34      0.34     -0.63
          Bi  181   Bi  182   Bi  183   Bi  184   Bi  185   Bi  186   Bi  187   Bi  188   Bi  189   Bi  190
             -1.37     -2.02     -1.09     -1.82     -0.98     -1.79     -1.03     -1.92     -1.24     -2.20
          Pb  180   Pb  181   Pb  182   Pb  183   Pb  184   Pb  185   Pb  186   Pb  187   Pb  188   Pb  189
             -1.40     -2.05     -1.11     -1.85     -1.00     -1.81     -1.05     -1.94     -1.26     -2.22

           BARFAC=   0.410      BAR0=   0.000

          Separationsenergien (BN,BP,BA) und Spaltbarrieren
          At  183   At  184   At  185   At  186   At  187   At  188   At  189   At  190   At  191   At  192
             12.65     10.83     12.24     10.41     11.81     10.00     11.40      9.60     11.01      9.25
             -3.05     -2.63     -2.25     -1.92     -1.64     -1.40     -1.20     -1.04     -0.93     -0.82
            -10.29     -9.93     -9.63     -9.36     -9.14     -8.96     -8.83     -8.72     -8.66     -8.59
              1.78      2.69      1.97      2.87      2.16      3.04      2.32      3.20      2.49      3.39
             -0.81     -1.62     -0.81     -1.61     -0.80     -1.60     -0.80     -1.60     -0.80     -1.59
          Po  182   Po  183   Po  184   Po  185   Po  186   Po  187   Po  188   Po  189   Po  190   Po  191
             12.21     10.41     11.86     10.08     11.54      9.75     11.20      9.44     10.89      9.14
             -1.35     -1.08     -0.82     -0.54     -0.28     -0.02      0.24      0.50      0.75      1.01
            -10.37    -10.16     -9.96     -9.74     -9.53     -9.32     -9.12     -8.90     -8.69     -8.47
              1.75      2.52      1.71      2.56      1.83      2.75      2.10      3.09      2.53      3.59
              0.00     -0.81      0.00     -0.81      0.00     -0.80      0.00     -0.80      0.00     -0.80
          Bi  181   Bi  182   Bi  183   Bi  184   Bi  185   Bi  186   Bi  187   Bi  188   Bi  189   Bi  190
             11.94     10.14     11.60      9.81     11.27      9.49     10.95      9.18     10.64      8.88
             -2.58     -2.30     -2.03     -1.76     -1.49     -1.22     -0.96     -0.69     -0.43     -0.17
             -8.40     -8.19     -7.99     -7.78     -7.58     -7.36     -7.16     -6.93     -6.73     -6.50
              3.79      4.56      3.75      4.60      3.87      4.79      4.15      5.14      4.57      5.64
             -0.82     -1.63     -0.81     -1.62     -0.81     -1.61     -0.80     -1.60     -0.80     -1.60
          Pb  180   Pb  181   Pb  182   Pb  183   Pb  184   Pb  185   Pb  186   Pb  187   Pb  188   Pb  189
             11.67      9.86     11.33      9.54     11.00      9.22     10.68      8.92     10.38      8.62
              1.15      1.42      1.68      1.94      2.20      2.46      2.71      2.97      3.22      3.47
             -6.44     -6.22     -6.03     -5.81     -5.61     -5.39     -5.19     -4.97     -4.76     -4.54
              4.28      5.06      4.25      5.11      4.38      5.31      4.67      5.67      5.10      6.17
              0.00     -0.82      0.00     -0.81      0.00     -0.81      0.00     -0.80      0.00     -0.80

 benutzter Q-Wert  -177.443 MeV    effektiver Q-Wert  -177.443 MeV

 HIVAP  CASOUT

   93Nb 99Ru 192At IFUS10 barfac0.41 sigr3.0 05/04/2023 15:51 Sitarcik  


     E_lab  A*MeV   E*/MeV     SI_fus      SI_VR     SI_Spalt  L_krit     b_Spalt

   359.647    3.87     8.0  0.1378E-04  0.6085E-08  0.1378E-04     0.0       99.96
   361.587    3.89     9.0  0.7079E-04  0.2518E-07  0.7077E-04     0.0       99.96
   363.526    3.91    10.0  0.3534E-03  0.1333E-06  0.3533E-03     0.0       99.96
   365.466    3.93    11.0  0.1674E-02  0.6618E-06  0.1673E-02     0.0       99.96
   367.405    3.95    12.0  0.6929E-02  0.2600E-05  0.6927E-02     0.0       99.96
   369.344    3.97    13.0  0.2273E-01  0.7032E-05  0.2272E-01     0.0       99.97
   371.284    3.99    14.0  0.5918E-01  0.1255E-04  0.5917E-01     0.0       99.98
   373.223    4.01    15.0  0.1313E+00  0.1793E-04  0.1313E+00     0.0       99.99
   375.163    4.03    16.0  0.2639E+00  0.2333E-04  0.2639E+00     0.0       99.99
   377.102    4.05    17.0  0.4849E+00  0.2885E-04  0.4849E+00     0.0       99.99
   379.041    4.08    18.0  0.8351E+00  0.3438E-04  0.8350E+00     0.0      100.00
   380.981    4.10    19.0  0.1369E+01  0.3890E-04  0.1369E+01     0.0      100.00
   382.920    4.12    20.0  0.2149E+01  0.4140E-04  0.2149E+01     0.0      100.00
   384.860    4.14    21.0  0.3260E+01  0.4223E-04  0.3260E+01     0.0      100.00
   386.799    4.16    22.0  0.4784E+01  0.4266E-04  0.4783E+01     0.0       99.98
   388.738    4.18    23.0  0.6814E+01  0.4434E-04  0.6810E+01     0.0       99.95

     Querschnitte / mbarn

  E*/MeV   183At     184At     185At     186At     187At     188At     189At     190At     191At     192At  
     8.0 0.000E+00 0.000E+00 0.000E+00 0.000E+00 0.000E+00 0.000E+00 0.000E+00 0.000E+00 0.000E+00 0.417E-08
     9.0 0.000E+00 0.000E+00 0.000E+00 0.000E+00 0.000E+00 0.000E+00 0.000E+00 0.000E+00 0.000E+00 0.835E-08
    10.0 0.000E+00 0.000E+00 0.000E+00 0.000E+00 0.000E+00 0.000E+00 0.000E+00 0.000E+00 0.173E-09 0.155E-07
    11.0 0.000E+00 0.000E+00 0.000E+00 0.000E+00 0.000E+00 0.000E+00 0.000E+00 0.000E+00 0.125E-07 0.255E-07
    12.0 0.000E+00 0.000E+00 0.000E+00 0.000E+00 0.000E+00 0.000E+00 0.000E+00 0.000E+00 0.227E-06 0.323E-07
    13.0 0.000E+00 0.000E+00 0.000E+00 0.000E+00 0.000E+00 0.000E+00 0.000E+00 0.000E+00 0.120E-05 0.367E-07
    14.0 0.000E+00 0.000E+00 0.000E+00 0.000E+00 0.000E+00 0.000E+00 0.000E+00 0.000E+00 0.230E-05 0.425E-07
    15.0 0.000E+00 0.000E+00 0.000E+00 0.000E+00 0.000E+00 0.000E+00 0.000E+00 0.000E+00 0.312E-05 0.439E-07
    16.0 0.000E+00 0.000E+00 0.000E+00 0.000E+00 0.000E+00 0.000E+00 0.000E+00 0.000E+00 0.347E-05 0.459E-07
    17.0 0.000E+00 0.000E+00 0.000E+00 0.000E+00 0.000E+00 0.000E+00 0.000E+00 0.000E+00 0.342E-05 0.543E-07
    18.0 0.000E+00 0.000E+00 0.000E+00 0.000E+00 0.000E+00 0.000E+00 0.000E+00 0.000E+00 0.306E-05 0.531E-07
    19.0 0.000E+00 0.000E+00 0.000E+00 0.000E+00 0.000E+00 0.000E+00 0.000E+00 0.000E+00 0.258E-05 0.372E-07
    20.0 0.000E+00 0.000E+00 0.000E+00 0.000E+00 0.000E+00 0.000E+00 0.000E+00 0.000E+00 0.212E-05 0.149E-07
    21.0 0.000E+00 0.000E+00 0.000E+00 0.000E+00 0.000E+00 0.000E+00 0.000E+00 0.478E-10 0.165E-05 0.000E+00
    22.0 0.000E+00 0.000E+00 0.000E+00 0.000E+00 0.000E+00 0.000E+00 0.000E+00 0.185E-08 0.119E-05 0.000E+00
    23.0 0.000E+00 0.000E+00 0.000E+00 0.000E+00 0.000E+00 0.000E+00 0.000E+00 0.250E-07 0.863E-06 0.000E+00

  E*/MeV   182Po     183Po     184Po     185Po     186Po     187Po     188Po     189Po     190Po     191Po  
     8.0 0.000E+00 0.000E+00 0.000E+00 0.000E+00 0.000E+00 0.000E+00 0.000E+00 0.000E+00 0.000E+00 0.191E-08
     9.0 0.000E+00 0.000E+00 0.000E+00 0.000E+00 0.000E+00 0.000E+00 0.000E+00 0.000E+00 0.000E+00 0.167E-07
    10.0 0.000E+00 0.000E+00 0.000E+00 0.000E+00 0.000E+00 0.000E+00 0.000E+00 0.000E+00 0.000E+00 0.116E-06
    11.0 0.000E+00 0.000E+00 0.000E+00 0.000E+00 0.000E+00 0.000E+00 0.000E+00 0.000E+00 0.000E+00 0.611E-06
    12.0 0.000E+00 0.000E+00 0.000E+00 0.000E+00 0.000E+00 0.000E+00 0.000E+00 0.000E+00 0.000E+00 0.226E-05
    13.0 0.000E+00 0.000E+00 0.000E+00 0.000E+00 0.000E+00 0.000E+00 0.000E+00 0.000E+00 0.000E+00 0.542E-05
    14.0 0.000E+00 0.000E+00 0.000E+00 0.000E+00 0.000E+00 0.000E+00 0.000E+00 0.000E+00 0.000E+00 0.894E-05
    15.0 0.000E+00 0.000E+00 0.000E+00 0.000E+00 0.000E+00 0.000E+00 0.000E+00 0.000E+00 0.316E-10 0.115E-04
    16.0 0.000E+00 0.000E+00 0.000E+00 0.000E+00 0.000E+00 0.000E+00 0.000E+00 0.000E+00 0.483E-09 0.125E-04
    17.0 0.000E+00 0.000E+00 0.000E+00 0.000E+00 0.000E+00 0.000E+00 0.000E+00 0.000E+00 0.395E-08 0.120E-04
    18.0 0.000E+00 0.000E+00 0.000E+00 0.000E+00 0.000E+00 0.000E+00 0.000E+00 0.000E+00 0.211E-07 0.106E-04
    19.0 0.000E+00 0.000E+00 0.000E+00 0.000E+00 0.000E+00 0.000E+00 0.000E+00 0.000E+00 0.774E-07 0.886E-05
    20.0 0.000E+00 0.000E+00 0.000E+00 0.000E+00 0.000E+00 0.000E+00 0.000E+00 0.000E+00 0.210E-06 0.709E-05
    21.0 0.000E+00 0.000E+00 0.000E+00 0.000E+00 0.000E+00 0.000E+00 0.000E+00 0.000E+00 0.442E-06 0.551E-05
    22.0 0.000E+00 0.000E+00 0.000E+00 0.000E+00 0.000E+00 0.000E+00 0.000E+00 0.000E+00 0.740E-06 0.420E-05
    23.0 0.000E+00 0.000E+00 0.000E+00 0.000E+00 0.000E+00 0.000E+00 0.000E+00 0.000E+00 0.103E-05 0.317E-05

  E*/MeV   181Bi     182Bi     183Bi     184Bi     185Bi     186Bi     187Bi     188Bi     189Bi     190Bi  
     8.0 0.000E+00 0.000E+00 0.000E+00 0.000E+00 0.000E+00 0.000E+00 0.000E+00 0.110E-10 0.000E+00 0.000E+00
     9.0 0.000E+00 0.000E+00 0.000E+00 0.000E+00 0.000E+00 0.000E+00 0.000E+00 0.137E-09 0.000E+00 0.000E+00
    10.0 0.000E+00 0.000E+00 0.000E+00 0.000E+00 0.000E+00 0.000E+00 0.000E+00 0.146E-08 0.000E+00 0.000E+00
    11.0 0.000E+00 0.000E+00 0.000E+00 0.000E+00 0.000E+00 0.000E+00 0.000E+00 0.123E-07 0.000E+00 0.153E-12
    12.0 0.000E+00 0.000E+00 0.000E+00 0.000E+00 0.000E+00 0.000E+00 0.000E+00 0.832E-07 0.000E+00 0.516E-11
    13.0 0.000E+00 0.000E+00 0.000E+00 0.000E+00 0.000E+00 0.000E+00 0.000E+00 0.379E-06 0.000E+00 0.755E-10
    14.0 0.000E+00 0.000E+00 0.000E+00 0.000E+00 0.000E+00 0.000E+00 0.000E+00 0.126E-05 0.000E+00 0.637E-09
    15.0 0.000E+00 0.000E+00 0.000E+00 0.000E+00 0.000E+00 0.000E+00 0.000E+00 0.330E-05 0.000E+00 0.384E-08
    16.0 0.000E+00 0.000E+00 0.000E+00 0.000E+00 0.000E+00 0.000E+00 0.000E+00 0.726E-05 0.000E+00 0.180E-07
    17.0 0.000E+00 0.000E+00 0.000E+00 0.000E+00 0.000E+00 0.000E+00 0.143E-10 0.132E-04 0.000E+00 0.666E-07
    18.0 0.000E+00 0.000E+00 0.000E+00 0.000E+00 0.000E+00 0.000E+00 0.256E-09 0.202E-04 0.000E+00 0.210E-06
    19.0 0.000E+00 0.000E+00 0.000E+00 0.000E+00 0.000E+00 0.000E+00 0.186E-08 0.264E-04 0.000E+00 0.575E-06
    20.0 0.000E+00 0.000E+00 0.000E+00 0.000E+00 0.000E+00 0.000E+00 0.954E-08 0.298E-04 0.000E+00 0.139E-05
    21.0 0.000E+00 0.000E+00 0.000E+00 0.000E+00 0.000E+00 0.000E+00 0.383E-07 0.302E-04 0.000E+00 0.298E-05
    22.0 0.000E+00 0.000E+00 0.000E+00 0.000E+00 0.000E+00 0.000E+00 0.125E-06 0.279E-04 0.467E-11 0.569E-05
    23.0 0.000E+00 0.000E+00 0.000E+00 0.000E+00 0.000E+00 0.000E+00 0.344E-06 0.241E-04 0.421E-10 0.972E-05

  E*/MeV   180Pb     181Pb     182Pb     183Pb     184Pb     185Pb     186Pb     187Pb     188Pb     189Pb  
     8.0 0.000E+00 0.000E+00 0.000E+00 0.000E+00 0.000E+00 0.000E+00 0.000E+00 0.000E+00 0.000E+00 0.000E+00
     9.0 0.000E+00 0.000E+00 0.000E+00 0.000E+00 0.000E+00 0.000E+00 0.000E+00 0.000E+00 0.000E+00 0.000E+00
    10.0 0.000E+00 0.000E+00 0.000E+00 0.000E+00 0.000E+00 0.000E+00 0.000E+00 0.000E+00 0.000E+00 0.000E+00
    11.0 0.000E+00 0.000E+00 0.000E+00 0.000E+00 0.000E+00 0.000E+00 0.000E+00 0.165E-11 0.000E+00 0.000E+00
    12.0 0.000E+00 0.000E+00 0.000E+00 0.000E+00 0.000E+00 0.000E+00 0.000E+00 0.711E-10 0.000E+00 0.000E+00
    13.0 0.000E+00 0.000E+00 0.000E+00 0.000E+00 0.000E+00 0.000E+00 0.000E+00 0.534E-09 0.000E+00 0.000E+00
    14.0 0.000E+00 0.000E+00 0.000E+00 0.000E+00 0.000E+00 0.000E+00 0.000E+00 0.264E-08 0.000E+00 0.000E+00
    15.0 0.000E+00 0.000E+00 0.000E+00 0.000E+00 0.000E+00 0.000E+00 0.000E+00 0.974E-08 0.000E+00 0.000E+00
    16.0 0.000E+00 0.000E+00 0.000E+00 0.000E+00 0.000E+00 0.000E+00 0.000E+00 0.298E-07 0.000E+00 0.132E-12
    17.0 0.000E+00 0.000E+00 0.000E+00 0.000E+00 0.000E+00 0.000E+00 0.000E+00 0.755E-07 0.000E+00 0.262E-11
    18.0 0.000E+00 0.000E+00 0.000E+00 0.000E+00 0.000E+00 0.000E+00 0.000E+00 0.170E-06 0.000E+00 0.257E-10
    19.0 0.000E+00 0.000E+00 0.000E+00 0.000E+00 0.000E+00 0.000E+00 0.000E+00 0.355E-06 0.000E+00 0.162E-09
    20.0 0.000E+00 0.000E+00 0.000E+00 0.000E+00 0.000E+00 0.000E+00 0.000E+00 0.722E-06 0.000E+00 0.743E-09
    21.0 0.000E+00 0.000E+00 0.000E+00 0.000E+00 0.000E+00 0.000E+00 0.000E+00 0.145E-05 0.000E+00 0.264E-08
    22.0 0.000E+00 0.000E+00 0.000E+00 0.000E+00 0.000E+00 0.000E+00 0.306E-12 0.280E-05 0.000E+00 0.757E-08
    23.0 0.000E+00 0.000E+00 0.000E+00 0.000E+00 0.000E+00 0.000E+00 0.199E-10 0.506E-05 0.000E+00 0.184E-07

 Z-Verteilung  
 E*/MeV     Pb         Bi         Po         At  
    8.0  0.000E+00 0.110E-10 0.191E-08 0.417E-08
    9.0  0.000E+00 0.137E-09 0.167E-07 0.835E-08
   10.0  0.000E+00 0.146E-08 0.116E-06 0.157E-07
   11.0  0.165E-11 0.123E-07 0.611E-06 0.381E-07
   12.0  0.711E-10 0.832E-07 0.226E-05 0.260E-06
   13.0  0.534E-09 0.379E-06 0.542E-05 0.123E-05
   14.0  0.264E-08 0.126E-05 0.894E-05 0.234E-05
   15.0  0.974E-08 0.330E-05 0.115E-04 0.316E-05
   16.0  0.298E-07 0.728E-05 0.125E-04 0.352E-05
   17.0  0.755E-07 0.133E-04 0.120E-04 0.348E-05
   18.0  0.170E-06 0.205E-04 0.107E-04 0.311E-05
   19.0  0.355E-06 0.270E-04 0.894E-05 0.261E-05
   20.0  0.722E-06 0.312E-04 0.730E-05 0.214E-05
   21.0  0.146E-05 0.332E-04 0.595E-05 0.165E-05
   22.0  0.281E-05 0.337E-04 0.494E-05 0.119E-05
   23.0  0.508E-05 0.342E-04 0.420E-05 0.888E-06

 Z und A Mittelwerte    
   E*/MeV     MW.Z  St.Abw.Z      MW.A  St.Abw.A
     8.0     84.68      0.47    191.68      0.49
     9.0     84.33      0.48    191.32      0.53
    10.0     84.11      0.34    191.08      0.46
    11.0     84.04      0.27    190.98      0.45
    12.0     84.07      0.36    190.92      0.54
    13.0     84.12      0.46    190.84      0.68
    14.0     84.09      0.53    190.70      0.91
    15.0     83.99      0.60    190.45      1.17
    16.0     83.84      0.66    190.06      1.39
    17.0     83.66      0.69    189.62      1.50
    18.0     83.49      0.66    189.21      1.48
    19.0     83.35      0.62    188.91      1.38
    20.0     83.26      0.58    188.73      1.28
    21.0     83.18      0.55    188.64      1.22
    22.0     83.11      0.53    188.61      1.20
    23.0     83.02      0.54    188.64      1.23

 HIVAP  CASOUT

   93Nb 99Ru 192At IFUS10 barfac0.41 sigr3.0 05/04/2023 15:51 Sitarcik  


     E_lab  A*MeV   E*/MeV     SI_fus      SI_VR     SI_Spalt  L_krit     b_Spalt

   390.678    4.20    24.0  0.9442E+01  0.4825E-04  0.9431E+01     2.0       99.88
   392.617    4.22    25.0  0.1275E+02  0.5445E-04  0.1273E+02    17.0       99.82
   394.557    4.24    26.0  0.1685E+02  0.6219E-04  0.1680E+02    24.0       99.74
   396.496    4.26    27.0  0.2177E+02  0.6914E-04  0.2170E+02    30.0       99.66
   398.435    4.28    28.0  0.2760E+02  0.7321E-04  0.2747E+02    35.0       99.54
   400.375    4.31    29.0  0.3438E+02  0.7346E-04  0.3418E+02    65.0       99.44
   402.314    4.33    30.0  0.4207E+02  0.6969E-04  0.4178E+02    65.0       99.31
   404.253    4.35    31.0  0.5069E+02  0.6308E-04  0.5028E+02    65.0       99.19
   406.193    4.37    32.0  0.6019E+02  0.5501E-04  0.5961E+02    65.0       99.04
   408.132    4.39    33.0  0.7042E+02  0.4691E-04  0.6964E+02    65.0       98.90
   410.072    4.41    34.0  0.8136E+02  0.3981E-04  0.8032E+02    65.0       98.72
   412.011    4.43    35.0  0.9279E+02  0.3406E-04  0.9145E+02    65.0       98.56
   413.950    4.45    36.0  0.1046E+03  0.2962E-04  0.1029E+03    65.0       98.38
   415.890    4.47    37.0  0.1166E+03  0.2613E-04  0.1145E+03    65.0       98.23
   417.829    4.49    38.0  0.1286E+03  0.2320E-04  0.1262E+03    65.0       98.07
   419.769    4.51    39.0  0.1405E+03  0.2053E-04  0.1376E+03    65.0       97.90

     Querschnitte / mbarn

  E*/MeV   183At     184At     185At     186At     187At     188At     189At     190At     191At     192At  
    24.0 0.000E+00 0.000E+00 0.000E+00 0.000E+00 0.000E+00 0.000E+00 0.000E+00 0.154E-06 0.663E-06 0.000E+00
    25.0 0.000E+00 0.000E+00 0.000E+00 0.000E+00 0.000E+00 0.000E+00 0.000E+00 0.535E-06 0.566E-06 0.000E+00
    26.0 0.000E+00 0.000E+00 0.000E+00 0.000E+00 0.000E+00 0.000E+00 0.000E+00 0.122E-05 0.530E-06 0.000E+00
    27.0 0.000E+00 0.000E+00 0.000E+00 0.000E+00 0.000E+00 0.000E+00 0.000E+00 0.186E-05 0.506E-06 0.000E+00
    28.0 0.000E+00 0.000E+00 0.000E+00 0.000E+00 0.000E+00 0.000E+00 0.000E+00 0.220E-05 0.356E-06 0.000E+00
    29.0 0.000E+00 0.000E+00 0.000E+00 0.000E+00 0.000E+00 0.000E+00 0.000E+00 0.222E-05 0.220E-06 0.000E+00
    30.0 0.000E+00 0.000E+00 0.000E+00 0.000E+00 0.000E+00 0.000E+00 0.000E+00 0.199E-05 0.125E-06 0.000E+00
    31.0 0.000E+00 0.000E+00 0.000E+00 0.000E+00 0.000E+00 0.000E+00 0.396E-12 0.166E-05 0.689E-07 0.000E+00
    32.0 0.000E+00 0.000E+00 0.000E+00 0.000E+00 0.000E+00 0.000E+00 0.129E-10 0.130E-05 0.376E-07 0.000E+00
    33.0 0.000E+00 0.000E+00 0.000E+00 0.000E+00 0.000E+00 0.000E+00 0.154E-09 0.971E-06 0.203E-07 0.000E+00
    34.0 0.000E+00 0.000E+00 0.000E+00 0.000E+00 0.000E+00 0.000E+00 0.949E-09 0.700E-06 0.109E-07 0.000E+00
    35.0 0.000E+00 0.000E+00 0.000E+00 0.000E+00 0.000E+00 0.000E+00 0.345E-08 0.488E-06 0.000E+00 0.000E+00
    36.0 0.000E+00 0.000E+00 0.000E+00 0.000E+00 0.000E+00 0.000E+00 0.813E-08 0.331E-06 0.000E+00 0.000E+00
    37.0 0.000E+00 0.000E+00 0.000E+00 0.000E+00 0.000E+00 0.000E+00 0.138E-07 0.220E-06 0.000E+00 0.000E+00
    38.0 0.000E+00 0.000E+00 0.000E+00 0.000E+00 0.000E+00 0.000E+00 0.184E-07 0.145E-06 0.000E+00 0.000E+00
    39.0 0.000E+00 0.000E+00 0.000E+00 0.000E+00 0.000E+00 0.000E+00 0.210E-07 0.955E-07 0.000E+00 0.000E+00

  E*/MeV   182Po     183Po     184Po     185Po     186Po     187Po     188Po     189Po     190Po     191Po  
    24.0 0.000E+00 0.000E+00 0.000E+00 0.000E+00 0.000E+00 0.000E+00 0.000E+00 0.000E+00 0.122E-05 0.240E-05
    25.0 0.000E+00 0.000E+00 0.000E+00 0.000E+00 0.000E+00 0.000E+00 0.000E+00 0.281E-12 0.128E-05 0.182E-05
    26.0 0.000E+00 0.000E+00 0.000E+00 0.000E+00 0.000E+00 0.000E+00 0.000E+00 0.517E-11 0.121E-05 0.137E-05
    27.0 0.000E+00 0.000E+00 0.000E+00 0.000E+00 0.000E+00 0.000E+00 0.000E+00 0.470E-10 0.105E-05 0.994E-06
    28.0 0.000E+00 0.000E+00 0.000E+00 0.000E+00 0.000E+00 0.000E+00 0.000E+00 0.301E-09 0.859E-06 0.674E-06
    29.0 0.000E+00 0.000E+00 0.000E+00 0.000E+00 0.000E+00 0.000E+00 0.000E+00 0.149E-08 0.665E-06 0.427E-06
    30.0 0.000E+00 0.000E+00 0.000E+00 0.000E+00 0.000E+00 0.000E+00 0.000E+00 0.575E-08 0.493E-06 0.246E-06
    31.0 0.000E+00 0.000E+00 0.000E+00 0.000E+00 0.000E+00 0.000E+00 0.000E+00 0.176E-07 0.352E-06 0.136E-06
    32.0 0.000E+00 0.000E+00 0.000E+00 0.000E+00 0.000E+00 0.000E+00 0.000E+00 0.438E-07 0.244E-06 0.710E-07
    33.0 0.000E+00 0.000E+00 0.000E+00 0.000E+00 0.000E+00 0.000E+00 0.000E+00 0.902E-07 0.165E-06 0.361E-07
    34.0 0.000E+00 0.000E+00 0.000E+00 0.000E+00 0.000E+00 0.000E+00 0.000E+00 0.157E-06 0.109E-06 0.182E-07
    35.0 0.000E+00 0.000E+00 0.000E+00 0.000E+00 0.000E+00 0.000E+00 0.000E+00 0.233E-06 0.703E-07 0.975E-08
    36.0 0.000E+00 0.000E+00 0.000E+00 0.000E+00 0.000E+00 0.000E+00 0.000E+00 0.303E-06 0.445E-07 0.520E-08
    37.0 0.000E+00 0.000E+00 0.000E+00 0.000E+00 0.000E+00 0.000E+00 0.110E-12 0.351E-06 0.276E-07 0.000E+00
    38.0 0.000E+00 0.000E+00 0.000E+00 0.000E+00 0.000E+00 0.000E+00 0.807E-12 0.369E-06 0.167E-07 0.000E+00
    39.0 0.000E+00 0.000E+00 0.000E+00 0.000E+00 0.000E+00 0.000E+00 0.420E-11 0.357E-06 0.901E-08 0.000E+00

  E*/MeV   181Bi     182Bi     183Bi     184Bi     185Bi     186Bi     187Bi     188Bi     189Bi     190Bi  
    24.0 0.000E+00 0.000E+00 0.000E+00 0.000E+00 0.000E+00 0.000E+00 0.815E-06 0.197E-04 0.278E-09 0.148E-04
    25.0 0.000E+00 0.000E+00 0.000E+00 0.000E+00 0.000E+00 0.000E+00 0.166E-05 0.154E-04 0.143E-08 0.203E-04
    26.0 0.000E+00 0.000E+00 0.000E+00 0.000E+00 0.000E+00 0.000E+00 0.295E-05 0.115E-04 0.603E-08 0.251E-04
    27.0 0.000E+00 0.000E+00 0.000E+00 0.000E+00 0.000E+00 0.000E+00 0.450E-05 0.840E-05 0.211E-07 0.283E-04
    28.0 0.000E+00 0.000E+00 0.000E+00 0.000E+00 0.000E+00 0.000E+00 0.596E-05 0.600E-05 0.632E-07 0.294E-04
    29.0 0.000E+00 0.000E+00 0.000E+00 0.000E+00 0.000E+00 0.559E-11 0.690E-05 0.428E-05 0.163E-06 0.283E-04
    30.0 0.000E+00 0.000E+00 0.000E+00 0.000E+00 0.000E+00 0.457E-10 0.710E-05 0.307E-05 0.369E-06 0.254E-04
    31.0 0.000E+00 0.000E+00 0.000E+00 0.000E+00 0.000E+00 0.242E-09 0.662E-05 0.222E-05 0.735E-06 0.216E-04
    32.0 0.000E+00 0.000E+00 0.000E+00 0.000E+00 0.000E+00 0.988E-09 0.569E-05 0.161E-05 0.130E-05 0.174E-04
    33.0 0.000E+00 0.000E+00 0.000E+00 0.000E+00 0.000E+00 0.336E-08 0.457E-05 0.113E-05 0.204E-05 0.135E-04
    34.0 0.000E+00 0.000E+00 0.000E+00 0.000E+00 0.000E+00 0.980E-08 0.349E-05 0.768E-06 0.289E-05 0.100E-04
    35.0 0.000E+00 0.000E+00 0.000E+00 0.000E+00 0.000E+00 0.249E-07 0.254E-05 0.494E-06 0.372E-05 0.722E-05
    36.0 0.000E+00 0.000E+00 0.000E+00 0.000E+00 0.000E+00 0.560E-07 0.179E-05 0.298E-06 0.436E-05 0.506E-05
    37.0 0.000E+00 0.000E+00 0.000E+00 0.000E+00 0.000E+00 0.112E-06 0.122E-05 0.170E-06 0.471E-05 0.345E-05
    38.0 0.000E+00 0.000E+00 0.000E+00 0.000E+00 0.000E+00 0.199E-06 0.814E-06 0.929E-07 0.474E-05 0.231E-05
    39.0 0.000E+00 0.000E+00 0.000E+00 0.000E+00 0.000E+00 0.317E-06 0.532E-06 0.479E-07 0.447E-05 0.151E-05

  E*/MeV   180Pb     181Pb     182Pb     183Pb     184Pb     185Pb     186Pb     187Pb     188Pb     189Pb  
    24.0 0.000E+00 0.000E+00 0.000E+00 0.000E+00 0.000E+00 0.000E+00 0.108E-09 0.844E-05 0.000E+00 0.390E-07
    25.0 0.000E+00 0.000E+00 0.000E+00 0.000E+00 0.000E+00 0.000E+00 0.478E-09 0.129E-04 0.000E+00 0.752E-07
    26.0 0.000E+00 0.000E+00 0.000E+00 0.000E+00 0.000E+00 0.000E+00 0.182E-08 0.181E-04 0.000E+00 0.137E-06
    27.0 0.000E+00 0.000E+00 0.000E+00 0.000E+00 0.000E+00 0.000E+00 0.604E-08 0.232E-04 0.000E+00 0.241E-06
    28.0 0.000E+00 0.000E+00 0.000E+00 0.000E+00 0.000E+00 0.000E+00 0.178E-07 0.273E-04 0.553E-13 0.411E-06
    29.0 0.000E+00 0.000E+00 0.000E+00 0.000E+00 0.000E+00 0.000E+00 0.470E-07 0.296E-04 0.439E-12 0.680E-06
    30.0 0.000E+00 0.000E+00 0.000E+00 0.000E+00 0.000E+00 0.000E+00 0.112E-06 0.297E-04 0.134E-10 0.108E-05
    31.0 0.000E+00 0.000E+00 0.000E+00 0.000E+00 0.000E+00 0.000E+00 0.241E-06 0.278E-04 0.562E-10 0.164E-05
    32.0 0.000E+00 0.000E+00 0.000E+00 0.000E+00 0.000E+00 0.000E+00 0.472E-06 0.245E-04 0.203E-09 0.236E-05
    33.0 0.000E+00 0.000E+00 0.000E+00 0.000E+00 0.000E+00 0.714E-11 0.839E-06 0.204E-04 0.644E-09 0.319E-05
    34.0 0.000E+00 0.000E+00 0.000E+00 0.000E+00 0.000E+00 0.342E-10 0.136E-05 0.162E-04 0.183E-08 0.408E-05
    35.0 0.000E+00 0.000E+00 0.000E+00 0.000E+00 0.000E+00 0.124E-09 0.201E-05 0.123E-04 0.470E-08 0.491E-05
    36.0 0.000E+00 0.000E+00 0.000E+00 0.000E+00 0.000E+00 0.374E-09 0.272E-05 0.905E-05 0.110E-07 0.558E-05
    37.0 0.000E+00 0.000E+00 0.000E+00 0.000E+00 0.000E+00 0.966E-09 0.339E-05 0.645E-05 0.236E-07 0.599E-05
    38.0 0.000E+00 0.000E+00 0.000E+00 0.000E+00 0.000E+00 0.218E-08 0.389E-05 0.446E-05 0.466E-07 0.610E-05
    39.0 0.000E+00 0.000E+00 0.000E+00 0.000E+00 0.000E+00 0.436E-08 0.414E-05 0.302E-05 0.850E-07 0.592E-05

 Z-Verteilung  
 E*/MeV     Pb         Bi         Po         At  
   24.0  0.848E-05 0.353E-04 0.362E-05 0.817E-06
   25.0  0.130E-04 0.373E-04 0.309E-05 0.110E-05
   26.0  0.182E-04 0.396E-04 0.258E-05 0.175E-05
   27.0  0.235E-04 0.413E-04 0.205E-05 0.236E-05
   28.0  0.277E-04 0.414E-04 0.153E-05 0.256E-05
   29.0  0.303E-04 0.396E-04 0.109E-05 0.244E-05
   30.0  0.309E-04 0.360E-04 0.744E-06 0.212E-05
   31.0  0.297E-04 0.312E-04 0.505E-06 0.173E-05
   32.0  0.273E-04 0.260E-04 0.359E-06 0.134E-05
   33.0  0.244E-04 0.212E-04 0.291E-06 0.991E-06
   34.0  0.216E-04 0.172E-04 0.284E-06 0.711E-06
   35.0  0.193E-04 0.140E-04 0.313E-06 0.491E-06
   36.0  0.174E-04 0.116E-04 0.353E-06 0.339E-06
   37.0  0.158E-04 0.967E-05 0.379E-06 0.234E-06
   38.0  0.145E-04 0.815E-05 0.386E-06 0.163E-06
   39.0  0.132E-04 0.688E-05 0.366E-06 0.117E-06

 Z und A Mittelwerte    
   E*/MeV     MW.Z  St.Abw.Z      MW.A  St.Abw.A
    24.0     82.93      0.56    188.67      1.29
    25.0     82.86      0.60    188.68      1.35
    26.0     82.80      0.64    188.64      1.41
    27.0     82.76      0.67    188.57      1.44
    28.0     82.71      0.68    188.48      1.46
    29.0     82.67      0.67    188.39      1.46
    30.0     82.63      0.66    188.31      1.45
    31.0     82.59      0.65    188.24      1.44
    32.0     82.56      0.64    188.20      1.42
    33.0     82.53      0.62    188.17      1.39
    34.0     82.50      0.61    188.16      1.37
    35.0     82.47      0.60    188.16      1.35
    36.0     82.45      0.58    188.16      1.34
    37.0     82.43      0.57    188.15      1.34
    38.0     82.41      0.56    188.12      1.35
    39.0     82.39      0.55    188.07      1.37

 HIVAP  CASOUT

   93Nb 99Ru 192At IFUS10 barfac0.41 sigr3.0 05/04/2023 15:51 Sitarcik  


     E_lab  A*MeV   E*/MeV     SI_fus      SI_VR     SI_Spalt  L_krit     b_Spalt

   421.708    4.53    40.0  0.1522E+03  0.1796E-04  0.1488E+03    65.0       97.76
   423.647    4.56    41.0  0.1634E+03  0.1544E-04  0.1595E+03    65.0       97.63
   425.587    4.58    42.0  0.1740E+03  0.1304E-04  0.1696E+03    65.0       97.50
   427.526    4.60    43.0  0.1839E+03  0.1084E-04  0.1791E+03    65.0       97.39
   429.466    4.62    44.0  0.1931E+03  0.8900E-05  0.1879E+03    65.0       97.29
   431.405    4.64    45.0  0.2015E+03  0.7256E-05  0.1959E+03    65.0       97.19
   433.344    4.66    46.0  0.2090E+03  0.5963E-05  0.2030E+03    65.0       97.13
   435.284    4.68    47.0  0.2157E+03  0.4946E-05  0.2094E+03    65.0       97.06
   437.223    4.70    48.0  0.2215E+03  0.4185E-05  0.2149E+03    65.0       96.99
   439.163    4.72    49.0  0.2265E+03  0.3622E-05  0.2196E+03    65.0       96.95
   441.102    4.74    50.0  0.2307E+03  0.3196E-05  0.2235E+03    65.0       96.91
   443.041    4.76    51.0  0.2341E+03  0.2858E-05  0.2268E+03    65.0       96.87
   444.981    4.78    52.0  0.2368E+03  0.2575E-05  0.2293E+03    65.0       96.84
   446.920    4.81    53.0  0.2390E+03  0.2314E-05  0.2314E+03    65.0       96.81
   448.860    4.83    54.0  0.2406E+03  0.2063E-05  0.2328E+03    65.0       96.79
   450.799    4.85    55.0  0.2416E+03  0.1824E-05  0.2339E+03    65.0       96.78

     Querschnitte / mbarn

  E*/MeV   183At     184At     185At     186At     187At     188At     189At     190At     191At     192At  
    40.0 0.000E+00 0.000E+00 0.000E+00 0.000E+00 0.000E+00 0.000E+00 0.212E-07 0.638E-07 0.000E+00 0.000E+00
    41.0 0.000E+00 0.000E+00 0.000E+00 0.000E+00 0.000E+00 0.000E+00 0.196E-07 0.430E-07 0.000E+00 0.000E+00
    42.0 0.000E+00 0.000E+00 0.000E+00 0.000E+00 0.000E+00 0.000E+00 0.169E-07 0.288E-07 0.000E+00 0.000E+00
    43.0 0.000E+00 0.000E+00 0.000E+00 0.000E+00 0.000E+00 0.199E-14 0.138E-07 0.190E-07 0.000E+00 0.000E+00
    44.0 0.000E+00 0.000E+00 0.000E+00 0.000E+00 0.000E+00 0.629E-13 0.107E-07 0.123E-07 0.000E+00 0.000E+00
    45.0 0.000E+00 0.000E+00 0.000E+00 0.000E+00 0.000E+00 0.796E-12 0.808E-08 0.761E-08 0.000E+00 0.000E+00
    46.0 0.000E+00 0.000E+00 0.000E+00 0.000E+00 0.000E+00 0.553E-11 0.590E-08 0.423E-08 0.000E+00 0.000E+00
    47.0 0.000E+00 0.000E+00 0.000E+00 0.000E+00 0.000E+00 0.245E-10 0.421E-08 0.217E-08 0.000E+00 0.000E+00
    48.0 0.000E+00 0.000E+00 0.000E+00 0.000E+00 0.000E+00 0.764E-10 0.294E-08 0.122E-08 0.000E+00 0.000E+00
    49.0 0.000E+00 0.000E+00 0.000E+00 0.000E+00 0.000E+00 0.179E-09 0.203E-08 0.766E-09 0.000E+00 0.000E+00
    50.0 0.000E+00 0.000E+00 0.000E+00 0.000E+00 0.000E+00 0.333E-09 0.139E-08 0.472E-09 0.000E+00 0.000E+00
    51.0 0.000E+00 0.000E+00 0.000E+00 0.000E+00 0.000E+00 0.516E-09 0.944E-09 0.287E-09 0.000E+00 0.000E+00
    52.0 0.000E+00 0.000E+00 0.000E+00 0.000E+00 0.000E+00 0.693E-09 0.637E-09 0.172E-09 0.000E+00 0.000E+00
    53.0 0.000E+00 0.000E+00 0.000E+00 0.000E+00 0.000E+00 0.832E-09 0.429E-09 0.000E+00 0.000E+00 0.000E+00
    54.0 0.000E+00 0.000E+00 0.000E+00 0.000E+00 0.000E+00 0.915E-09 0.285E-09 0.000E+00 0.000E+00 0.000E+00
    55.0 0.000E+00 0.000E+00 0.000E+00 0.000E+00 0.511E-15 0.936E-09 0.188E-09 0.000E+00 0.000E+00 0.000E+00

  E*/MeV   182Po     183Po     184Po     185Po     186Po     187Po     188Po     189Po     190Po     191Po  
    40.0 0.000E+00 0.000E+00 0.000E+00 0.000E+00 0.000E+00 0.000E+00 0.165E-10 0.323E-06 0.356E-08 0.000E+00
    41.0 0.000E+00 0.000E+00 0.000E+00 0.000E+00 0.000E+00 0.000E+00 0.510E-10 0.276E-06 0.942E-09 0.000E+00
    42.0 0.000E+00 0.000E+00 0.000E+00 0.000E+00 0.000E+00 0.000E+00 0.128E-09 0.225E-06 0.454E-09 0.000E+00
    43.0 0.000E+00 0.000E+00 0.000E+00 0.000E+00 0.000E+00 0.000E+00 0.269E-09 0.176E-06 0.000E+00 0.000E+00
    44.0 0.000E+00 0.000E+00 0.000E+00 0.000E+00 0.000E+00 0.000E+00 0.482E-09 0.134E-06 0.000E+00 0.000E+00
    45.0 0.000E+00 0.000E+00 0.000E+00 0.000E+00 0.000E+00 0.000E+00 0.753E-09 0.984E-07 0.000E+00 0.000E+00
    46.0 0.000E+00 0.000E+00 0.000E+00 0.000E+00 0.000E+00 0.000E+00 0.105E-08 0.708E-07 0.000E+00 0.000E+00
    47.0 0.000E+00 0.000E+00 0.000E+00 0.000E+00 0.000E+00 0.000E+00 0.131E-08 0.499E-07 0.000E+00 0.000E+00
    48.0 0.000E+00 0.000E+00 0.000E+00 0.000E+00 0.000E+00 0.000E+00 0.151E-08 0.346E-07 0.000E+00 0.000E+00
    49.0 0.000E+00 0.000E+00 0.000E+00 0.000E+00 0.000E+00 0.301E-14 0.162E-08 0.237E-07 0.000E+00 0.000E+00
    50.0 0.000E+00 0.000E+00 0.000E+00 0.000E+00 0.000E+00 0.184E-13 0.163E-08 0.160E-07 0.000E+00 0.000E+00
    51.0 0.000E+00 0.000E+00 0.000E+00 0.000E+00 0.000E+00 0.901E-13 0.156E-08 0.108E-07 0.000E+00 0.000E+00
    52.0 0.000E+00 0.000E+00 0.000E+00 0.000E+00 0.000E+00 0.361E-12 0.142E-08 0.716E-08 0.000E+00 0.000E+00
    53.0 0.000E+00 0.000E+00 0.000E+00 0.000E+00 0.000E+00 0.120E-11 0.125E-08 0.474E-08 0.000E+00 0.000E+00
    54.0 0.000E+00 0.000E+00 0.000E+00 0.000E+00 0.000E+00 0.338E-11 0.106E-08 0.310E-08 0.000E+00 0.000E+00
    55.0 0.000E+00 0.000E+00 0.000E+00 0.000E+00 0.000E+00 0.819E-11 0.875E-09 0.200E-08 0.000E+00 0.000E+00

  E*/MeV   181Bi     182Bi     183Bi     184Bi     185Bi     186Bi     187Bi     188Bi     189Bi     190Bi  
    40.0 0.000E+00 0.000E+00 0.000E+00 0.000E+00 0.000E+00 0.453E-06 0.342E-06 0.255E-07 0.398E-05 0.978E-06
    41.0 0.000E+00 0.000E+00 0.000E+00 0.000E+00 0.199E-11 0.583E-06 0.217E-06 0.160E-07 0.337E-05 0.624E-06
    42.0 0.000E+00 0.000E+00 0.000E+00 0.000E+00 0.880E-11 0.681E-06 0.136E-06 0.151E-07 0.274E-05 0.393E-06
    43.0 0.000E+00 0.000E+00 0.000E+00 0.000E+00 0.320E-10 0.728E-06 0.843E-07 0.349E-07 0.215E-05 0.246E-06
    44.0 0.000E+00 0.000E+00 0.000E+00 0.000E+00 0.991E-10 0.721E-06 0.517E-07 0.688E-07 0.163E-05 0.152E-06
    45.0 0.000E+00 0.000E+00 0.000E+00 0.000E+00 0.268E-09 0.669E-06 0.314E-07 0.111E-06 0.120E-05 0.931E-07
    46.0 0.000E+00 0.000E+00 0.000E+00 0.000E+00 0.641E-09 0.587E-06 0.189E-07 0.208E-06 0.868E-06 0.565E-07
    47.0 0.000E+00 0.000E+00 0.000E+00 0.000E+00 0.136E-08 0.492E-06 0.112E-07 0.300E-06 0.614E-06 0.339E-07
    48.0 0.000E+00 0.000E+00 0.000E+00 0.000E+00 0.259E-08 0.396E-06 0.658E-08 0.402E-06 0.427E-06 0.200E-07
    49.0 0.000E+00 0.000E+00 0.000E+00 0.000E+00 0.440E-08 0.308E-06 0.374E-08 0.501E-06 0.293E-06 0.115E-07
    50.0 0.000E+00 0.000E+00 0.000E+00 0.000E+00 0.676E-08 0.233E-06 0.145E-08 0.584E-06 0.198E-06 0.632E-08
    51.0 0.000E+00 0.000E+00 0.000E+00 0.000E+00 0.942E-08 0.172E-06 0.338E-09 0.642E-06 0.133E-06 0.100E-08
    52.0 0.000E+00 0.000E+00 0.000E+00 0.000E+00 0.120E-07 0.125E-06 0.191E-09 0.671E-06 0.882E-07 0.492E-09
    53.0 0.000E+00 0.000E+00 0.000E+00 0.000E+00 0.141E-07 0.888E-07 0.289E-09 0.669E-06 0.581E-07 0.305E-09
    54.0 0.000E+00 0.000E+00 0.000E+00 0.000E+00 0.155E-07 0.624E-07 0.539E-09 0.638E-06 0.381E-07 0.187E-09
    55.0 0.000E+00 0.000E+00 0.000E+00 0.242E-12 0.160E-07 0.433E-07 0.176E-08 0.589E-06 0.248E-07 0.000E+00

  E*/MeV   180Pb     181Pb     182Pb     183Pb     184Pb     185Pb     186Pb     187Pb     188Pb     189Pb  
    40.0 0.000E+00 0.000E+00 0.000E+00 0.000E+00 0.000E+00 0.783E-08 0.412E-05 0.200E-05 0.144E-06 0.549E-05
    41.0 0.000E+00 0.000E+00 0.000E+00 0.000E+00 0.000E+00 0.130E-07 0.386E-05 0.130E-05 0.226E-06 0.488E-05
    42.0 0.000E+00 0.000E+00 0.000E+00 0.000E+00 0.000E+00 0.205E-07 0.343E-05 0.837E-06 0.331E-06 0.418E-05
    43.0 0.000E+00 0.000E+00 0.000E+00 0.000E+00 0.000E+00 0.319E-07 0.291E-05 0.531E-06 0.455E-06 0.346E-05
    44.0 0.000E+00 0.000E+00 0.000E+00 0.000E+00 0.000E+00 0.495E-07 0.237E-05 0.333E-06 0.587E-06 0.278E-05
    45.0 0.000E+00 0.000E+00 0.000E+00 0.000E+00 0.000E+00 0.765E-07 0.186E-05 0.207E-06 0.714E-06 0.217E-05
    46.0 0.000E+00 0.000E+00 0.000E+00 0.000E+00 0.659E-12 0.116E-06 0.142E-05 0.128E-06 0.822E-06 0.166E-05
    47.0 0.000E+00 0.000E+00 0.000E+00 0.000E+00 0.193E-11 0.168E-06 0.105E-05 0.788E-07 0.899E-06 0.124E-05
    48.0 0.000E+00 0.000E+00 0.000E+00 0.000E+00 0.518E-11 0.233E-06 0.764E-06 0.494E-07 0.938E-06 0.907E-06
    49.0 0.000E+00 0.000E+00 0.000E+00 0.000E+00 0.130E-10 0.306E-06 0.544E-06 0.323E-07 0.937E-06 0.654E-06
    50.0 0.000E+00 0.000E+00 0.000E+00 0.000E+00 0.312E-10 0.379E-06 0.381E-06 0.235E-07 0.900E-06 0.464E-06
    51.0 0.000E+00 0.000E+00 0.000E+00 0.000E+00 0.717E-10 0.444E-06 0.263E-06 0.206E-07 0.834E-06 0.325E-06
    52.0 0.000E+00 0.000E+00 0.000E+00 0.000E+00 0.158E-09 0.493E-06 0.179E-06 0.224E-07 0.748E-06 0.225E-06
    53.0 0.000E+00 0.000E+00 0.000E+00 0.000E+00 0.332E-09 0.521E-06 0.121E-06 0.278E-07 0.652E-06 0.154E-06
    54.0 0.000E+00 0.000E+00 0.000E+00 0.000E+00 0.661E-09 0.526E-06 0.807E-07 0.377E-07 0.553E-06 0.105E-06
    55.0 0.000E+00 0.000E+00 0.000E+00 0.000E+00 0.124E-08 0.510E-06 0.535E-07 0.518E-07 0.458E-06 0.707E-07

 Z-Verteilung  
 E*/MeV     Pb         Bi         Po         At  
   40.0  0.118E-04 0.578E-05 0.327E-06 0.851E-07
   41.0  0.103E-04 0.481E-05 0.277E-06 0.626E-07
   42.0  0.881E-05 0.397E-05 0.226E-06 0.457E-07
   43.0  0.739E-05 0.324E-05 0.177E-06 0.328E-07
   44.0  0.612E-05 0.262E-05 0.134E-06 0.231E-07
   45.0  0.503E-05 0.211E-05 0.991E-07 0.157E-07
   46.0  0.414E-05 0.174E-05 0.718E-07 0.101E-07
   47.0  0.344E-05 0.145E-05 0.512E-07 0.641E-08
   48.0  0.289E-05 0.125E-05 0.361E-07 0.424E-08
   49.0  0.247E-05 0.112E-05 0.253E-07 0.298E-08
   50.0  0.215E-05 0.103E-05 0.177E-07 0.219E-08
   51.0  0.189E-05 0.958E-06 0.123E-07 0.175E-08
   52.0  0.167E-05 0.897E-06 0.859E-08 0.150E-08
   53.0  0.148E-05 0.831E-06 0.599E-08 0.126E-08
   54.0  0.130E-05 0.755E-06 0.416E-08 0.120E-08
   55.0  0.114E-05 0.675E-06 0.288E-08 0.112E-08

 Z und A Mittelwerte    
   E*/MeV     MW.Z  St.Abw.Z      MW.A  St.Abw.A
    40.0     82.37      0.55    188.02      1.39
    41.0     82.36      0.54    187.96      1.41
    42.0     82.35      0.53    187.90      1.42
    43.0     82.34      0.52    187.85      1.43
    44.0     82.33      0.52    187.79      1.42
    45.0     82.32      0.51    187.75      1.41
    46.0     82.32      0.50    187.70      1.39
    47.0     82.32      0.50    187.65      1.37
    48.0     82.32      0.49    187.60      1.35
    49.0     82.33      0.49    187.54      1.34
    50.0     82.34      0.49    187.46      1.34
    51.0     82.35      0.49    187.38      1.35
    52.0     82.36      0.49    187.29      1.37
    53.0     82.37      0.49    187.21      1.39
    54.0     82.37      0.49    187.13      1.40
    55.0     82.37      0.49    187.05      1.41

 HIVAP  CASOUT

   93Nb 99Ru 192At IFUS10 barfac0.41 sigr3.0 05/04/2023 15:51 Sitarcik  


     E_lab  A*MeV   E*/MeV     SI_fus      SI_VR     SI_Spalt  L_krit     b_Spalt

   452.738    4.87    56.0  0.2423E+03  0.1590E-05  0.2345E+03    65.0       96.77
   454.678    4.89    57.0  0.2427E+03  0.1375E-05  0.2348E+03    65.0       96.76
   456.617    4.91    58.0  0.2427E+03  0.1176E-05  0.2349E+03    65.0       96.76
   458.557    4.93    59.0  0.2425E+03  0.1002E-05  0.2347E+03    65.0       96.76
   460.496    4.95    60.0  0.2421E+03  0.8511E-06  0.2343E+03    65.0       96.77
   462.435    4.97    61.0  0.2416E+03  0.7216E-06  0.2338E+03    65.0       96.77
   464.375    4.99    62.0  0.2409E+03  0.6104E-06  0.2332E+03    65.0       96.78
   466.314    5.01    63.0  0.2402E+03  0.5144E-06  0.2325E+03    65.0       96.80
   468.253    5.03    64.0  0.2394E+03  0.4105E-06  0.2317E+03    65.0       96.81
   470.193    5.06    65.0  0.2385E+03  0.3571E-06  0.2309E+03    65.0       96.82
   472.132    5.08    66.0  0.2376E+03  0.3029E-06  0.2301E+03    65.0       96.84
   474.072    5.10    67.0  0.2366E+03  0.2671E-06  0.2292E+03    65.0       96.85
   476.011    5.12    68.0  0.2357E+03  0.2334E-06  0.2283E+03    65.0       96.87
   477.950    5.14    69.0  0.2348E+03  0.2030E-06  0.2274E+03    65.0       96.89
   479.890    5.16    70.0  0.2338E+03  0.1754E-06  0.2266E+03    65.0       96.90
   481.829    5.18    71.0  0.2329E+03  0.1501E-06  0.2257E+03    65.0       96.92

     Querschnitte / mbarn

  E*/MeV   183At     184At     185At     186At     187At     188At     189At     190At     191At     192At  
    56.0 0.000E+00 0.000E+00 0.000E+00 0.000E+00 0.448E-14 0.904E-09 0.124E-09 0.000E+00 0.000E+00 0.000E+00
    57.0 0.000E+00 0.000E+00 0.000E+00 0.000E+00 0.251E-13 0.833E-09 0.694E-10 0.000E+00 0.000E+00 0.000E+00
    58.0 0.000E+00 0.000E+00 0.000E+00 0.000E+00 0.974E-13 0.736E-09 0.215E-10 0.000E+00 0.000E+00 0.000E+00
    59.0 0.000E+00 0.000E+00 0.000E+00 0.000E+00 0.280E-12 0.629E-09 0.100E-10 0.000E+00 0.000E+00 0.000E+00
    60.0 0.000E+00 0.000E+00 0.000E+00 0.000E+00 0.634E-12 0.523E-09 0.713E-11 0.000E+00 0.000E+00 0.000E+00
    61.0 0.000E+00 0.000E+00 0.000E+00 0.000E+00 0.119E-11 0.424E-09 0.000E+00 0.000E+00 0.000E+00 0.000E+00
    62.0 0.000E+00 0.000E+00 0.000E+00 0.000E+00 0.192E-11 0.336E-09 0.000E+00 0.000E+00 0.000E+00 0.000E+00
    63.0 0.000E+00 0.000E+00 0.000E+00 0.000E+00 0.275E-11 0.262E-09 0.000E+00 0.000E+00 0.000E+00 0.000E+00
    64.0 0.000E+00 0.000E+00 0.000E+00 0.000E+00 0.359E-11 0.201E-09 0.000E+00 0.000E+00 0.000E+00 0.000E+00
    65.0 0.000E+00 0.000E+00 0.000E+00 0.000E+00 0.432E-11 0.152E-09 0.000E+00 0.000E+00 0.000E+00 0.000E+00
    66.0 0.000E+00 0.000E+00 0.000E+00 0.000E+00 0.486E-11 0.113E-09 0.000E+00 0.000E+00 0.000E+00 0.000E+00
    67.0 0.000E+00 0.000E+00 0.000E+00 0.000E+00 0.519E-11 0.835E-10 0.000E+00 0.000E+00 0.000E+00 0.000E+00
    68.0 0.000E+00 0.000E+00 0.000E+00 0.803E-17 0.528E-11 0.611E-10 0.000E+00 0.000E+00 0.000E+00 0.000E+00
    69.0 0.000E+00 0.000E+00 0.000E+00 0.606E-16 0.516E-11 0.443E-10 0.000E+00 0.000E+00 0.000E+00 0.000E+00
    70.0 0.000E+00 0.000E+00 0.000E+00 0.328E-15 0.488E-11 0.319E-10 0.000E+00 0.000E+00 0.000E+00 0.000E+00
    71.0 0.000E+00 0.000E+00 0.000E+00 0.134E-14 0.447E-11 0.228E-10 0.000E+00 0.000E+00 0.000E+00 0.000E+00

  E*/MeV   182Po     183Po     184Po     185Po     186Po     187Po     188Po     189Po     190Po     191Po  
    56.0 0.000E+00 0.000E+00 0.000E+00 0.000E+00 0.000E+00 0.173E-10 0.704E-09 0.128E-08 0.000E+00 0.000E+00
    57.0 0.000E+00 0.000E+00 0.000E+00 0.000E+00 0.000E+00 0.322E-10 0.554E-09 0.777E-09 0.000E+00 0.000E+00
    58.0 0.000E+00 0.000E+00 0.000E+00 0.000E+00 0.000E+00 0.537E-10 0.428E-09 0.222E-09 0.000E+00 0.000E+00
    59.0 0.000E+00 0.000E+00 0.000E+00 0.000E+00 0.000E+00 0.814E-10 0.325E-09 0.474E-10 0.000E+00 0.000E+00
    60.0 0.000E+00 0.000E+00 0.000E+00 0.000E+00 0.000E+00 0.113E-09 0.243E-09 0.332E-10 0.000E+00 0.000E+00
    61.0 0.000E+00 0.000E+00 0.000E+00 0.000E+00 0.678E-16 0.146E-09 0.180E-09 0.000E+00 0.000E+00 0.000E+00
    62.0 0.000E+00 0.000E+00 0.000E+00 0.000E+00 0.322E-15 0.176E-09 0.131E-09 0.000E+00 0.000E+00 0.000E+00
    63.0 0.000E+00 0.000E+00 0.000E+00 0.000E+00 0.125E-14 0.201E-09 0.948E-10 0.000E+00 0.000E+00 0.000E+00
    64.0 0.000E+00 0.000E+00 0.000E+00 0.000E+00 0.408E-14 0.218E-09 0.665E-10 0.000E+00 0.000E+00 0.000E+00
    65.0 0.000E+00 0.000E+00 0.000E+00 0.000E+00 0.113E-13 0.226E-09 0.466E-10 0.000E+00 0.000E+00 0.000E+00
    66.0 0.000E+00 0.000E+00 0.000E+00 0.000E+00 0.273E-13 0.225E-09 0.310E-10 0.000E+00 0.000E+00 0.000E+00
    67.0 0.000E+00 0.000E+00 0.000E+00 0.000E+00 0.582E-13 0.217E-09 0.149E-10 0.000E+00 0.000E+00 0.000E+00
    68.0 0.000E+00 0.000E+00 0.000E+00 0.000E+00 0.111E-12 0.203E-09 0.531E-11 0.000E+00 0.000E+00 0.000E+00
    69.0 0.000E+00 0.000E+00 0.000E+00 0.000E+00 0.191E-12 0.184E-09 0.000E+00 0.000E+00 0.000E+00 0.000E+00
    70.0 0.000E+00 0.000E+00 0.000E+00 0.000E+00 0.301E-12 0.164E-09 0.000E+00 0.000E+00 0.000E+00 0.000E+00
    71.0 0.000E+00 0.000E+00 0.000E+00 0.000E+00 0.440E-12 0.142E-09 0.000E+00 0.000E+00 0.000E+00 0.000E+00

  E*/MeV   181Bi     182Bi     183Bi     184Bi     185Bi     186Bi     187Bi     188Bi     189Bi     190Bi  
    56.0 0.000E+00 0.000E+00 0.000E+00 0.818E-12 0.157E-07 0.297E-07 0.380E-08 0.521E-06 0.160E-07 0.000E+00
    57.0 0.000E+00 0.000E+00 0.000E+00 0.244E-11 0.147E-07 0.202E-07 0.632E-08 0.450E-06 0.103E-07 0.000E+00
    58.0 0.000E+00 0.000E+00 0.000E+00 0.651E-11 0.132E-07 0.137E-07 0.928E-08 0.373E-06 0.650E-08 0.000E+00
    59.0 0.000E+00 0.000E+00 0.000E+00 0.156E-10 0.115E-07 0.916E-08 0.126E-07 0.302E-06 0.406E-08 0.000E+00
    60.0 0.000E+00 0.000E+00 0.000E+00 0.340E-10 0.969E-08 0.611E-08 0.158E-07 0.237E-06 0.235E-08 0.000E+00
    61.0 0.000E+00 0.000E+00 0.000E+00 0.672E-10 0.797E-08 0.406E-08 0.188E-07 0.179E-06 0.121E-08 0.000E+00
    62.0 0.000E+00 0.000E+00 0.000E+00 0.122E-09 0.640E-08 0.268E-08 0.212E-07 0.129E-06 0.210E-09 0.000E+00
    63.0 0.000E+00 0.000E+00 0.000E+00 0.202E-09 0.505E-08 0.176E-08 0.229E-07 0.851E-07 0.000E+00 0.000E+00
    64.0 0.000E+00 0.000E+00 0.000E+00 0.310E-09 0.391E-08 0.116E-08 0.236E-07 0.272E-07 0.000E+00 0.000E+00
    65.0 0.000E+00 0.000E+00 0.000E+00 0.441E-09 0.299E-08 0.771E-09 0.235E-07 0.157E-07 0.000E+00 0.000E+00
    66.0 0.000E+00 0.000E+00 0.304E-14 0.585E-09 0.225E-08 0.523E-09 0.226E-07 0.000E+00 0.000E+00 0.000E+00
    67.0 0.000E+00 0.000E+00 0.105E-13 0.731E-09 0.167E-08 0.376E-09 0.211E-07 0.000E+00 0.000E+00 0.000E+00
    68.0 0.000E+00 0.000E+00 0.322E-13 0.861E-09 0.123E-08 0.302E-09 0.187E-07 0.000E+00 0.000E+00 0.000E+00
    69.0 0.000E+00 0.000E+00 0.883E-13 0.966E-09 0.901E-09 0.286E-09 0.166E-07 0.000E+00 0.000E+00 0.000E+00
    70.0 0.000E+00 0.000E+00 0.219E-12 0.103E-08 0.652E-09 0.375E-09 0.144E-07 0.000E+00 0.000E+00 0.000E+00
    71.0 0.000E+00 0.000E+00 0.494E-12 0.106E-08 0.469E-09 0.526E-09 0.117E-07 0.000E+00 0.000E+00 0.000E+00

  E*/MeV   180Pb     181Pb     182Pb     183Pb     184Pb     185Pb     186Pb     187Pb     188Pb     189Pb  
    56.0 0.000E+00 0.000E+00 0.000E+00 0.000E+00 0.217E-08 0.476E-06 0.352E-07 0.692E-07 0.372E-06 0.473E-07
    57.0 0.000E+00 0.000E+00 0.000E+00 0.000E+00 0.357E-08 0.429E-06 0.231E-07 0.893E-07 0.296E-06 0.314E-07
    58.0 0.000E+00 0.000E+00 0.000E+00 0.130E-12 0.549E-08 0.376E-06 0.150E-07 0.111E-06 0.231E-06 0.207E-07
    59.0 0.000E+00 0.000E+00 0.000E+00 0.397E-12 0.792E-08 0.320E-06 0.976E-08 0.132E-06 0.178E-06 0.136E-07
    60.0 0.000E+00 0.000E+00 0.000E+00 0.107E-11 0.108E-07 0.266E-06 0.637E-08 0.151E-06 0.135E-06 0.884E-08
    61.0 0.000E+00 0.000E+00 0.000E+00 0.259E-11 0.138E-07 0.217E-06 0.424E-08 0.167E-06 0.102E-06 0.571E-08
    62.0 0.000E+00 0.000E+00 0.000E+00 0.562E-11 0.167E-07 0.174E-06 0.296E-08 0.177E-06 0.754E-07 0.365E-08
    63.0 0.000E+00 0.000E+00 0.000E+00 0.111E-10 0.193E-07 0.136E-06 0.238E-08 0.183E-06 0.554E-07 0.231E-08
    64.0 0.000E+00 0.000E+00 0.000E+00 0.202E-10 0.213E-07 0.106E-06 0.229E-08 0.183E-06 0.403E-07 0.142E-08
    65.0 0.000E+00 0.000E+00 0.000E+00 0.343E-10 0.226E-07 0.807E-07 0.271E-08 0.177E-06 0.291E-07 0.852E-09
    66.0 0.000E+00 0.000E+00 0.000E+00 0.553E-10 0.230E-07 0.609E-07 0.350E-08 0.168E-06 0.208E-07 0.493E-09
    67.0 0.000E+00 0.000E+00 0.000E+00 0.860E-10 0.227E-07 0.455E-07 0.464E-08 0.155E-06 0.148E-07 0.248E-09
    68.0 0.000E+00 0.000E+00 0.000E+00 0.131E-09 0.216E-07 0.336E-07 0.612E-08 0.140E-06 0.104E-07 0.155E-10
    69.0 0.000E+00 0.000E+00 0.000E+00 0.196E-09 0.201E-07 0.247E-07 0.783E-08 0.124E-06 0.730E-08 0.000E+00
    70.0 0.000E+00 0.000E+00 0.000E+00 0.288E-09 0.182E-07 0.179E-07 0.956E-08 0.108E-06 0.507E-08 0.000E+00
    71.0 0.000E+00 0.000E+00 0.000E+00 0.415E-09 0.161E-07 0.130E-07 0.113E-07 0.919E-07 0.350E-08 0.000E+00

 Z-Verteilung  
 E*/MeV     Pb         Bi         Po         At  
   56.0  0.100E-05 0.586E-06 0.200E-08 0.103E-08
   57.0  0.872E-06 0.501E-06 0.136E-08 0.902E-09
   58.0  0.759E-06 0.415E-06 0.703E-09 0.758E-09
   59.0  0.662E-06 0.339E-06 0.454E-09 0.640E-09
   60.0  0.579E-06 0.271E-06 0.390E-09 0.531E-09
   61.0  0.509E-06 0.212E-06 0.326E-09 0.425E-09
   62.0  0.450E-06 0.160E-06 0.308E-09 0.338E-09
   63.0  0.399E-06 0.115E-06 0.296E-09 0.264E-09
   64.0  0.354E-06 0.562E-07 0.285E-09 0.204E-09
   65.0  0.313E-06 0.433E-07 0.273E-09 0.156E-09
   66.0  0.277E-06 0.259E-07 0.256E-09 0.118E-09
   67.0  0.243E-06 0.238E-07 0.232E-09 0.887E-10
   68.0  0.212E-06 0.211E-07 0.208E-09 0.664E-10
   69.0  0.184E-06 0.188E-07 0.185E-09 0.495E-10
   70.0  0.159E-06 0.165E-07 0.164E-09 0.368E-10
   71.0  0.136E-06 0.137E-07 0.143E-09 0.273E-10

 Z und A Mittelwerte    
   E*/MeV     MW.Z  St.Abw.Z      MW.A  St.Abw.A
    56.0     82.37      0.49    186.98      1.42
    57.0     82.37      0.49    186.92      1.42
    58.0     82.36      0.48    186.86      1.41
    59.0     82.34      0.48    186.81      1.39
    60.0     82.32      0.47    186.76      1.36
    61.0     82.30      0.46    186.72      1.33
    62.0     82.26      0.45    186.67      1.30
    63.0     82.23      0.42    186.61      1.26
    64.0     82.14      0.35    186.47      1.20
    65.0     82.12      0.34    186.46      1.17
    66.0     82.09      0.29    186.41      1.13
    67.0     82.09      0.30    186.42      1.12
    68.0     82.09      0.30    186.43      1.10
    69.0     82.09      0.30    186.43      1.10
    70.0     82.10      0.30    186.42      1.09
    71.0     82.09      0.30    186.41      1.09

 HIVAP  CASOUT

   93Nb 99Ru 192At IFUS10 barfac0.41 sigr3.0 05/04/2023 15:51 Sitarcik  


     E_lab  A*MeV   E*/MeV     SI_fus      SI_VR     SI_Spalt  L_krit     b_Spalt

   483.769    5.20    72.0  0.2319E+03  0.1276E-06  0.2248E+03    65.0       96.94
   485.708    5.22    73.0  0.2310E+03  0.1076E-06  0.2240E+03    65.0       96.95
   487.647    5.24    74.0  0.2301E+03  0.8921E-07  0.2231E+03    65.0       96.97
   489.587    5.26    75.0  0.2292E+03  0.7278E-07  0.2223E+03    65.0       96.99
   491.526    5.29    76.0  0.2283E+03  0.5959E-07  0.2214E+03    65.0       97.01
   493.466    5.31    77.0  0.2274E+03  0.4654E-07  0.2206E+03    65.0       97.02
   495.405    5.33    78.0  0.2265E+03  0.3471E-07  0.2198E+03    65.0       97.04
   497.344    5.35    79.0  0.2256E+03  0.2707E-07  0.2190E+03    65.0       97.06
   499.284    5.37    80.0  0.2247E+03  0.2288E-07  0.2182E+03    65.0       97.08
   501.223    5.39    81.0  0.2239E+03  0.1995E-07  0.2174E+03    65.0       97.10
   503.163    5.41    82.0  0.2230E+03  0.1816E-07  0.2166E+03    65.0       97.12
   505.102    5.43    83.0  0.2221E+03  0.1644E-07  0.2158E+03    65.0       97.14
   507.041    5.45    84.0  0.2213E+03  0.1457E-07  0.2150E+03    65.0       97.16
   508.981    5.47    85.0  0.2204E+03  0.1517E+01  0.2109E+03    65.0       95.66
   510.920    5.49    86.0  0.2196E+03  0.1479E+01  0.2100E+03    65.0       95.63
   512.860    5.51    87.0  0.2188E+03  0.1442E+01  0.2091E+03    65.0       95.59

     Querschnitte / mbarn

  E*/MeV   183At     184At     185At     186At     187At     188At     189At     190At     191At     192At  
    72.0 0.000E+00 0.000E+00 0.000E+00 0.431E-14 0.399E-11 0.161E-10 0.000E+00 0.000E+00 0.000E+00 0.000E+00
    73.0 0.000E+00 0.000E+00 0.000E+00 0.114E-13 0.348E-11 0.114E-10 0.000E+00 0.000E+00 0.000E+00 0.000E+00
    74.0 0.000E+00 0.000E+00 0.000E+00 0.254E-13 0.297E-11 0.782E-11 0.000E+00 0.000E+00 0.000E+00 0.000E+00
    75.0 0.000E+00 0.000E+00 0.000E+00 0.491E-13 0.249E-11 0.512E-11 0.000E+00 0.000E+00 0.000E+00 0.000E+00
    76.0 0.000E+00 0.000E+00 0.000E+00 0.843E-13 0.206E-11 0.263E-11 0.000E+00 0.000E+00 0.000E+00 0.000E+00
    77.0 0.000E+00 0.000E+00 0.000E+00 0.131E-12 0.168E-11 0.529E-12 0.000E+00 0.000E+00 0.000E+00 0.000E+00
    78.0 0.000E+00 0.000E+00 0.000E+00 0.187E-12 0.135E-11 0.000E+00 0.000E+00 0.000E+00 0.000E+00 0.000E+00
    79.0 0.000E+00 0.000E+00 0.000E+00 0.249E-12 0.107E-11 0.000E+00 0.000E+00 0.000E+00 0.000E+00 0.000E+00
    80.0 0.000E+00 0.000E+00 0.119E-18 0.312E-12 0.840E-12 0.000E+00 0.000E+00 0.000E+00 0.000E+00 0.000E+00
    81.0 0.000E+00 0.000E+00 0.619E-18 0.369E-12 0.654E-12 0.000E+00 0.000E+00 0.000E+00 0.000E+00 0.000E+00
    82.0 0.000E+00 0.000E+00 0.252E-17 0.418E-12 0.503E-12 0.000E+00 0.000E+00 0.000E+00 0.000E+00 0.000E+00
    83.0 0.000E+00 0.000E+00 0.829E-17 0.455E-12 0.385E-12 0.000E+00 0.000E+00 0.000E+00 0.000E+00 0.000E+00
    84.0 0.000E+00 0.000E+00 0.227E-16 0.477E-12 0.290E-12 0.000E+00 0.000E+00 0.000E+00 0.000E+00 0.000E+00
    85.0 0.000E+00 0.000E+00 0.000E+00 0.000E+00 0.215E-12 0.000E+00 0.000E+00 0.000E+00 0.000E+00 0.152E+01
    86.0 0.000E+00 0.000E+00 0.000E+00 0.000E+00 0.154E-12 0.000E+00 0.000E+00 0.000E+00 0.000E+00 0.148E+01
    87.0 0.000E+00 0.000E+00 0.000E+00 0.000E+00 0.978E-13 0.000E+00 0.000E+00 0.000E+00 0.000E+00 0.144E+01

  E*/MeV   182Po     183Po     184Po     185Po     186Po     187Po     188Po     189Po     190Po     191Po  
    72.0 0.000E+00 0.000E+00 0.000E+00 0.000E+00 0.600E-12 0.121E-09 0.000E+00 0.000E+00 0.000E+00 0.000E+00
    73.0 0.000E+00 0.000E+00 0.000E+00 0.000E+00 0.771E-12 0.102E-09 0.000E+00 0.000E+00 0.000E+00 0.000E+00
    74.0 0.000E+00 0.000E+00 0.000E+00 0.000E+00 0.938E-12 0.838E-10 0.000E+00 0.000E+00 0.000E+00 0.000E+00
    75.0 0.000E+00 0.000E+00 0.000E+00 0.221E-16 0.109E-11 0.682E-10 0.000E+00 0.000E+00 0.000E+00 0.000E+00
    76.0 0.000E+00 0.000E+00 0.000E+00 0.825E-16 0.121E-11 0.549E-10 0.000E+00 0.000E+00 0.000E+00 0.000E+00
    77.0 0.000E+00 0.000E+00 0.000E+00 0.268E-15 0.130E-11 0.437E-10 0.000E+00 0.000E+00 0.000E+00 0.000E+00
    78.0 0.000E+00 0.000E+00 0.000E+00 0.766E-15 0.135E-11 0.344E-10 0.000E+00 0.000E+00 0.000E+00 0.000E+00
    79.0 0.000E+00 0.000E+00 0.000E+00 0.195E-14 0.136E-11 0.269E-10 0.000E+00 0.000E+00 0.000E+00 0.000E+00
    80.0 0.000E+00 0.000E+00 0.000E+00 0.445E-14 0.133E-11 0.209E-10 0.000E+00 0.000E+00 0.000E+00 0.000E+00
    81.0 0.000E+00 0.000E+00 0.000E+00 0.923E-14 0.127E-11 0.160E-10 0.000E+00 0.000E+00 0.000E+00 0.000E+00
    82.0 0.000E+00 0.000E+00 0.000E+00 0.175E-13 0.119E-11 0.123E-10 0.000E+00 0.000E+00 0.000E+00 0.000E+00
    83.0 0.000E+00 0.000E+00 0.000E+00 0.307E-13 0.109E-11 0.920E-11 0.000E+00 0.000E+00 0.000E+00 0.000E+00
    84.0 0.000E+00 0.000E+00 0.000E+00 0.499E-13 0.981E-12 0.679E-11 0.000E+00 0.000E+00 0.000E+00 0.000E+00
    85.0 0.000E+00 0.000E+00 0.000E+00 0.451E-13 0.816E-12 0.494E-11 0.000E+00 0.000E+00 0.000E+00 0.000E+00
    86.0 0.000E+00 0.000E+00 0.000E+00 0.664E-13 0.714E-12 0.331E-11 0.000E+00 0.000E+00 0.000E+00 0.000E+00
    87.0 0.000E+00 0.000E+00 0.838E-19 0.924E-13 0.616E-12 0.159E-11 0.000E+00 0.000E+00 0.000E+00 0.000E+00

  E*/MeV   181Bi     182Bi     183Bi     184Bi     185Bi     186Bi     187Bi     188Bi     189Bi     190Bi  
    72.0 0.000E+00 0.000E+00 0.101E-11 0.106E-08 0.335E-09 0.724E-09 0.946E-08 0.000E+00 0.000E+00 0.000E+00
    73.0 0.000E+00 0.000E+00 0.191E-11 0.102E-08 0.238E-09 0.955E-09 0.694E-08 0.000E+00 0.000E+00 0.000E+00
    74.0 0.000E+00 0.000E+00 0.331E-11 0.949E-09 0.168E-09 0.121E-08 0.391E-08 0.000E+00 0.000E+00 0.000E+00
    75.0 0.000E+00 0.000E+00 0.532E-11 0.864E-09 0.118E-09 0.147E-08 0.113E-08 0.000E+00 0.000E+00 0.000E+00
    76.0 0.000E+00 0.000E+00 0.796E-11 0.770E-09 0.824E-10 0.171E-08 0.535E-09 0.000E+00 0.000E+00 0.000E+00
    77.0 0.000E+00 0.000E+00 0.112E-10 0.672E-09 0.573E-10 0.192E-08 0.000E+00 0.000E+00 0.000E+00 0.000E+00
    78.0 0.000E+00 0.000E+00 0.148E-10 0.575E-09 0.402E-10 0.208E-08 0.000E+00 0.000E+00 0.000E+00 0.000E+00
    79.0 0.000E+00 0.000E+00 0.185E-10 0.485E-09 0.277E-10 0.219E-08 0.000E+00 0.000E+00 0.000E+00 0.000E+00
    80.0 0.000E+00 0.000E+00 0.221E-10 0.403E-09 0.201E-10 0.224E-08 0.000E+00 0.000E+00 0.000E+00 0.000E+00
    81.0 0.000E+00 0.517E-15 0.253E-10 0.330E-09 0.160E-10 0.222E-08 0.000E+00 0.000E+00 0.000E+00 0.000E+00
    82.0 0.000E+00 0.142E-14 0.278E-10 0.267E-09 0.157E-10 0.216E-08 0.000E+00 0.000E+00 0.000E+00 0.000E+00
    83.0 0.000E+00 0.356E-14 0.295E-10 0.214E-09 0.182E-10 0.205E-08 0.000E+00 0.000E+00 0.000E+00 0.000E+00
    84.0 0.000E+00 0.821E-14 0.304E-10 0.170E-09 0.241E-10 0.190E-08 0.000E+00 0.000E+00 0.000E+00 0.000E+00
    85.0 0.000E+00 0.000E+00 0.000E+00 0.000E+00 0.000E+00 0.000E+00 0.000E+00 0.000E+00 0.000E+00 0.000E+00
    86.0 0.000E+00 0.000E+00 0.000E+00 0.000E+00 0.000E+00 0.000E+00 0.000E+00 0.000E+00 0.000E+00 0.000E+00
    87.0 0.000E+00 0.000E+00 0.000E+00 0.000E+00 0.000E+00 0.000E+00 0.000E+00 0.000E+00 0.000E+00 0.000E+00

  E*/MeV   180Pb     181Pb     182Pb     183Pb     184Pb     185Pb     186Pb     187Pb     188Pb     189Pb  
    72.0 0.000E+00 0.000E+00 0.207E-13 0.583E-09 0.140E-07 0.931E-08 0.128E-07 0.768E-07 0.239E-08 0.000E+00
    73.0 0.000E+00 0.000E+00 0.468E-13 0.794E-09 0.119E-07 0.666E-08 0.141E-07 0.632E-07 0.162E-08 0.000E+00
    74.0 0.000E+00 0.000E+00 0.983E-13 0.104E-08 0.999E-08 0.475E-08 0.150E-07 0.510E-07 0.110E-08 0.000E+00
    75.0 0.000E+00 0.000E+00 0.195E-12 0.132E-08 0.824E-08 0.339E-08 0.156E-07 0.399E-07 0.723E-09 0.000E+00
    76.0 0.000E+00 0.000E+00 0.370E-12 0.162E-08 0.671E-08 0.244E-08 0.157E-07 0.295E-07 0.468E-09 0.000E+00
    77.0 0.000E+00 0.000E+00 0.679E-12 0.191E-08 0.539E-08 0.179E-08 0.155E-07 0.190E-07 0.288E-09 0.000E+00
    78.0 0.000E+00 0.000E+00 0.121E-11 0.217E-08 0.428E-08 0.137E-08 0.148E-07 0.917E-08 0.158E-09 0.000E+00
    79.0 0.000E+00 0.000E+00 0.212E-11 0.240E-08 0.337E-08 0.112E-08 0.140E-07 0.342E-08 0.572E-10 0.000E+00
    80.0 0.000E+00 0.000E+00 0.360E-11 0.256E-08 0.263E-08 0.101E-08 0.129E-07 0.108E-08 0.000E+00 0.000E+00
    81.0 0.000E+00 0.000E+00 0.591E-11 0.267E-08 0.203E-08 0.101E-08 0.116E-07 0.000E+00 0.000E+00 0.000E+00
    82.0 0.000E+00 0.000E+00 0.934E-11 0.270E-08 0.156E-08 0.108E-08 0.103E-07 0.000E+00 0.000E+00 0.000E+00
    83.0 0.000E+00 0.000E+00 0.142E-10 0.267E-08 0.118E-08 0.122E-08 0.903E-08 0.000E+00 0.000E+00 0.000E+00
    84.0 0.000E+00 0.126E-14 0.207E-10 0.258E-08 0.895E-09 0.140E-08 0.754E-08 0.000E+00 0.000E+00 0.000E+00
    85.0 0.000E+00 0.000E+00 0.000E+00 0.000E+00 0.000E+00 0.000E+00 0.000E+00 0.000E+00 0.000E+00 0.000E+00
    86.0 0.000E+00 0.000E+00 0.000E+00 0.000E+00 0.000E+00 0.000E+00 0.000E+00 0.000E+00 0.000E+00 0.000E+00
    87.0 0.000E+00 0.000E+00 0.000E+00 0.000E+00 0.000E+00 0.000E+00 0.000E+00 0.000E+00 0.000E+00 0.000E+00

 Z-Verteilung  
 E*/MeV     Pb         Bi         Po         At  
   72.0  0.116E-06 0.116E-07 0.122E-09 0.201E-10
   73.0  0.983E-07 0.915E-08 0.102E-09 0.149E-10
   74.0  0.829E-07 0.625E-08 0.848E-10 0.108E-10
   75.0  0.691E-07 0.359E-08 0.693E-10 0.766E-11
   76.0  0.564E-07 0.310E-08 0.561E-10 0.477E-11
   77.0  0.438E-07 0.266E-08 0.450E-10 0.234E-11
   78.0  0.320E-07 0.271E-08 0.358E-10 0.153E-11
   79.0  0.243E-07 0.272E-08 0.283E-10 0.132E-11
   80.0  0.202E-07 0.268E-08 0.222E-10 0.115E-11
   81.0  0.173E-07 0.259E-08 0.173E-10 0.102E-11
   82.0  0.157E-07 0.247E-08 0.135E-10 0.921E-12
   83.0  0.141E-07 0.231E-08 0.103E-10 0.840E-12
   84.0  0.124E-07 0.212E-08 0.782E-11 0.767E-12
   85.0  0.000E+00 0.000E+00 0.580E-11 0.152E+01
   86.0  0.000E+00 0.000E+00 0.409E-11 0.148E+01
   87.0  0.000E+00 0.000E+00 0.230E-11 0.144E+01

 Z und A Mittelwerte    
   E*/MeV     MW.Z  St.Abw.Z      MW.A  St.Abw.A
    72.0     82.09      0.30    186.39      1.09
    73.0     82.09      0.29    186.36      1.09
    74.0     82.07      0.26    186.31      1.11
    75.0     82.05      0.23    186.23      1.12
    76.0     82.05      0.23    186.15      1.14
    77.0     82.06      0.24    186.00      1.17
    78.0     82.08      0.28    185.76      1.18
    79.0     82.10      0.31    185.54      1.16
    80.0     82.12      0.33    185.40      1.13
    81.0     82.13      0.34    185.31      1.12
    82.0     82.14      0.35    185.29      1.15
    83.0     82.14      0.35    185.26      1.17
    84.0     82.15      0.36    185.21      1.19
    85.0     85.00      0.00    192.00      0.00
    86.0     85.00      0.00    192.00      0.00
    87.0     85.00      0.00    192.00      0.00

 HIVAP  CASOUT

   93Nb 99Ru 192At IFUS10 barfac0.41 sigr3.0 05/04/2023 15:51 Sitarcik  


     E_lab  A*MeV   E*/MeV     SI_fus      SI_VR     SI_Spalt  L_krit     b_Spalt

   514.799    5.54    88.0  0.2180E+03  0.1406E+01  0.2083E+03    65.0       95.56
   516.738    5.56    89.0  0.2171E+03  0.1370E+01  0.2074E+03    65.0       95.53
   518.678    5.58    90.0  0.2163E+03  0.1336E+01  0.2066E+03    65.0       95.49
   520.617    5.60    91.0  0.2155E+03  0.1302E+01  0.2057E+03    65.0       95.46

     Querschnitte / mbarn

  E*/MeV   183At     184At     185At     186At     187At     188At     189At     190At     191At     192At  
    88.0 0.000E+00 0.000E+00 0.000E+00 0.000E+00 0.381E-13 0.000E+00 0.000E+00 0.000E+00 0.000E+00 0.141E+01
    89.0 0.000E+00 0.000E+00 0.000E+00 0.000E+00 0.870E-14 0.000E+00 0.000E+00 0.000E+00 0.000E+00 0.137E+01
    90.0 0.000E+00 0.000E+00 0.000E+00 0.000E+00 0.000E+00 0.000E+00 0.000E+00 0.000E+00 0.000E+00 0.134E+01
    91.0 0.000E+00 0.000E+00 0.000E+00 0.000E+00 0.000E+00 0.000E+00 0.000E+00 0.000E+00 0.000E+00 0.130E+01

  E*/MeV   182Po     183Po     184Po     185Po     186Po     187Po     188Po     189Po     190Po     191Po  
    88.0 0.000E+00 0.000E+00 0.301E-18 0.122E-12 0.524E-12 0.667E-12 0.000E+00 0.000E+00 0.000E+00 0.000E+00
    89.0 0.000E+00 0.000E+00 0.941E-18 0.154E-12 0.441E-12 0.954E-13 0.000E+00 0.000E+00 0.000E+00 0.000E+00
    90.0 0.000E+00 0.000E+00 0.260E-17 0.187E-12 0.367E-12 0.000E+00 0.000E+00 0.000E+00 0.000E+00 0.000E+00
    91.0 0.000E+00 0.000E+00 0.644E-17 0.219E-12 0.302E-12 0.000E+00 0.000E+00 0.000E+00 0.000E+00 0.000E+00

  E*/MeV   181Bi     182Bi     183Bi     184Bi     185Bi     186Bi     187Bi     188Bi     189Bi     190Bi  
    88.0 0.000E+00 0.000E+00 0.000E+00 0.000E+00 0.000E+00 0.000E+00 0.000E+00 0.000E+00 0.000E+00 0.000E+00
    89.0 0.000E+00 0.000E+00 0.000E+00 0.000E+00 0.000E+00 0.000E+00 0.000E+00 0.000E+00 0.000E+00 0.000E+00
    90.0 0.000E+00 0.000E+00 0.000E+00 0.000E+00 0.000E+00 0.000E+00 0.000E+00 0.000E+00 0.000E+00 0.000E+00
    91.0 0.000E+00 0.000E+00 0.000E+00 0.000E+00 0.000E+00 0.000E+00 0.000E+00 0.000E+00 0.000E+00 0.000E+00

  E*/MeV   180Pb     181Pb     182Pb     183Pb     184Pb     185Pb     186Pb     187Pb     188Pb     189Pb  
    88.0 0.000E+00 0.000E+00 0.000E+00 0.000E+00 0.000E+00 0.000E+00 0.000E+00 0.000E+00 0.000E+00 0.000E+00
    89.0 0.000E+00 0.000E+00 0.000E+00 0.000E+00 0.000E+00 0.000E+00 0.000E+00 0.000E+00 0.000E+00 0.000E+00
    90.0 0.000E+00 0.000E+00 0.000E+00 0.000E+00 0.000E+00 0.000E+00 0.000E+00 0.000E+00 0.000E+00 0.000E+00
    91.0 0.000E+00 0.000E+00 0.000E+00 0.000E+00 0.000E+00 0.000E+00 0.000E+00 0.000E+00 0.000E+00 0.000E+00

 Z-Verteilung  
 E*/MeV     Pb         Bi         Po         At  
   88.0  0.000E+00 0.000E+00 0.131E-11 0.141E+01
   89.0  0.000E+00 0.000E+00 0.691E-12 0.137E+01
   90.0  0.000E+00 0.000E+00 0.554E-12 0.134E+01
   91.0  0.000E+00 0.000E+00 0.520E-12 0.130E+01

 Z und A Mittelwerte    
   E*/MeV     MW.Z  St.Abw.Z      MW.A  St.Abw.A
    88.0     85.00      0.00    192.00      0.00
    89.0     85.00      0.00    192.00      0.00
    90.0     85.00      0.00    192.00      0.00
    91.0     85.00      0.00    192.00      0.00
                                                                        
           



 Ende HIVAP 
