          Programm HIVAP,  Autor  W.Reisdorf   Version fuer "rzri6f" vom  7. 6. 1994

           Bearbeitung F.P.Heßberger
           
   54Cr + 208Pb ---> 262Sg IFUS10 barfac1.0 14/09/2022 16:24 (Sitarcik) 
           

 Unterprogramm SEPENF

 benutzt Sierks Programm BARFIT 
 Q-Wert  -185.477 MeV
 Massen aus der Datei "mlz.dat" 

         Exp. Schaleneffekte,  SHELL0=    0.00
          Sg  256   Sg  257   Sg  258   Sg  259   Sg  260   Sg  261   Sg  262
             -2.93     -3.62     -2.93     -3.60     -2.89     -3.52     -2.79
          Ha  255   Ha  256   Ha  257   Ha  258   Ha  259   Ha  260   Ha  261
             -3.56     -4.26     -3.57     -4.23     -3.52     -4.16     -3.42
          Rf  254   Rf  255   Rf  256   Rf  257   Rf  258   Rf  259   Rf  260
             -2.81     -3.51     -2.82     -3.49     -2.77     -3.42     -2.68

           BARFAC=   1.000      BAR0=   0.000

          Separationsenergien (BN,BP,BA) und Spaltbarrieren
          Sg  256   Sg  257   Sg  258   Sg  259   Sg  260   Sg  261   Sg  262
              8.66      7.15      8.38      6.87      8.10      6.60      7.83
              1.77      1.96      2.15      2.34      2.53      2.72      2.90
            -10.42    -10.30    -10.20    -10.09     -9.99     -9.87     -9.77
              3.17      3.88      3.21      3.90      3.21      3.87      3.15
              0.00     -0.69      0.00     -0.68      0.00     -0.68      0.00
          Ha  255   Ha  256   Ha  257   Ha  258   Ha  259   Ha  260   Ha  261
              8.47      6.95      8.19      6.68      7.91      6.41      7.64
              0.80      1.00      1.19      1.39      1.58      1.77      1.96
             -9.97     -9.85     -9.75     -9.64     -9.53     -9.41     -9.30
              3.93      4.65      3.98      4.67      3.98      4.64      3.93
             -0.69     -1.38     -0.69     -1.37     -0.68     -1.36     -0.68
          Rf  254   Rf  255   Rf  256   Rf  257   Rf  258   Rf  259   Rf  260
              8.28      6.76      8.00      6.48      7.72      6.22      7.45
              2.60      2.80      2.99      3.18      3.37      3.56      3.74
             -9.52     -9.41     -9.30     -9.18     -9.08     -8.96     -8.85
              3.33      4.05      3.38      4.08      3.39      4.06      3.35
              0.00     -0.69      0.00     -0.69      0.00     -0.68      0.00

 benutzter Q-Wert  -185.477 MeV    effektiver Q-Wert  -185.477 MeV

 HIVAP  CASOUT

   54Cr + 208Pb ---> 262Sg IFUS10 barfac1.0 14/09/2022 16:24 (Sitarcik) 


     E_lab  A*MeV   E*/MeV     SI_fus      SI_VR     SI_Spalt  L_krit     b_Spalt

   243.707    4.51     8.0  0.8809E-04  0.1483E-08  0.8809E-04     0.0      100.00
   244.966    4.54     9.0  0.4200E-03  0.6836E-08  0.4200E-03     0.0      100.00
   246.226    4.56    10.0  0.1959E-02  0.1459E-06  0.1959E-02     0.0       99.99
   247.485    4.58    11.0  0.8846E-02  0.1401E-05  0.8845E-02     0.0       99.98
   248.745    4.61    12.0  0.3719E-01  0.8478E-05  0.3718E-01     0.0       99.98
   250.005    4.63    13.0  0.1333E+00  0.2535E-04  0.1333E+00     0.0       99.98
   251.264    4.65    14.0  0.3808E+00  0.3117E-04  0.3808E+00     0.0       99.99
   252.524    4.68    15.0  0.8852E+00  0.2582E-04  0.8851E+00     0.0      100.00
   253.784    4.70    16.0  0.1770E+01  0.1735E-04  0.1770E+01     0.0      100.00
   255.043    4.72    17.0  0.3168E+01  0.1046E-04  0.3168E+01     0.0      100.00
   256.303    4.75    18.0  0.5209E+01  0.6775E-05  0.5209E+01     5.0      100.00
   257.562    4.77    19.0  0.8017E+01  0.6197E-05  0.8017E+01    18.0      100.00
   258.822    4.79    20.0  0.1170E+02  0.7086E-05  0.1170E+02    41.0      100.00
   260.082    4.82    21.0  0.1632E+02  0.6805E-05  0.1632E+02    41.0      100.00
   261.341    4.84    22.0  0.2192E+02  0.5426E-05  0.2192E+02    41.0      100.00
   262.601    4.86    23.0  0.2845E+02  0.3775E-05  0.2845E+02    41.0      100.00

     Querschnitte / mbarn

  E*/MeV   256Sg     257Sg     258Sg     259Sg     260Sg     261Sg     262Sg  
     8.0 0.000E+00 0.000E+00 0.000E+00 0.000E+00 0.000E+00 0.629E-10 0.142E-08
     9.0 0.000E+00 0.000E+00 0.000E+00 0.000E+00 0.000E+00 0.527E-08 0.156E-08
    10.0 0.000E+00 0.000E+00 0.000E+00 0.000E+00 0.000E+00 0.144E-06 0.169E-08
    11.0 0.000E+00 0.000E+00 0.000E+00 0.000E+00 0.000E+00 0.140E-05 0.803E-09
    12.0 0.000E+00 0.000E+00 0.000E+00 0.000E+00 0.000E+00 0.848E-05 0.000E+00
    13.0 0.000E+00 0.000E+00 0.000E+00 0.000E+00 0.000E+00 0.253E-04 0.000E+00
    14.0 0.000E+00 0.000E+00 0.000E+00 0.000E+00 0.000E+00 0.312E-04 0.000E+00
    15.0 0.000E+00 0.000E+00 0.000E+00 0.000E+00 0.694E-09 0.258E-04 0.000E+00
    16.0 0.000E+00 0.000E+00 0.000E+00 0.000E+00 0.190E-07 0.172E-04 0.000E+00
    17.0 0.000E+00 0.000E+00 0.000E+00 0.000E+00 0.203E-06 0.101E-04 0.000E+00
    18.0 0.000E+00 0.000E+00 0.000E+00 0.000E+00 0.107E-05 0.546E-05 0.000E+00
    19.0 0.000E+00 0.000E+00 0.000E+00 0.000E+00 0.312E-05 0.282E-05 0.000E+00
    20.0 0.000E+00 0.000E+00 0.000E+00 0.000E+00 0.546E-05 0.141E-05 0.000E+00
    21.0 0.000E+00 0.000E+00 0.000E+00 0.000E+00 0.596E-05 0.679E-06 0.000E+00
    22.0 0.000E+00 0.000E+00 0.000E+00 0.000E+00 0.499E-05 0.319E-06 0.000E+00
    23.0 0.000E+00 0.000E+00 0.000E+00 0.526E-11 0.353E-05 0.146E-06 0.000E+00

  E*/MeV   255Ha     256Ha     257Ha     258Ha     259Ha     260Ha     261Ha  
     8.0 0.000E+00 0.000E+00 0.000E+00 0.000E+00 0.000E+00 0.000E+00 0.000E+00
     9.0 0.000E+00 0.000E+00 0.000E+00 0.000E+00 0.000E+00 0.000E+00 0.237E-13
    10.0 0.000E+00 0.000E+00 0.000E+00 0.000E+00 0.000E+00 0.000E+00 0.162E-11
    11.0 0.000E+00 0.000E+00 0.000E+00 0.000E+00 0.000E+00 0.000E+00 0.274E-10
    12.0 0.000E+00 0.000E+00 0.000E+00 0.000E+00 0.000E+00 0.000E+00 0.379E-09
    13.0 0.000E+00 0.000E+00 0.000E+00 0.000E+00 0.000E+00 0.000E+00 0.287E-08
    14.0 0.000E+00 0.000E+00 0.000E+00 0.000E+00 0.000E+00 0.000E+00 0.138E-07
    15.0 0.000E+00 0.000E+00 0.000E+00 0.000E+00 0.000E+00 0.000E+00 0.426E-07
    16.0 0.000E+00 0.000E+00 0.000E+00 0.000E+00 0.000E+00 0.000E+00 0.938E-07
    17.0 0.000E+00 0.000E+00 0.000E+00 0.000E+00 0.000E+00 0.105E-11 0.154E-06
    18.0 0.000E+00 0.000E+00 0.000E+00 0.000E+00 0.000E+00 0.184E-10 0.199E-06
    19.0 0.000E+00 0.000E+00 0.000E+00 0.000E+00 0.000E+00 0.155E-09 0.204E-06
    20.0 0.000E+00 0.000E+00 0.000E+00 0.000E+00 0.000E+00 0.863E-09 0.172E-06
    21.0 0.000E+00 0.000E+00 0.000E+00 0.000E+00 0.000E+00 0.353E-08 0.124E-06
    22.0 0.000E+00 0.000E+00 0.000E+00 0.000E+00 0.000E+00 0.113E-07 0.795E-07
    23.0 0.000E+00 0.000E+00 0.000E+00 0.000E+00 0.000E+00 0.292E-07 0.466E-07

  E*/MeV   254Rf     255Rf     256Rf     257Rf     258Rf     259Rf     260Rf  
     8.0 0.000E+00 0.000E+00 0.000E+00 0.000E+00 0.000E+00 0.000E+00 0.000E+00
     9.0 0.000E+00 0.000E+00 0.000E+00 0.000E+00 0.200E-12 0.000E+00 0.000E+00
    10.0 0.000E+00 0.000E+00 0.000E+00 0.000E+00 0.357E-11 0.000E+00 0.000E+00
    11.0 0.000E+00 0.000E+00 0.000E+00 0.000E+00 0.444E-10 0.000E+00 0.000E+00
    12.0 0.000E+00 0.000E+00 0.000E+00 0.000E+00 0.308E-09 0.000E+00 0.000E+00
    13.0 0.000E+00 0.000E+00 0.000E+00 0.000E+00 0.144E-08 0.000E+00 0.000E+00
    14.0 0.000E+00 0.000E+00 0.000E+00 0.000E+00 0.478E-08 0.000E+00 0.000E+00
    15.0 0.000E+00 0.000E+00 0.000E+00 0.000E+00 0.117E-07 0.000E+00 0.000E+00
    16.0 0.000E+00 0.000E+00 0.000E+00 0.000E+00 0.226E-07 0.000E+00 0.000E+00
    17.0 0.000E+00 0.000E+00 0.000E+00 0.285E-11 0.359E-07 0.000E+00 0.494E-18
    18.0 0.000E+00 0.000E+00 0.000E+00 0.341E-10 0.472E-07 0.000E+00 0.541E-16
    19.0 0.000E+00 0.000E+00 0.000E+00 0.183E-09 0.512E-07 0.000E+00 0.740E-15
    20.0 0.000E+00 0.000E+00 0.000E+00 0.725E-09 0.459E-07 0.000E+00 0.608E-14
    21.0 0.000E+00 0.000E+00 0.000E+00 0.222E-08 0.346E-07 0.000E+00 0.350E-13
    22.0 0.000E+00 0.000E+00 0.000E+00 0.547E-08 0.228E-07 0.000E+00 0.153E-12
    23.0 0.000E+00 0.000E+00 0.497E-14 0.116E-07 0.136E-07 0.000E+00 0.531E-12

 Z-Verteilung  
 E*/MeV     Rf         Ha         Sg  
    8.0  0.000E+00 0.000E+00 0.148E-08
    9.0  0.200E-12 0.237E-13 0.684E-08
   10.0  0.357E-11 0.162E-11 0.146E-06
   11.0  0.444E-10 0.274E-10 0.140E-05
   12.0  0.308E-09 0.379E-09 0.848E-05
   13.0  0.144E-08 0.287E-08 0.253E-04
   14.0  0.478E-08 0.138E-07 0.312E-04
   15.0  0.117E-07 0.426E-07 0.258E-04
   16.0  0.226E-07 0.938E-07 0.172E-04
   17.0  0.359E-07 0.154E-06 0.103E-04
   18.0  0.472E-07 0.199E-06 0.653E-05
   19.0  0.514E-07 0.204E-06 0.594E-05
   20.0  0.466E-07 0.173E-06 0.687E-05
   21.0  0.369E-07 0.127E-06 0.664E-05
   22.0  0.283E-07 0.908E-07 0.531E-05
   23.0  0.251E-07 0.757E-07 0.367E-05

 Z und A Mittelwerte    
   E*/MeV     MW.Z  St.Abw.Z      MW.A  St.Abw.A
     8.0    106.00      0.00    261.96      0.20
     9.0    106.00      0.01    261.23      0.42
    10.0    106.00      0.01    261.01      0.11
    11.0    106.00      0.01    261.00      0.03
    12.0    106.00      0.01    261.00      0.02
    13.0    106.00      0.02    261.00      0.02
    14.0    106.00      0.03    261.00      0.04
    15.0    106.00      0.06    261.00      0.06
    16.0    105.99      0.10    260.99      0.11
    17.0    105.98      0.17    260.97      0.22
    18.0    105.96      0.24    260.82      0.43
    19.0    105.95      0.25    260.47      0.55
    20.0    105.96      0.22    260.21      0.45
    21.0    105.97      0.20    260.11      0.36
    22.0    105.97      0.19    260.06      0.31
    23.0    105.97      0.21    260.03      0.30

 HIVAP  CASOUT

   54Cr + 208Pb ---> 262Sg IFUS10 barfac1.0 14/09/2022 16:24 (Sitarcik) 


     E_lab  A*MeV   E*/MeV     SI_fus      SI_VR     SI_Spalt  L_krit     b_Spalt

   263.860    4.89    24.0  0.3579E+02  0.2420E-05  0.3579E+02    41.0      100.00
   265.120    4.91    25.0  0.4375E+02  0.1501E-05  0.4375E+02    41.0      100.00
   266.380    4.93    26.0  0.5212E+02  0.9653E-06  0.5212E+02    41.0      100.00
   267.639    4.96    27.0  0.6058E+02  0.7054E-06  0.6058E+02    41.0      100.00
   268.899    4.98    28.0  0.6888E+02  0.6078E-06  0.6888E+02    41.0      100.00
   270.159    5.00    29.0  0.7677E+02  0.6039E-06  0.7677E+02    41.0      100.00
   271.418    5.03    30.0  0.8403E+02  0.6228E-06  0.8403E+02    41.0      100.00
   272.678    5.05    31.0  0.9049E+02  0.6020E-06  0.9049E+02    41.0      100.00
   273.937    5.07    32.0  0.9607E+02  0.5292E-06  0.9607E+02    41.0      100.00
   275.197    5.10    33.0  0.1007E+03  0.4273E-06  0.1007E+03    41.0      100.00
   276.457    5.12    34.0  0.1045E+03  0.3235E-06  0.1045E+03    41.0      100.00
   277.716    5.14    35.0  0.1074E+03  0.2339E-06  0.1074E+03    41.0      100.00
   278.976    5.17    36.0  0.1097E+03  0.1653E-06  0.1097E+03    41.0      100.00
   280.235    5.19    37.0  0.1112E+03  0.1155E-06  0.1112E+03    41.0      100.00
   281.495    5.21    38.0  0.1123E+03  0.8042E-07  0.1123E+03    41.0      100.00
   282.755    5.24    39.0  0.1129E+03  0.5597E-07  0.1129E+03    41.0      100.00

     Querschnitte / mbarn

  E*/MeV   256Sg     257Sg     258Sg     259Sg     260Sg     261Sg     262Sg  
    24.0 0.000E+00 0.000E+00 0.000E+00 0.146E-09 0.224E-05 0.634E-07 0.000E+00
    25.0 0.000E+00 0.000E+00 0.000E+00 0.168E-08 0.132E-05 0.207E-07 0.000E+00
    26.0 0.000E+00 0.000E+00 0.000E+00 0.105E-07 0.731E-06 0.000E+00 0.000E+00
    27.0 0.000E+00 0.000E+00 0.000E+00 0.410E-07 0.390E-06 0.000E+00 0.000E+00
    28.0 0.000E+00 0.000E+00 0.000E+00 0.112E-06 0.201E-06 0.000E+00 0.000E+00
    29.0 0.000E+00 0.000E+00 0.000E+00 0.226E-06 0.101E-06 0.000E+00 0.000E+00
    30.0 0.000E+00 0.000E+00 0.000E+00 0.341E-06 0.500E-07 0.000E+00 0.000E+00
    31.0 0.000E+00 0.000E+00 0.238E-12 0.399E-06 0.243E-07 0.000E+00 0.000E+00
    32.0 0.000E+00 0.000E+00 0.422E-11 0.387E-06 0.116E-07 0.000E+00 0.000E+00
    33.0 0.000E+00 0.000E+00 0.382E-10 0.327E-06 0.531E-08 0.000E+00 0.000E+00
    34.0 0.000E+00 0.000E+00 0.210E-09 0.250E-06 0.218E-08 0.000E+00 0.000E+00
    35.0 0.000E+00 0.000E+00 0.764E-09 0.177E-06 0.223E-09 0.000E+00 0.000E+00
    36.0 0.000E+00 0.000E+00 0.196E-08 0.119E-06 0.000E+00 0.000E+00 0.000E+00
    37.0 0.000E+00 0.000E+00 0.370E-08 0.763E-07 0.000E+00 0.000E+00 0.000E+00
    38.0 0.000E+00 0.000E+00 0.544E-08 0.474E-07 0.000E+00 0.000E+00 0.000E+00
    39.0 0.000E+00 0.000E+00 0.659E-08 0.287E-07 0.000E+00 0.000E+00 0.000E+00

  E*/MeV   255Ha     256Ha     257Ha     258Ha     259Ha     260Ha     261Ha  
    24.0 0.000E+00 0.000E+00 0.000E+00 0.000E+00 0.786E-13 0.622E-07 0.255E-07
    25.0 0.000E+00 0.000E+00 0.000E+00 0.000E+00 0.158E-11 0.110E-06 0.133E-07
    26.0 0.000E+00 0.000E+00 0.000E+00 0.000E+00 0.142E-10 0.164E-06 0.668E-08
    27.0 0.000E+00 0.000E+00 0.000E+00 0.000E+00 0.810E-10 0.205E-06 0.326E-08
    28.0 0.000E+00 0.000E+00 0.000E+00 0.000E+00 0.333E-09 0.219E-06 0.155E-08
    29.0 0.000E+00 0.000E+00 0.000E+00 0.000E+00 0.106E-08 0.204E-06 0.722E-09
    30.0 0.000E+00 0.000E+00 0.000E+00 0.000E+00 0.271E-08 0.168E-06 0.321E-09
    31.0 0.000E+00 0.000E+00 0.000E+00 0.000E+00 0.572E-08 0.125E-06 0.117E-09
    32.0 0.000E+00 0.000E+00 0.000E+00 0.000E+00 0.102E-07 0.858E-07 0.000E+00
    33.0 0.000E+00 0.000E+00 0.000E+00 0.782E-14 0.154E-07 0.553E-07 0.000E+00
    34.0 0.000E+00 0.000E+00 0.000E+00 0.840E-13 0.201E-07 0.338E-07 0.000E+00
    35.0 0.000E+00 0.000E+00 0.000E+00 0.571E-12 0.230E-07 0.199E-07 0.000E+00
    36.0 0.000E+00 0.000E+00 0.000E+00 0.281E-11 0.234E-07 0.114E-07 0.000E+00
    37.0 0.000E+00 0.000E+00 0.000E+00 0.107E-10 0.215E-07 0.634E-08 0.000E+00
    38.0 0.000E+00 0.000E+00 0.000E+00 0.336E-10 0.181E-07 0.348E-08 0.000E+00
    39.0 0.000E+00 0.000E+00 0.000E+00 0.885E-10 0.142E-07 0.188E-08 0.000E+00

  E*/MeV   254Rf     255Rf     256Rf     257Rf     258Rf     259Rf     260Rf  
    24.0 0.000E+00 0.000E+00 0.148E-12 0.215E-07 0.749E-08 0.000E+00 0.150E-11
    25.0 0.000E+00 0.000E+00 0.150E-11 0.353E-07 0.393E-08 0.000E+00 0.354E-11
    26.0 0.000E+00 0.000E+00 0.901E-11 0.513E-07 0.199E-08 0.762E-17 0.706E-11
    27.0 0.000E+00 0.000E+00 0.371E-10 0.654E-07 0.974E-09 0.555E-15 0.121E-10
    28.0 0.000E+00 0.000E+00 0.115E-09 0.728E-07 0.464E-09 0.340E-14 0.181E-10
    29.0 0.000E+00 0.000E+00 0.290E-09 0.706E-07 0.211E-09 0.162E-13 0.237E-10
    30.0 0.000E+00 0.000E+00 0.629E-09 0.603E-07 0.750E-10 0.628E-13 0.275E-10
    31.0 0.000E+00 0.000E+00 0.120E-08 0.461E-07 0.000E+00 0.206E-12 0.286E-10
    32.0 0.000E+00 0.000E+00 0.204E-08 0.323E-07 0.000E+00 0.578E-12 0.269E-10
    33.0 0.000E+00 0.105E-13 0.310E-08 0.211E-07 0.000E+00 0.142E-11 0.232E-10
    34.0 0.000E+00 0.699E-13 0.420E-08 0.130E-07 0.000E+00 0.307E-11 0.185E-10
    35.0 0.000E+00 0.333E-12 0.505E-08 0.772E-08 0.000E+00 0.588E-11 0.137E-10
    36.0 0.000E+00 0.124E-11 0.541E-08 0.444E-08 0.000E+00 0.101E-10 0.964E-11
    37.0 0.000E+00 0.385E-11 0.521E-08 0.249E-08 0.000E+00 0.156E-10 0.646E-11
    38.0 0.000E+00 0.103E-10 0.458E-08 0.137E-08 0.000E+00 0.219E-10 0.415E-11
    39.0 0.000E+00 0.241E-10 0.371E-08 0.745E-09 0.000E+00 0.279E-10 0.258E-11

 Z-Verteilung  
 E*/MeV     Rf         Ha         Sg  
   24.0  0.290E-07 0.877E-07 0.230E-05
   25.0  0.393E-07 0.124E-06 0.134E-05
   26.0  0.533E-07 0.170E-06 0.742E-06
   27.0  0.664E-07 0.208E-06 0.431E-06
   28.0  0.734E-07 0.221E-06 0.313E-06
   29.0  0.711E-07 0.206E-06 0.327E-06
   30.0  0.610E-07 0.171E-06 0.391E-06
   31.0  0.474E-07 0.131E-06 0.424E-06
   32.0  0.344E-07 0.960E-07 0.399E-06
   33.0  0.242E-07 0.706E-07 0.332E-06
   34.0  0.172E-07 0.539E-07 0.252E-06
   35.0  0.128E-07 0.429E-07 0.178E-06
   36.0  0.987E-08 0.347E-07 0.121E-06
   37.0  0.773E-08 0.278E-07 0.800E-07
   38.0  0.598E-08 0.216E-07 0.528E-07
   39.0  0.451E-08 0.162E-07 0.353E-07

 Z und A Mittelwerte    
   E*/MeV     MW.Z  St.Abw.Z      MW.A  St.Abw.A
    24.0    105.94      0.28    260.00      0.36
    25.0    105.87      0.41    259.95      0.49
    26.0    105.71      0.56    259.83      0.69
    27.0    105.52      0.66    259.67      0.89
    28.0    105.39      0.69    259.46      0.99
    29.0    105.42      0.69    259.27      0.95
    30.0    105.53      0.67    259.15      0.85
    31.0    105.63      0.63    259.09      0.75
    32.0    105.69      0.59    259.05      0.68
    33.0    105.72      0.56    259.02      0.64
    34.0    105.73      0.55    258.99      0.62
    35.0    105.71      0.56    258.95      0.64
    36.0    105.67      0.58    258.91      0.69
    37.0    105.63      0.61    258.84      0.75
    38.0    105.58      0.63    258.77      0.80
    39.0    105.55      0.64    258.69      0.84

 HIVAP  CASOUT

   54Cr + 208Pb ---> 262Sg IFUS10 barfac1.0 14/09/2022 16:24 (Sitarcik) 


     E_lab  A*MeV   E*/MeV     SI_fus      SI_VR     SI_Spalt  L_krit     b_Spalt

   284.014    5.26    40.0  0.1131E+03  0.3898E-07  0.1131E+03    41.0      100.00
   285.274    5.28    41.0  0.1131E+03  0.2722E-07  0.1131E+03    41.0      100.00
   286.534    5.31    42.0  0.1129E+03  0.1916E-07  0.1129E+03    41.0      100.00
   287.793    5.33    43.0  0.1126E+03  0.1375E-07  0.1126E+03    41.0      100.00
   289.053    5.35    44.0  0.1122E+03  0.1023E-07  0.1122E+03    41.0      100.00
   290.312    5.38    45.0  0.1117E+03  0.7973E-08  0.1117E+03    41.0      100.00
   291.572    5.40    46.0  0.1112E+03  0.6538E-08  0.1112E+03    41.0      100.00
   292.832    5.42    47.0  0.1108E+03  0.5573E-08  0.1108E+03    41.0      100.00
   294.091    5.45    48.0  0.1103E+03  0.4826E-08  0.1103E+03    41.0      100.00
   295.351    5.47    49.0  0.1098E+03  0.4197E-08  0.1098E+03    41.0      100.00
   296.610    5.49    50.0  0.1093E+03  0.3621E-08  0.1093E+03    41.0      100.00
   297.870    5.52    51.0  0.1089E+03  0.3113E-08  0.1089E+03    41.0      100.00
   299.130    5.54    52.0  0.1084E+03  0.2635E-08  0.1084E+03    41.0      100.00
   300.389    5.56    53.0  0.1080E+03  0.2202E-08  0.1080E+03    41.0      100.00
   301.649    5.59    54.0  0.1075E+03  0.1821E-08  0.1075E+03    41.0      100.00
   302.909    5.61    55.0  0.1071E+03  0.1490E-08  0.1071E+03    41.0      100.00

     Querschnitte / mbarn

  E*/MeV   256Sg     257Sg     258Sg     259Sg     260Sg     261Sg     262Sg  
    40.0 0.000E+00 0.316E-14 0.691E-08 0.170E-07 0.000E+00 0.000E+00 0.000E+00
    41.0 0.000E+00 0.418E-13 0.650E-08 0.995E-08 0.000E+00 0.000E+00 0.000E+00
    42.0 0.000E+00 0.328E-12 0.563E-08 0.575E-08 0.000E+00 0.000E+00 0.000E+00
    43.0 0.000E+00 0.175E-11 0.457E-08 0.329E-08 0.000E+00 0.000E+00 0.000E+00
    44.0 0.000E+00 0.688E-11 0.352E-08 0.187E-08 0.000E+00 0.000E+00 0.000E+00
    45.0 0.000E+00 0.211E-10 0.261E-08 0.105E-08 0.000E+00 0.000E+00 0.000E+00
    46.0 0.000E+00 0.516E-10 0.186E-08 0.588E-09 0.000E+00 0.000E+00 0.000E+00
    47.0 0.000E+00 0.103E-09 0.130E-08 0.314E-09 0.000E+00 0.000E+00 0.000E+00
    48.0 0.000E+00 0.173E-09 0.882E-09 0.143E-09 0.000E+00 0.000E+00 0.000E+00
    49.0 0.502E-15 0.250E-09 0.588E-09 0.517E-10 0.000E+00 0.000E+00 0.000E+00
    50.0 0.382E-14 0.319E-09 0.387E-09 0.000E+00 0.000E+00 0.000E+00 0.000E+00
    51.0 0.211E-13 0.368E-09 0.251E-09 0.000E+00 0.000E+00 0.000E+00 0.000E+00
    52.0 0.884E-13 0.390E-09 0.161E-09 0.000E+00 0.000E+00 0.000E+00 0.000E+00
    53.0 0.289E-12 0.387E-09 0.102E-09 0.000E+00 0.000E+00 0.000E+00 0.000E+00
    54.0 0.758E-12 0.362E-09 0.643E-10 0.000E+00 0.000E+00 0.000E+00 0.000E+00
    55.0 0.164E-11 0.324E-09 0.396E-10 0.000E+00 0.000E+00 0.000E+00 0.000E+00

  E*/MeV   255Ha     256Ha     257Ha     258Ha     259Ha     260Ha     261Ha  
    40.0 0.000E+00 0.000E+00 0.000E+00 0.201E-09 0.105E-07 0.101E-08 0.000E+00
    41.0 0.000E+00 0.000E+00 0.891E-15 0.399E-09 0.745E-08 0.536E-09 0.000E+00
    42.0 0.000E+00 0.000E+00 0.709E-14 0.702E-09 0.507E-08 0.283E-09 0.000E+00
    43.0 0.000E+00 0.000E+00 0.429E-13 0.110E-08 0.334E-08 0.147E-09 0.000E+00
    44.0 0.000E+00 0.000E+00 0.196E-12 0.155E-08 0.215E-08 0.729E-10 0.000E+00
    45.0 0.000E+00 0.000E+00 0.727E-12 0.198E-08 0.135E-08 0.239E-10 0.000E+00
    46.0 0.000E+00 0.000E+00 0.226E-11 0.230E-08 0.837E-09 0.000E+00 0.000E+00
    47.0 0.000E+00 0.000E+00 0.600E-11 0.247E-08 0.511E-09 0.000E+00 0.000E+00
    48.0 0.000E+00 0.000E+00 0.138E-10 0.247E-08 0.309E-09 0.000E+00 0.000E+00
    49.0 0.000E+00 0.000E+00 0.280E-10 0.232E-08 0.185E-09 0.000E+00 0.000E+00
    50.0 0.000E+00 0.000E+00 0.503E-10 0.206E-08 0.110E-09 0.000E+00 0.000E+00
    51.0 0.000E+00 0.000E+00 0.809E-10 0.175E-08 0.641E-10 0.000E+00 0.000E+00
    52.0 0.000E+00 0.876E-15 0.118E-09 0.143E-08 0.372E-10 0.000E+00 0.000E+00
    53.0 0.000E+00 0.410E-14 0.157E-09 0.113E-08 0.208E-10 0.000E+00 0.000E+00
    54.0 0.000E+00 0.160E-13 0.193E-09 0.863E-09 0.106E-10 0.000E+00 0.000E+00
    55.0 0.000E+00 0.532E-13 0.220E-09 0.644E-09 0.144E-11 0.000E+00 0.000E+00

  E*/MeV   254Rf     255Rf     256Rf     257Rf     258Rf     259Rf     260Rf  
    40.0 0.000E+00 0.510E-10 0.282E-08 0.400E-09 0.000E+00 0.327E-10 0.156E-11
    41.0 0.388E-15 0.977E-10 0.204E-08 0.213E-09 0.000E+00 0.354E-10 0.927E-12
    42.0 0.242E-14 0.171E-09 0.141E-08 0.113E-09 0.000E+00 0.356E-10 0.540E-12
    43.0 0.123E-13 0.271E-09 0.941E-09 0.582E-10 0.000E+00 0.335E-10 0.308E-12
    44.0 0.460E-13 0.394E-09 0.612E-09 0.279E-10 0.000E+00 0.298E-10 0.170E-12
    45.0 0.145E-12 0.522E-09 0.389E-09 0.604E-11 0.000E+00 0.251E-10 0.845E-13
    46.0 0.396E-12 0.633E-09 0.242E-09 0.000E+00 0.000E+00 0.202E-10 0.184E-13
    47.0 0.963E-12 0.706E-09 0.149E-09 0.000E+00 0.000E+00 0.156E-10 0.000E+00
    48.0 0.211E-11 0.731E-09 0.906E-10 0.000E+00 0.000E+00 0.117E-10 0.000E+00
    49.0 0.420E-11 0.707E-09 0.545E-10 0.000E+00 0.000E+00 0.847E-11 0.000E+00
    50.0 0.762E-11 0.646E-09 0.325E-10 0.000E+00 0.000E+00 0.598E-11 0.000E+00
    51.0 0.126E-10 0.561E-09 0.191E-10 0.000E+00 0.000E+00 0.413E-11 0.000E+00
    52.0 0.191E-10 0.466E-09 0.108E-10 0.000E+00 0.000E+00 0.280E-11 0.000E+00
    53.0 0.264E-10 0.373E-09 0.589E-11 0.000E+00 0.000E+00 0.187E-11 0.000E+00
    54.0 0.338E-10 0.290E-09 0.211E-11 0.000E+00 0.000E+00 0.123E-11 0.000E+00
    55.0 0.402E-10 0.219E-09 0.000E+00 0.000E+00 0.000E+00 0.797E-12 0.000E+00

 Z-Verteilung  
 E*/MeV     Rf         Ha         Sg  
   40.0  0.331E-08 0.117E-07 0.239E-07
   41.0  0.238E-08 0.838E-08 0.165E-07
   42.0  0.173E-08 0.605E-08 0.114E-07
   43.0  0.130E-08 0.459E-08 0.786E-08
   44.0  0.106E-08 0.377E-08 0.540E-08
   45.0  0.942E-09 0.335E-08 0.368E-08
   46.0  0.895E-09 0.314E-08 0.250E-08
   47.0  0.871E-09 0.299E-08 0.171E-08
   48.0  0.835E-09 0.279E-08 0.120E-08
   49.0  0.774E-09 0.253E-08 0.890E-09
   50.0  0.692E-09 0.222E-08 0.705E-09
   51.0  0.596E-09 0.190E-08 0.618E-09
   52.0  0.499E-09 0.159E-08 0.551E-09
   53.0  0.408E-09 0.131E-08 0.489E-09
   54.0  0.327E-09 0.107E-08 0.428E-09
   55.0  0.260E-09 0.865E-09 0.365E-09

 Z und A Mittelwerte    
   E*/MeV     MW.Z  St.Abw.Z      MW.A  St.Abw.A
    40.0    105.53      0.65    258.60      0.87
    41.0    105.52      0.65    258.51      0.89
    42.0    105.50      0.66    258.42      0.91
    43.0    105.48      0.66    258.31      0.94
    44.0    105.42      0.67    258.17      0.99
    45.0    105.34      0.68    258.01      1.05
    46.0    105.25      0.68    257.85      1.11
    47.0    105.15      0.66    257.70      1.15
    48.0    105.08      0.64    257.56      1.18
    49.0    105.03      0.63    257.46      1.19
    50.0    105.00      0.62    257.37      1.19
    51.0    105.01      0.62    257.31      1.18
    52.0    105.02      0.63    257.25      1.17
    53.0    105.04      0.64    257.20      1.16
    54.0    105.06      0.64    257.15      1.15
    55.0    105.07      0.64    257.09      1.13

 HIVAP  CASOUT

   54Cr + 208Pb ---> 262Sg IFUS10 barfac1.0 14/09/2022 16:24 (Sitarcik) 


     E_lab  A*MeV   E*/MeV     SI_fus      SI_VR     SI_Spalt  L_krit     b_Spalt

   304.168    5.63    56.0  0.1066E+03  0.1217E-08  0.1066E+03    41.0      100.00
   305.428    5.66    57.0  0.1062E+03  0.9871E-09  0.1062E+03    41.0      100.00
   306.687    5.68    58.0  0.1057E+03  0.7937E-09  0.1057E+03    41.0      100.00
   307.947    5.70    59.0  0.1053E+03  0.6363E-09  0.1053E+03    41.0      100.00
   309.207    5.73    60.0  0.1049E+03  0.5087E-09  0.1049E+03    41.0      100.00
   310.466    5.75    61.0  0.1045E+03  0.4047E-09  0.1045E+03    41.0      100.00
   311.726    5.77    62.0  0.1040E+03  0.3211E-09  0.1040E+03    41.0      100.00
   312.985    5.80    63.0  0.1036E+03  0.2550E-09  0.1036E+03    41.0      100.00
   314.245    5.82    64.0  0.1032E+03  0.2037E-09  0.1032E+03    41.0      100.00
   315.505    5.84    65.0  0.1028E+03  0.1645E-09  0.1028E+03    41.0      100.00
   316.764    5.87    66.0  0.1024E+03  0.1346E-09  0.1024E+03    41.0      100.00
   318.024    5.89    67.0  0.1020E+03  0.1118E-09  0.1020E+03    41.0      100.00
   319.284    5.91    68.0  0.1016E+03  0.9426E-10  0.1016E+03    41.0      100.00
   320.543    5.94    69.0  0.1012E+03  0.7980E-10  0.1012E+03    41.0      100.00
   321.803    5.96    70.0  0.1008E+03  0.6851E-10  0.1008E+03    41.0      100.00
   323.062    5.98    71.0  0.1004E+03  0.5981E-10  0.1004E+03    41.0      100.00

     Querschnitte / mbarn

  E*/MeV   256Sg     257Sg     258Sg     259Sg     260Sg     261Sg     262Sg  
    56.0 0.302E-11 0.278E-09 0.234E-10 0.000E+00 0.000E+00 0.000E+00 0.000E+00
    57.0 0.485E-11 0.231E-09 0.122E-10 0.000E+00 0.000E+00 0.000E+00 0.000E+00
    58.0 0.692E-11 0.186E-09 0.326E-11 0.000E+00 0.000E+00 0.000E+00 0.000E+00
    59.0 0.897E-11 0.146E-09 0.000E+00 0.000E+00 0.000E+00 0.000E+00 0.000E+00
    60.0 0.107E-10 0.112E-09 0.000E+00 0.000E+00 0.000E+00 0.000E+00 0.000E+00
    61.0 0.120E-10 0.849E-10 0.000E+00 0.000E+00 0.000E+00 0.000E+00 0.000E+00
    62.0 0.126E-10 0.630E-10 0.000E+00 0.000E+00 0.000E+00 0.000E+00 0.000E+00
    63.0 0.127E-10 0.461E-10 0.000E+00 0.000E+00 0.000E+00 0.000E+00 0.000E+00
    64.0 0.122E-10 0.333E-10 0.000E+00 0.000E+00 0.000E+00 0.000E+00 0.000E+00
    65.0 0.113E-10 0.238E-10 0.000E+00 0.000E+00 0.000E+00 0.000E+00 0.000E+00
    66.0 0.101E-10 0.168E-10 0.000E+00 0.000E+00 0.000E+00 0.000E+00 0.000E+00
    67.0 0.885E-11 0.118E-10 0.000E+00 0.000E+00 0.000E+00 0.000E+00 0.000E+00
    68.0 0.753E-11 0.815E-11 0.000E+00 0.000E+00 0.000E+00 0.000E+00 0.000E+00
    69.0 0.627E-11 0.558E-11 0.000E+00 0.000E+00 0.000E+00 0.000E+00 0.000E+00
    70.0 0.513E-11 0.366E-11 0.000E+00 0.000E+00 0.000E+00 0.000E+00 0.000E+00
    71.0 0.412E-11 0.232E-11 0.000E+00 0.000E+00 0.000E+00 0.000E+00 0.000E+00

  E*/MeV   255Ha     256Ha     257Ha     258Ha     259Ha     260Ha     261Ha  
    56.0 0.000E+00 0.155E-12 0.235E-09 0.470E-09 0.000E+00 0.000E+00 0.000E+00
    57.0 0.000E+00 0.397E-12 0.238E-09 0.337E-09 0.000E+00 0.000E+00 0.000E+00
    58.0 0.000E+00 0.910E-12 0.230E-09 0.237E-09 0.000E+00 0.000E+00 0.000E+00
    59.0 0.000E+00 0.188E-11 0.212E-09 0.165E-09 0.000E+00 0.000E+00 0.000E+00
    60.0 0.438E-16 0.353E-11 0.189E-09 0.113E-09 0.000E+00 0.000E+00 0.000E+00
    61.0 0.205E-15 0.607E-11 0.163E-09 0.768E-10 0.000E+00 0.000E+00 0.000E+00
    62.0 0.825E-15 0.959E-11 0.136E-09 0.517E-10 0.000E+00 0.000E+00 0.000E+00
    63.0 0.282E-14 0.140E-10 0.111E-09 0.344E-10 0.000E+00 0.000E+00 0.000E+00
    64.0 0.842E-14 0.192E-10 0.883E-10 0.227E-10 0.000E+00 0.000E+00 0.000E+00
    65.0 0.223E-13 0.245E-10 0.690E-10 0.148E-10 0.000E+00 0.000E+00 0.000E+00
    66.0 0.528E-13 0.296E-10 0.530E-10 0.953E-11 0.000E+00 0.000E+00 0.000E+00
    67.0 0.113E-12 0.339E-10 0.400E-10 0.586E-11 0.000E+00 0.000E+00 0.000E+00
    68.0 0.219E-12 0.370E-10 0.298E-10 0.349E-11 0.000E+00 0.000E+00 0.000E+00
    69.0 0.390E-12 0.388E-10 0.219E-10 0.126E-11 0.000E+00 0.000E+00 0.000E+00
    70.0 0.642E-12 0.391E-10 0.160E-10 0.196E-12 0.000E+00 0.000E+00 0.000E+00
    71.0 0.980E-12 0.381E-10 0.115E-10 0.000E+00 0.000E+00 0.000E+00 0.000E+00

  E*/MeV   254Rf     255Rf     256Rf     257Rf     258Rf     259Rf     260Rf  
    56.0 0.446E-10 0.161E-09 0.000E+00 0.000E+00 0.000E+00 0.509E-12 0.000E+00
    57.0 0.467E-10 0.117E-09 0.000E+00 0.000E+00 0.000E+00 0.323E-12 0.000E+00
    58.0 0.463E-10 0.828E-10 0.000E+00 0.000E+00 0.000E+00 0.194E-12 0.000E+00
    59.0 0.438E-10 0.579E-10 0.000E+00 0.000E+00 0.000E+00 0.107E-12 0.000E+00
    60.0 0.399E-10 0.400E-10 0.000E+00 0.000E+00 0.000E+00 0.359E-13 0.000E+00
    61.0 0.350E-10 0.273E-10 0.000E+00 0.000E+00 0.000E+00 0.000E+00 0.000E+00
    62.0 0.297E-10 0.184E-10 0.000E+00 0.000E+00 0.000E+00 0.000E+00 0.000E+00
    63.0 0.246E-10 0.123E-10 0.000E+00 0.000E+00 0.000E+00 0.000E+00 0.000E+00
    64.0 0.198E-10 0.818E-11 0.000E+00 0.000E+00 0.000E+00 0.000E+00 0.000E+00
    65.0 0.157E-10 0.536E-11 0.000E+00 0.000E+00 0.000E+00 0.000E+00 0.000E+00
    66.0 0.122E-10 0.338E-11 0.000E+00 0.000E+00 0.000E+00 0.000E+00 0.000E+00
    67.0 0.927E-11 0.202E-11 0.000E+00 0.000E+00 0.000E+00 0.000E+00 0.000E+00
    68.0 0.697E-11 0.104E-11 0.000E+00 0.000E+00 0.000E+00 0.000E+00 0.000E+00
    69.0 0.517E-11 0.376E-12 0.000E+00 0.000E+00 0.000E+00 0.000E+00 0.000E+00
    70.0 0.378E-11 0.000E+00 0.000E+00 0.000E+00 0.000E+00 0.000E+00 0.000E+00
    71.0 0.274E-11 0.000E+00 0.000E+00 0.000E+00 0.000E+00 0.000E+00 0.000E+00

 Z-Verteilung  
 E*/MeV     Rf         Ha         Sg  
   56.0  0.206E-09 0.706E-09 0.304E-09
   57.0  0.164E-09 0.576E-09 0.248E-09
   58.0  0.129E-09 0.468E-09 0.196E-09
   59.0  0.102E-09 0.379E-09 0.155E-09
   60.0  0.799E-10 0.306E-09 0.123E-09
   61.0  0.623E-10 0.246E-09 0.968E-10
   62.0  0.482E-10 0.197E-09 0.756E-10
   63.0  0.369E-10 0.159E-09 0.588E-10
   64.0  0.280E-10 0.130E-09 0.455E-10
   65.0  0.210E-10 0.108E-09 0.351E-10
   66.0  0.155E-10 0.921E-10 0.270E-10
   67.0  0.113E-10 0.799E-10 0.207E-10
   68.0  0.801E-11 0.706E-10 0.157E-10
   69.0  0.554E-11 0.624E-10 0.119E-10
   70.0  0.378E-11 0.559E-10 0.879E-11
   71.0  0.274E-11 0.506E-10 0.644E-11

 Z und A Mittelwerte    
   E*/MeV     MW.Z  St.Abw.Z      MW.A  St.Abw.A
    56.0    105.08      0.64    257.03      1.13
    57.0    105.09      0.64    256.97      1.12
    58.0    105.08      0.63    256.91      1.12
    59.0    105.08      0.63    256.85      1.11
    60.0    105.09      0.63    256.80      1.11
    61.0    105.09      0.62    256.75      1.10
    62.0    105.09      0.62    256.70      1.10
    63.0    105.09      0.61    256.64      1.08
    64.0    105.09      0.59    256.59      1.06
    65.0    105.09      0.58    256.52      1.03
    66.0    105.08      0.56    256.45      0.99
    67.0    105.08      0.53    256.38      0.94
    68.0    105.08      0.49    256.32      0.87
    69.0    105.08      0.46    256.24      0.79
    70.0    105.07      0.42    256.17      0.71
    71.0    105.06      0.39    256.12      0.64

 HIVAP  CASOUT

   54Cr + 208Pb ---> 262Sg IFUS10 barfac1.0 14/09/2022 16:24 (Sitarcik) 


     E_lab  A*MeV   E*/MeV     SI_fus      SI_VR     SI_Spalt  L_krit     b_Spalt

   324.322    6.01    72.0  0.1000E+03  0.5167E-10  0.1000E+03    41.0      100.00
   325.582    6.03    73.0  0.9961E+02  0.4492E-10  0.9961E+02    41.0      100.00
   326.841    6.05    74.0  0.9923E+02  0.3902E-10  0.9923E+02    41.0      100.00
   328.101    6.08    75.0  0.9885E+02  0.3382E-10  0.9885E+02    41.0      100.00
   329.360    6.10    76.0  0.9847E+02  0.2912E-10  0.9847E+02    41.0      100.00
   330.620    6.12    77.0  0.9809E+02  0.2496E-10  0.9809E+02    41.0      100.00
   331.880    6.15    78.0  0.9772E+02  0.2097E-10  0.9772E+02    41.0      100.00
   333.139    6.17    79.0  0.9735E+02  0.1767E-10  0.9735E+02    41.0      100.00
   334.399    6.19    80.0  0.9699E+02  0.1483E-10  0.9699E+02    41.0      100.00

     Querschnitte / mbarn

  E*/MeV   256Sg     257Sg     258Sg     259Sg     260Sg     261Sg     262Sg  
    72.0 0.326E-11 0.777E-12 0.000E+00 0.000E+00 0.000E+00 0.000E+00 0.000E+00
    73.0 0.254E-11 0.159E-12 0.000E+00 0.000E+00 0.000E+00 0.000E+00 0.000E+00
    74.0 0.196E-11 0.000E+00 0.000E+00 0.000E+00 0.000E+00 0.000E+00 0.000E+00
    75.0 0.149E-11 0.000E+00 0.000E+00 0.000E+00 0.000E+00 0.000E+00 0.000E+00
    76.0 0.112E-11 0.000E+00 0.000E+00 0.000E+00 0.000E+00 0.000E+00 0.000E+00
    77.0 0.833E-12 0.000E+00 0.000E+00 0.000E+00 0.000E+00 0.000E+00 0.000E+00
    78.0 0.611E-12 0.000E+00 0.000E+00 0.000E+00 0.000E+00 0.000E+00 0.000E+00
    79.0 0.428E-12 0.000E+00 0.000E+00 0.000E+00 0.000E+00 0.000E+00 0.000E+00
    80.0 0.260E-12 0.000E+00 0.000E+00 0.000E+00 0.000E+00 0.000E+00 0.000E+00

  E*/MeV   255Ha     256Ha     257Ha     258Ha     259Ha     260Ha     261Ha  
    72.0 0.140E-11 0.361E-10 0.821E-11 0.000E+00 0.000E+00 0.000E+00 0.000E+00
    73.0 0.188E-11 0.332E-10 0.580E-11 0.000E+00 0.000E+00 0.000E+00 0.000E+00
    74.0 0.240E-11 0.296E-10 0.407E-11 0.000E+00 0.000E+00 0.000E+00 0.000E+00
    75.0 0.290E-11 0.260E-10 0.276E-11 0.000E+00 0.000E+00 0.000E+00 0.000E+00
    76.0 0.336E-11 0.224E-10 0.188E-11 0.000E+00 0.000E+00 0.000E+00 0.000E+00
    77.0 0.374E-11 0.189E-10 0.126E-11 0.000E+00 0.000E+00 0.000E+00 0.000E+00
    78.0 0.402E-11 0.157E-10 0.597E-12 0.000E+00 0.000E+00 0.000E+00 0.000E+00
    79.0 0.417E-11 0.128E-10 0.221E-12 0.000E+00 0.000E+00 0.000E+00 0.000E+00
    80.0 0.420E-11 0.104E-10 0.000E+00 0.000E+00 0.000E+00 0.000E+00 0.000E+00

  E*/MeV   254Rf     255Rf     256Rf     257Rf     258Rf     259Rf     260Rf  
    72.0 0.197E-11 0.000E+00 0.000E+00 0.000E+00 0.000E+00 0.000E+00 0.000E+00
    73.0 0.138E-11 0.000E+00 0.000E+00 0.000E+00 0.000E+00 0.000E+00 0.000E+00
    74.0 0.957E-12 0.000E+00 0.000E+00 0.000E+00 0.000E+00 0.000E+00 0.000E+00
    75.0 0.651E-12 0.000E+00 0.000E+00 0.000E+00 0.000E+00 0.000E+00 0.000E+00
    76.0 0.383E-12 0.000E+00 0.000E+00 0.000E+00 0.000E+00 0.000E+00 0.000E+00
    77.0 0.232E-12 0.000E+00 0.000E+00 0.000E+00 0.000E+00 0.000E+00 0.000E+00
    78.0 0.519E-13 0.000E+00 0.000E+00 0.000E+00 0.000E+00 0.000E+00 0.000E+00
    79.0 0.000E+00 0.000E+00 0.000E+00 0.000E+00 0.000E+00 0.000E+00 0.000E+00
    80.0 0.000E+00 0.000E+00 0.000E+00 0.000E+00 0.000E+00 0.000E+00 0.000E+00

 Z-Verteilung  
 E*/MeV     Rf         Ha         Sg  
   72.0  0.197E-11 0.457E-10 0.403E-11
   73.0  0.138E-11 0.408E-10 0.270E-11
   74.0  0.957E-12 0.361E-10 0.196E-11
   75.0  0.651E-12 0.317E-10 0.149E-11
   76.0  0.383E-12 0.276E-10 0.112E-11
   77.0  0.232E-12 0.239E-10 0.833E-12
   78.0  0.519E-13 0.203E-10 0.611E-12
   79.0  0.000E+00 0.172E-10 0.428E-12
   80.0  0.000E+00 0.146E-10 0.260E-12

 Z und A Mittelwerte    
   E*/MeV     MW.Z  St.Abw.Z      MW.A  St.Abw.A
    72.0    105.04      0.34    256.07      0.59
    73.0    105.03      0.30    256.03      0.54
    74.0    105.03      0.27    255.99      0.51
    75.0    105.02      0.25    255.96      0.49
    76.0    105.03      0.23    255.92      0.48
    77.0    105.02      0.21    255.88      0.47
    78.0    105.03      0.18    255.83      0.45
    79.0    105.02      0.15    255.78      0.45
    80.0    105.02      0.13    255.72      0.45
                                                                        
           



 Ende HIVAP 
