          Programm HIVAP,  Autor  W.Reisdorf   Version fuer "rzri6f" vom  7. 6. 1994

           Bearbeitung F.P.Heﬂberger
           
   90Zr 103Rh 193At IFUS10 barfac0.42 sigr3.0 09/11/2023 10:32 Sitarcik 
           

 Unterprogramm SEPENF

 benutzt Sierks Programm BARFIT 
 Q-Wert  -176.768 MeV
 Massen aus der Datei "mlz.dat" 

         Exp. Schaleneffekte,  SHELL0=    0.00
          At  184   At  185   At  186   At  187   At  188   At  189   At  190   At  191   At  192   At  193
             -0.96     -0.15     -0.95     -0.13     -0.92     -0.10     -0.88     -0.07     -0.87     -0.14
          Po  183   Po  184   Po  185   Po  186   Po  187   Po  188   Po  189   Po  190   Po  191   Po  192
             -0.41      0.51     -0.23      0.60     -0.21      0.55     -0.34      0.34     -0.63     -0.03
          Bi  182   Bi  183   Bi  184   Bi  185   Bi  186   Bi  187   Bi  188   Bi  189   Bi  190   Bi  191
             -2.02     -1.09     -1.82     -0.98     -1.79     -1.03     -1.92     -1.24     -2.20     -1.60
          Pb  181   Pb  182   Pb  183   Pb  184   Pb  185   Pb  186   Pb  187   Pb  188   Pb  189   Pb  190
             -2.05     -1.11     -1.85     -1.00     -1.81     -1.05     -1.94     -1.26     -2.22     -1.62

           BARFAC=   0.420      BAR0=   0.000

          Separationsenergien (BN,BP,BA) und Spaltbarrieren
          At  184   At  185   At  186   At  187   At  188   At  189   At  190   At  191   At  192   At  193
             10.83     12.24     10.41     11.81     10.00     11.40      9.60     11.01      9.25     10.70
             -2.63     -2.25     -1.92     -1.64     -1.40     -1.20     -1.04     -0.93     -0.82     -0.71
             -9.93     -9.63     -9.36     -9.14     -8.96     -8.83     -8.72     -8.66     -8.59     -8.53
              2.73      2.02      2.92      2.20      3.09      2.38      3.26      2.55      3.45      2.82
             -1.62     -0.81     -1.61     -0.80     -1.60     -0.80     -1.60     -0.80     -1.59     -0.79
          Po  183   Po  184   Po  185   Po  186   Po  187   Po  188   Po  189   Po  190   Po  191   Po  192
             10.41     11.86     10.08     11.54      9.75     11.20      9.44     10.89      9.14     10.58
             -1.08     -0.82     -0.54     -0.28     -0.02      0.24      0.50      0.75      1.01      1.26
            -10.16     -9.96     -9.74     -9.53     -9.32     -9.12     -8.90     -8.69     -8.47     -8.26
              2.57      1.76      2.61      1.89      2.81      2.16      3.16      2.60      3.66      3.17
             -0.81      0.00     -0.81      0.00     -0.80      0.00     -0.80      0.00     -0.80      0.00
          Bi  182   Bi  183   Bi  184   Bi  185   Bi  186   Bi  187   Bi  188   Bi  189   Bi  190   Bi  191
             10.14     11.60      9.81     11.27      9.49     10.95      9.18     10.64      8.88     10.33
             -2.30     -2.03     -1.76     -1.49     -1.22     -0.96     -0.69     -0.43     -0.17      0.09
             -8.19     -7.99     -7.78     -7.58     -7.36     -7.16     -6.93     -6.73     -6.50     -6.30
              4.62      3.81      4.67      3.94      4.87      4.22      5.22      4.65      5.72      5.23
             -1.63     -0.81     -1.62     -0.81     -1.61     -0.80     -1.60     -0.80     -1.60     -0.80
          Pb  181   Pb  182   Pb  183   Pb  184   Pb  185   Pb  186   Pb  187   Pb  188   Pb  189   Pb  190
              9.86     11.33      9.54     11.00      9.22     10.68      8.92     10.38      8.62     10.08
              1.42      1.68      1.94      2.20      2.46      2.71      2.97      3.22      3.47      3.72
             -6.22     -6.03     -5.81     -5.61     -5.39     -5.19     -4.97     -4.76     -4.54     -4.33
              5.14      4.33      5.19      4.46      5.40      4.75      5.76      5.19      6.27      5.77
             -0.82      0.00     -0.81      0.00     -0.81      0.00     -0.80      0.00     -0.80      0.00

 benutzter Q-Wert  -176.768 MeV    effektiver Q-Wert  -176.768 MeV

 HIVAP  CASOUT

   90Zr 103Rh 193At IFUS10 barfac0.42 sigr3.0 09/11/2023 10:32 Sitarcik 


     E_lab  A*MeV   E*/MeV     SI_fus      SI_VR     SI_Spalt  L_krit     b_Spalt

   346.215    3.85     8.0  0.7449E-04  0.8718E-08  0.7448E-04     0.0       99.99
   348.089    3.87     9.0  0.3763E-03  0.3193E-07  0.3763E-03     0.0       99.99
   349.963    3.89    10.0  0.1798E-02  0.1585E-06  0.1798E-02     0.0       99.99
   351.837    3.91    11.0  0.7419E-02  0.6478E-06  0.7418E-02     0.0       99.99
   353.711    3.93    12.0  0.2405E-01  0.1803E-05  0.2404E-01     0.0       99.99
   355.584    3.95    13.0  0.6101E-01  0.3968E-05  0.6100E-01     0.0       99.99
   357.458    3.97    14.0  0.1312E+00  0.8308E-05  0.1312E+00     0.0       99.99
   359.332    3.99    15.0  0.2565E+00  0.1783E-04  0.2565E+00     0.0       99.99
   361.206    4.01    16.0  0.4634E+00  0.3064E-04  0.4634E+00     0.0       99.99
   363.079    4.03    17.0  0.7859E+00  0.3720E-04  0.7859E+00     0.0      100.00
   364.953    4.06    18.0  0.1268E+01  0.3818E-04  0.1268E+01     0.0      100.00
   366.827    4.08    19.0  0.1962E+01  0.3621E-04  0.1962E+01     0.0      100.00
   368.701    4.10    20.0  0.2938E+01  0.3242E-04  0.2938E+01     0.0       99.99
   370.575    4.12    21.0  0.4270E+01  0.2862E-04  0.4269E+01     0.0       99.99
   372.448    4.14    22.0  0.6047E+01  0.2568E-04  0.6045E+01     0.0       99.96
   374.322    4.16    23.0  0.8351E+01  0.2439E-04  0.8346E+01     0.0       99.93

     Querschnitte / mbarn

  E*/MeV   184At     185At     186At     187At     188At     189At     190At     191At     192At     193At  
     8.0 0.000E+00 0.000E+00 0.000E+00 0.000E+00 0.000E+00 0.000E+00 0.000E+00 0.000E+00 0.000E+00 0.641E-08
     9.0 0.000E+00 0.000E+00 0.000E+00 0.000E+00 0.000E+00 0.000E+00 0.000E+00 0.000E+00 0.000E+00 0.112E-07
    10.0 0.000E+00 0.000E+00 0.000E+00 0.000E+00 0.000E+00 0.000E+00 0.000E+00 0.000E+00 0.000E+00 0.183E-07
    11.0 0.000E+00 0.000E+00 0.000E+00 0.000E+00 0.000E+00 0.000E+00 0.000E+00 0.000E+00 0.495E-10 0.235E-07
    12.0 0.000E+00 0.000E+00 0.000E+00 0.000E+00 0.000E+00 0.000E+00 0.000E+00 0.000E+00 0.231E-07 0.273E-07
    13.0 0.000E+00 0.000E+00 0.000E+00 0.000E+00 0.000E+00 0.000E+00 0.000E+00 0.000E+00 0.644E-06 0.304E-07
    14.0 0.000E+00 0.000E+00 0.000E+00 0.000E+00 0.000E+00 0.000E+00 0.000E+00 0.000E+00 0.337E-05 0.335E-07
    15.0 0.000E+00 0.000E+00 0.000E+00 0.000E+00 0.000E+00 0.000E+00 0.000E+00 0.000E+00 0.111E-04 0.374E-07
    16.0 0.000E+00 0.000E+00 0.000E+00 0.000E+00 0.000E+00 0.000E+00 0.000E+00 0.000E+00 0.218E-04 0.401E-07
    17.0 0.000E+00 0.000E+00 0.000E+00 0.000E+00 0.000E+00 0.000E+00 0.000E+00 0.000E+00 0.260E-04 0.424E-07
    18.0 0.000E+00 0.000E+00 0.000E+00 0.000E+00 0.000E+00 0.000E+00 0.000E+00 0.000E+00 0.247E-04 0.469E-07
    19.0 0.000E+00 0.000E+00 0.000E+00 0.000E+00 0.000E+00 0.000E+00 0.000E+00 0.000E+00 0.214E-04 0.621E-07
    20.0 0.000E+00 0.000E+00 0.000E+00 0.000E+00 0.000E+00 0.000E+00 0.000E+00 0.000E+00 0.172E-04 0.651E-07
    21.0 0.000E+00 0.000E+00 0.000E+00 0.000E+00 0.000E+00 0.000E+00 0.000E+00 0.168E-09 0.136E-04 0.487E-07
    22.0 0.000E+00 0.000E+00 0.000E+00 0.000E+00 0.000E+00 0.000E+00 0.000E+00 0.489E-08 0.105E-04 0.000E+00
    23.0 0.000E+00 0.000E+00 0.000E+00 0.000E+00 0.000E+00 0.000E+00 0.000E+00 0.480E-07 0.776E-05 0.000E+00

  E*/MeV   183Po     184Po     185Po     186Po     187Po     188Po     189Po     190Po     191Po     192Po  
     8.0 0.000E+00 0.000E+00 0.000E+00 0.000E+00 0.000E+00 0.000E+00 0.000E+00 0.000E+00 0.000E+00 0.229E-08
     9.0 0.000E+00 0.000E+00 0.000E+00 0.000E+00 0.000E+00 0.000E+00 0.000E+00 0.000E+00 0.000E+00 0.205E-07
    10.0 0.000E+00 0.000E+00 0.000E+00 0.000E+00 0.000E+00 0.000E+00 0.000E+00 0.000E+00 0.000E+00 0.137E-06
    11.0 0.000E+00 0.000E+00 0.000E+00 0.000E+00 0.000E+00 0.000E+00 0.000E+00 0.000E+00 0.000E+00 0.604E-06
    12.0 0.000E+00 0.000E+00 0.000E+00 0.000E+00 0.000E+00 0.000E+00 0.000E+00 0.000E+00 0.000E+00 0.165E-05
    13.0 0.000E+00 0.000E+00 0.000E+00 0.000E+00 0.000E+00 0.000E+00 0.000E+00 0.000E+00 0.000E+00 0.293E-05
    14.0 0.000E+00 0.000E+00 0.000E+00 0.000E+00 0.000E+00 0.000E+00 0.000E+00 0.000E+00 0.000E+00 0.391E-05
    15.0 0.000E+00 0.000E+00 0.000E+00 0.000E+00 0.000E+00 0.000E+00 0.000E+00 0.000E+00 0.618E-12 0.438E-05
    16.0 0.000E+00 0.000E+00 0.000E+00 0.000E+00 0.000E+00 0.000E+00 0.000E+00 0.000E+00 0.114E-09 0.431E-05
    17.0 0.000E+00 0.000E+00 0.000E+00 0.000E+00 0.000E+00 0.000E+00 0.000E+00 0.000E+00 0.133E-08 0.387E-05
    18.0 0.000E+00 0.000E+00 0.000E+00 0.000E+00 0.000E+00 0.000E+00 0.000E+00 0.000E+00 0.892E-08 0.323E-05
    19.0 0.000E+00 0.000E+00 0.000E+00 0.000E+00 0.000E+00 0.000E+00 0.000E+00 0.000E+00 0.459E-07 0.255E-05
    20.0 0.000E+00 0.000E+00 0.000E+00 0.000E+00 0.000E+00 0.000E+00 0.000E+00 0.000E+00 0.181E-06 0.193E-05
    21.0 0.000E+00 0.000E+00 0.000E+00 0.000E+00 0.000E+00 0.000E+00 0.000E+00 0.000E+00 0.565E-06 0.140E-05
    22.0 0.000E+00 0.000E+00 0.000E+00 0.000E+00 0.000E+00 0.000E+00 0.000E+00 0.000E+00 0.143E-05 0.993E-06
    23.0 0.000E+00 0.000E+00 0.000E+00 0.000E+00 0.000E+00 0.000E+00 0.000E+00 0.000E+00 0.293E-05 0.710E-06

  E*/MeV   182Bi     183Bi     184Bi     185Bi     186Bi     187Bi     188Bi     189Bi     190Bi     191Bi  
     8.0 0.000E+00 0.000E+00 0.000E+00 0.000E+00 0.000E+00 0.000E+00 0.000E+00 0.182E-10 0.000E+00 0.000E+00
     9.0 0.000E+00 0.000E+00 0.000E+00 0.000E+00 0.000E+00 0.000E+00 0.000E+00 0.240E-09 0.000E+00 0.000E+00
    10.0 0.000E+00 0.000E+00 0.000E+00 0.000E+00 0.000E+00 0.000E+00 0.000E+00 0.264E-08 0.000E+00 0.000E+00
    11.0 0.000E+00 0.000E+00 0.000E+00 0.000E+00 0.000E+00 0.000E+00 0.000E+00 0.201E-07 0.000E+00 0.175E-13
    12.0 0.000E+00 0.000E+00 0.000E+00 0.000E+00 0.000E+00 0.000E+00 0.000E+00 0.103E-06 0.000E+00 0.899E-12
    13.0 0.000E+00 0.000E+00 0.000E+00 0.000E+00 0.000E+00 0.000E+00 0.000E+00 0.360E-06 0.000E+00 0.137E-10
    14.0 0.000E+00 0.000E+00 0.000E+00 0.000E+00 0.000E+00 0.000E+00 0.000E+00 0.991E-06 0.000E+00 0.124E-09
    15.0 0.000E+00 0.000E+00 0.000E+00 0.000E+00 0.000E+00 0.000E+00 0.000E+00 0.229E-05 0.000E+00 0.809E-09
    16.0 0.000E+00 0.000E+00 0.000E+00 0.000E+00 0.000E+00 0.000E+00 0.000E+00 0.445E-05 0.000E+00 0.400E-08
    17.0 0.000E+00 0.000E+00 0.000E+00 0.000E+00 0.000E+00 0.000E+00 0.000E+00 0.727E-05 0.000E+00 0.160E-07
    18.0 0.000E+00 0.000E+00 0.000E+00 0.000E+00 0.000E+00 0.000E+00 0.154E-10 0.101E-04 0.000E+00 0.536E-07
    19.0 0.000E+00 0.000E+00 0.000E+00 0.000E+00 0.000E+00 0.000E+00 0.235E-09 0.119E-04 0.000E+00 0.155E-06
    20.0 0.000E+00 0.000E+00 0.000E+00 0.000E+00 0.000E+00 0.000E+00 0.163E-08 0.125E-04 0.000E+00 0.394E-06
    21.0 0.000E+00 0.000E+00 0.000E+00 0.000E+00 0.000E+00 0.000E+00 0.779E-08 0.118E-04 0.000E+00 0.879E-06
    22.0 0.000E+00 0.000E+00 0.000E+00 0.000E+00 0.000E+00 0.000E+00 0.300E-07 0.103E-04 0.000E+00 0.174E-05
    23.0 0.000E+00 0.000E+00 0.000E+00 0.000E+00 0.000E+00 0.000E+00 0.973E-07 0.839E-05 0.204E-11 0.304E-05

  E*/MeV   181Pb     182Pb     183Pb     184Pb     185Pb     186Pb     187Pb     188Pb     189Pb     190Pb  
     8.0 0.000E+00 0.000E+00 0.000E+00 0.000E+00 0.000E+00 0.000E+00 0.000E+00 0.000E+00 0.000E+00 0.000E+00
     9.0 0.000E+00 0.000E+00 0.000E+00 0.000E+00 0.000E+00 0.000E+00 0.000E+00 0.000E+00 0.000E+00 0.000E+00
    10.0 0.000E+00 0.000E+00 0.000E+00 0.000E+00 0.000E+00 0.000E+00 0.000E+00 0.000E+00 0.000E+00 0.000E+00
    11.0 0.000E+00 0.000E+00 0.000E+00 0.000E+00 0.000E+00 0.000E+00 0.000E+00 0.000E+00 0.000E+00 0.000E+00
    12.0 0.000E+00 0.000E+00 0.000E+00 0.000E+00 0.000E+00 0.000E+00 0.000E+00 0.126E-11 0.000E+00 0.000E+00
    13.0 0.000E+00 0.000E+00 0.000E+00 0.000E+00 0.000E+00 0.000E+00 0.000E+00 0.134E-10 0.000E+00 0.000E+00
    14.0 0.000E+00 0.000E+00 0.000E+00 0.000E+00 0.000E+00 0.000E+00 0.000E+00 0.901E-10 0.000E+00 0.000E+00
    15.0 0.000E+00 0.000E+00 0.000E+00 0.000E+00 0.000E+00 0.000E+00 0.000E+00 0.464E-09 0.000E+00 0.000E+00
    16.0 0.000E+00 0.000E+00 0.000E+00 0.000E+00 0.000E+00 0.000E+00 0.000E+00 0.194E-08 0.000E+00 0.263E-16
    17.0 0.000E+00 0.000E+00 0.000E+00 0.000E+00 0.000E+00 0.000E+00 0.000E+00 0.692E-08 0.000E+00 0.449E-14
    18.0 0.000E+00 0.000E+00 0.000E+00 0.000E+00 0.000E+00 0.000E+00 0.000E+00 0.217E-07 0.000E+00 0.879E-13
    19.0 0.000E+00 0.000E+00 0.000E+00 0.000E+00 0.000E+00 0.000E+00 0.000E+00 0.608E-07 0.000E+00 0.904E-12
    20.0 0.000E+00 0.000E+00 0.000E+00 0.000E+00 0.000E+00 0.000E+00 0.000E+00 0.154E-06 0.000E+00 0.633E-11
    21.0 0.000E+00 0.000E+00 0.000E+00 0.000E+00 0.000E+00 0.000E+00 0.000E+00 0.355E-06 0.000E+00 0.335E-10
    22.0 0.000E+00 0.000E+00 0.000E+00 0.000E+00 0.000E+00 0.000E+00 0.518E-11 0.745E-06 0.000E+00 0.144E-09
    23.0 0.000E+00 0.000E+00 0.000E+00 0.000E+00 0.000E+00 0.000E+00 0.577E-10 0.142E-05 0.000E+00 0.518E-09

 Z-Verteilung  
 E*/MeV     Pb         Bi         Po         At  
    8.0  0.000E+00 0.182E-10 0.229E-08 0.641E-08
    9.0  0.000E+00 0.240E-09 0.205E-07 0.112E-07
   10.0  0.000E+00 0.264E-08 0.137E-06 0.183E-07
   11.0  0.000E+00 0.201E-07 0.604E-06 0.236E-07
   12.0  0.126E-11 0.103E-06 0.165E-05 0.504E-07
   13.0  0.134E-10 0.360E-06 0.293E-05 0.675E-06
   14.0  0.901E-10 0.991E-06 0.391E-05 0.341E-05
   15.0  0.464E-09 0.229E-05 0.438E-05 0.112E-04
   16.0  0.194E-08 0.445E-05 0.431E-05 0.219E-04
   17.0  0.692E-08 0.729E-05 0.387E-05 0.260E-04
   18.0  0.217E-07 0.101E-04 0.324E-05 0.248E-04
   19.0  0.608E-07 0.121E-04 0.260E-05 0.214E-04
   20.0  0.154E-06 0.129E-04 0.211E-05 0.173E-04
   21.0  0.355E-06 0.127E-04 0.196E-05 0.136E-04
   22.0  0.745E-06 0.120E-04 0.242E-05 0.105E-04
   23.0  0.142E-05 0.115E-04 0.364E-05 0.780E-05

 Z und A Mittelwerte    
   E*/MeV     MW.Z  St.Abw.Z      MW.A  St.Abw.A
     8.0     84.73      0.45    192.73      0.47
     9.0     84.34      0.49    192.33      0.56
    10.0     84.10      0.35    192.07      0.51
    11.0     84.01      0.26    191.94      0.56
    12.0     83.97      0.29    191.84      0.71
    13.0     84.08      0.50    191.74      0.87
    14.0     84.29      0.67    191.65      0.98
    15.0     84.50      0.71    191.62      1.01
    16.0     84.57      0.73    191.57      1.06
    17.0     84.50      0.80    191.41      1.19
    18.0     84.38      0.88    191.21      1.33
    19.0     84.25      0.93    191.00      1.42
    20.0     84.13      0.97    190.81      1.46
    21.0     84.01      0.98    190.67      1.48
    22.0     83.88      0.99    190.56      1.46
    23.0     83.73      0.98    190.47      1.42

 HIVAP  CASOUT

   90Zr 103Rh 193At IFUS10 barfac0.42 sigr3.0 09/11/2023 10:32 Sitarcik 


     E_lab  A*MeV   E*/MeV     SI_fus      SI_VR     SI_Spalt  L_krit     b_Spalt

   376.196    4.18    24.0  0.1126E+02  0.2511E-04  0.1125E+02     0.0       99.89
   378.070    4.20    25.0  0.1487E+02  0.2773E-04  0.1484E+02    17.0       99.85
   379.944    4.22    26.0  0.1924E+02  0.3083E-04  0.1921E+02    24.0       99.82
   381.817    4.24    27.0  0.2444E+02  0.3364E-04  0.2438E+02    30.0       99.76
   383.691    4.26    28.0  0.3051E+02  0.3567E-04  0.3042E+02    65.0       99.70
   385.565    4.28    29.0  0.3748E+02  0.3648E-04  0.3734E+02    65.0       99.65
   387.439    4.30    30.0  0.4533E+02  0.3611E-04  0.4514E+02    65.0       99.58
   389.313    4.33    31.0  0.5406E+02  0.3454E-04  0.5380E+02    65.0       99.52
   391.186    4.35    32.0  0.6359E+02  0.3182E-04  0.6325E+02    65.0       99.46
   393.060    4.37    33.0  0.7384E+02  0.2839E-04  0.7338E+02    65.0       99.38
   394.934    4.39    34.0  0.8471E+02  0.2488E-04  0.8413E+02    65.0       99.31
   396.808    4.41    35.0  0.9602E+02  0.2187E-04  0.9529E+02    65.0       99.24
   398.681    4.43    36.0  0.1077E+03  0.1974E-04  0.1068E+03    65.0       99.17
   400.555    4.45    37.0  0.1195E+03  0.1853E-04  0.1184E+03    65.0       99.11
   402.429    4.47    38.0  0.1313E+03  0.1803E-04  0.1301E+03    65.0       99.06
   404.303    4.49    39.0  0.1430E+03  0.1789E-04  0.1416E+03    65.0       99.01

     Querschnitte / mbarn

  E*/MeV   184At     185At     186At     187At     188At     189At     190At     191At     192At     193At  
    24.0 0.000E+00 0.000E+00 0.000E+00 0.000E+00 0.000E+00 0.000E+00 0.000E+00 0.225E-06 0.550E-05 0.000E+00
    25.0 0.000E+00 0.000E+00 0.000E+00 0.000E+00 0.000E+00 0.000E+00 0.000E+00 0.573E-06 0.394E-05 0.000E+00
    26.0 0.000E+00 0.000E+00 0.000E+00 0.000E+00 0.000E+00 0.000E+00 0.000E+00 0.893E-06 0.266E-05 0.000E+00
    27.0 0.000E+00 0.000E+00 0.000E+00 0.000E+00 0.000E+00 0.000E+00 0.000E+00 0.105E-05 0.182E-05 0.000E+00
    28.0 0.000E+00 0.000E+00 0.000E+00 0.000E+00 0.000E+00 0.000E+00 0.000E+00 0.105E-05 0.130E-05 0.000E+00
    29.0 0.000E+00 0.000E+00 0.000E+00 0.000E+00 0.000E+00 0.000E+00 0.000E+00 0.925E-06 0.809E-06 0.000E+00
    30.0 0.000E+00 0.000E+00 0.000E+00 0.000E+00 0.000E+00 0.000E+00 0.000E+00 0.749E-06 0.471E-06 0.000E+00
    31.0 0.000E+00 0.000E+00 0.000E+00 0.000E+00 0.000E+00 0.000E+00 0.000E+00 0.568E-06 0.257E-06 0.000E+00
    32.0 0.000E+00 0.000E+00 0.000E+00 0.000E+00 0.000E+00 0.000E+00 0.651E-12 0.410E-06 0.134E-06 0.000E+00
    33.0 0.000E+00 0.000E+00 0.000E+00 0.000E+00 0.000E+00 0.000E+00 0.211E-10 0.286E-06 0.679E-07 0.000E+00
    34.0 0.000E+00 0.000E+00 0.000E+00 0.000E+00 0.000E+00 0.000E+00 0.253E-09 0.193E-06 0.322E-07 0.000E+00
    35.0 0.000E+00 0.000E+00 0.000E+00 0.000E+00 0.000E+00 0.000E+00 0.162E-08 0.128E-06 0.145E-07 0.000E+00
    36.0 0.000E+00 0.000E+00 0.000E+00 0.000E+00 0.000E+00 0.000E+00 0.648E-08 0.828E-07 0.673E-08 0.000E+00
    37.0 0.000E+00 0.000E+00 0.000E+00 0.000E+00 0.000E+00 0.000E+00 0.179E-07 0.526E-07 0.350E-08 0.000E+00
    38.0 0.000E+00 0.000E+00 0.000E+00 0.000E+00 0.000E+00 0.000E+00 0.363E-07 0.328E-07 0.000E+00 0.000E+00
    39.0 0.000E+00 0.000E+00 0.000E+00 0.000E+00 0.000E+00 0.000E+00 0.567E-07 0.201E-07 0.000E+00 0.000E+00

  E*/MeV   183Po     184Po     185Po     186Po     187Po     188Po     189Po     190Po     191Po     192Po  
    24.0 0.000E+00 0.000E+00 0.000E+00 0.000E+00 0.000E+00 0.000E+00 0.000E+00 0.000E+00 0.494E-05 0.521E-06
    25.0 0.000E+00 0.000E+00 0.000E+00 0.000E+00 0.000E+00 0.000E+00 0.000E+00 0.000E+00 0.697E-05 0.390E-06
    26.0 0.000E+00 0.000E+00 0.000E+00 0.000E+00 0.000E+00 0.000E+00 0.000E+00 0.216E-11 0.842E-05 0.285E-06
    27.0 0.000E+00 0.000E+00 0.000E+00 0.000E+00 0.000E+00 0.000E+00 0.000E+00 0.253E-10 0.893E-05 0.194E-06
    28.0 0.000E+00 0.000E+00 0.000E+00 0.000E+00 0.000E+00 0.000E+00 0.000E+00 0.189E-09 0.851E-05 0.121E-06
    29.0 0.000E+00 0.000E+00 0.000E+00 0.000E+00 0.000E+00 0.000E+00 0.000E+00 0.998E-09 0.745E-05 0.680E-07
    30.0 0.000E+00 0.000E+00 0.000E+00 0.000E+00 0.000E+00 0.000E+00 0.000E+00 0.386E-08 0.609E-05 0.368E-07
    31.0 0.000E+00 0.000E+00 0.000E+00 0.000E+00 0.000E+00 0.000E+00 0.000E+00 0.115E-07 0.471E-05 0.189E-07
    32.0 0.000E+00 0.000E+00 0.000E+00 0.000E+00 0.000E+00 0.000E+00 0.000E+00 0.269E-07 0.348E-05 0.972E-08
    33.0 0.000E+00 0.000E+00 0.000E+00 0.000E+00 0.000E+00 0.000E+00 0.000E+00 0.516E-07 0.247E-05 0.410E-08
    34.0 0.000E+00 0.000E+00 0.000E+00 0.000E+00 0.000E+00 0.000E+00 0.000E+00 0.827E-07 0.171E-05 0.000E+00
    35.0 0.000E+00 0.000E+00 0.000E+00 0.000E+00 0.000E+00 0.000E+00 0.000E+00 0.114E-06 0.115E-05 0.000E+00
    36.0 0.000E+00 0.000E+00 0.000E+00 0.000E+00 0.000E+00 0.000E+00 0.000E+00 0.137E-06 0.753E-06 0.000E+00
    37.0 0.000E+00 0.000E+00 0.000E+00 0.000E+00 0.000E+00 0.000E+00 0.000E+00 0.149E-06 0.485E-06 0.000E+00
    38.0 0.000E+00 0.000E+00 0.000E+00 0.000E+00 0.000E+00 0.000E+00 0.354E-12 0.147E-06 0.307E-06 0.000E+00
    39.0 0.000E+00 0.000E+00 0.000E+00 0.000E+00 0.000E+00 0.000E+00 0.244E-11 0.135E-06 0.191E-06 0.000E+00

  E*/MeV   182Bi     183Bi     184Bi     185Bi     186Bi     187Bi     188Bi     189Bi     190Bi     191Bi  
    24.0 0.000E+00 0.000E+00 0.000E+00 0.000E+00 0.000E+00 0.000E+00 0.273E-06 0.649E-05 0.200E-10 0.471E-05
    25.0 0.000E+00 0.000E+00 0.000E+00 0.000E+00 0.000E+00 0.000E+00 0.673E-06 0.480E-05 0.137E-09 0.653E-05
    26.0 0.000E+00 0.000E+00 0.000E+00 0.000E+00 0.000E+00 0.000E+00 0.146E-05 0.344E-05 0.713E-09 0.815E-05
    27.0 0.000E+00 0.000E+00 0.000E+00 0.000E+00 0.000E+00 0.000E+00 0.282E-05 0.240E-05 0.300E-08 0.923E-05
    28.0 0.000E+00 0.000E+00 0.000E+00 0.000E+00 0.000E+00 0.122E-11 0.484E-05 0.166E-05 0.106E-07 0.959E-05
    29.0 0.000E+00 0.000E+00 0.000E+00 0.000E+00 0.000E+00 0.144E-10 0.736E-05 0.113E-05 0.321E-07 0.924E-05
    30.0 0.000E+00 0.000E+00 0.000E+00 0.000E+00 0.000E+00 0.986E-10 0.992E-05 0.751E-06 0.849E-07 0.832E-05
    31.0 0.000E+00 0.000E+00 0.000E+00 0.000E+00 0.000E+00 0.483E-09 0.119E-04 0.488E-06 0.200E-06 0.708E-05
    32.0 0.000E+00 0.000E+00 0.000E+00 0.000E+00 0.000E+00 0.188E-08 0.127E-04 0.307E-06 0.424E-06 0.572E-05
    33.0 0.000E+00 0.000E+00 0.000E+00 0.000E+00 0.000E+00 0.608E-08 0.123E-04 0.186E-06 0.813E-06 0.442E-05
    34.0 0.000E+00 0.000E+00 0.000E+00 0.000E+00 0.000E+00 0.169E-07 0.109E-04 0.108E-06 0.142E-05 0.330E-05
    35.0 0.000E+00 0.000E+00 0.000E+00 0.000E+00 0.000E+00 0.410E-07 0.910E-05 0.605E-07 0.226E-05 0.238E-05
    36.0 0.000E+00 0.000E+00 0.000E+00 0.000E+00 0.000E+00 0.872E-07 0.715E-05 0.304E-07 0.328E-05 0.166E-05
    37.0 0.000E+00 0.000E+00 0.000E+00 0.000E+00 0.000E+00 0.164E-06 0.536E-05 0.124E-07 0.438E-05 0.113E-05
    38.0 0.000E+00 0.000E+00 0.000E+00 0.000E+00 0.000E+00 0.272E-06 0.387E-05 0.592E-08 0.538E-05 0.757E-06
    39.0 0.000E+00 0.000E+00 0.000E+00 0.000E+00 0.000E+00 0.401E-06 0.270E-05 0.269E-08 0.612E-05 0.496E-06

  E*/MeV   181Pb     182Pb     183Pb     184Pb     185Pb     186Pb     187Pb     188Pb     189Pb     190Pb  
    24.0 0.000E+00 0.000E+00 0.000E+00 0.000E+00 0.000E+00 0.000E+00 0.305E-09 0.245E-05 0.000E+00 0.162E-08
    25.0 0.000E+00 0.000E+00 0.000E+00 0.000E+00 0.000E+00 0.000E+00 0.115E-08 0.385E-05 0.000E+00 0.451E-08
    26.0 0.000E+00 0.000E+00 0.000E+00 0.000E+00 0.000E+00 0.000E+00 0.357E-08 0.550E-05 0.000E+00 0.113E-07
    27.0 0.000E+00 0.000E+00 0.000E+00 0.000E+00 0.000E+00 0.000E+00 0.946E-08 0.715E-05 0.000E+00 0.260E-07
    28.0 0.000E+00 0.000E+00 0.000E+00 0.000E+00 0.000E+00 0.000E+00 0.219E-07 0.851E-05 0.000E+00 0.550E-07
    29.0 0.000E+00 0.000E+00 0.000E+00 0.000E+00 0.000E+00 0.000E+00 0.453E-07 0.931E-05 0.204E-11 0.108E-06
    30.0 0.000E+00 0.000E+00 0.000E+00 0.000E+00 0.000E+00 0.000E+00 0.855E-07 0.941E-05 0.130E-10 0.197E-06
    31.0 0.000E+00 0.000E+00 0.000E+00 0.000E+00 0.000E+00 0.000E+00 0.153E-06 0.887E-05 0.616E-10 0.334E-06
    32.0 0.000E+00 0.000E+00 0.000E+00 0.000E+00 0.000E+00 0.000E+00 0.266E-06 0.784E-05 0.230E-09 0.528E-06
    33.0 0.000E+00 0.000E+00 0.000E+00 0.000E+00 0.000E+00 0.000E+00 0.460E-06 0.656E-05 0.709E-09 0.778E-06
    34.0 0.000E+00 0.000E+00 0.000E+00 0.000E+00 0.000E+00 0.193E-11 0.776E-06 0.523E-05 0.184E-08 0.107E-05
    35.0 0.000E+00 0.000E+00 0.000E+00 0.000E+00 0.000E+00 0.754E-11 0.126E-05 0.400E-05 0.415E-08 0.137E-05
    36.0 0.000E+00 0.000E+00 0.000E+00 0.000E+00 0.000E+00 0.266E-10 0.193E-05 0.294E-05 0.837E-08 0.165E-05
    37.0 0.000E+00 0.000E+00 0.000E+00 0.000E+00 0.000E+00 0.853E-10 0.278E-05 0.210E-05 0.155E-07 0.188E-05
    38.0 0.000E+00 0.000E+00 0.000E+00 0.000E+00 0.000E+00 0.255E-09 0.374E-05 0.146E-05 0.269E-07 0.200E-05
    39.0 0.000E+00 0.000E+00 0.000E+00 0.000E+00 0.000E+00 0.711E-09 0.470E-05 0.986E-06 0.449E-07 0.203E-05

 Z-Verteilung  
 E*/MeV     Pb         Bi         Po         At  
   24.0  0.245E-05 0.115E-04 0.546E-05 0.573E-05
   25.0  0.385E-05 0.120E-04 0.736E-05 0.451E-05
   26.0  0.551E-05 0.131E-04 0.871E-05 0.355E-05
   27.0  0.719E-05 0.145E-04 0.912E-05 0.287E-05
   28.0  0.859E-05 0.161E-04 0.863E-05 0.234E-05
   29.0  0.946E-05 0.178E-04 0.752E-05 0.173E-05
   30.0  0.969E-05 0.191E-04 0.613E-05 0.122E-05
   31.0  0.935E-05 0.196E-04 0.474E-05 0.826E-06
   32.0  0.864E-05 0.191E-04 0.351E-05 0.544E-06
   33.0  0.780E-05 0.177E-04 0.253E-05 0.354E-06
   34.0  0.708E-05 0.158E-04 0.179E-05 0.226E-06
   35.0  0.664E-05 0.138E-04 0.126E-05 0.144E-06
   36.0  0.654E-05 0.122E-04 0.890E-06 0.960E-07
   37.0  0.677E-05 0.111E-04 0.633E-06 0.740E-07
   38.0  0.723E-05 0.103E-04 0.454E-06 0.691E-07
   39.0  0.776E-05 0.972E-05 0.326E-06 0.768E-07

 Z und A Mittelwerte    
   E*/MeV     MW.Z  St.Abw.Z      MW.A  St.Abw.A
    24.0     83.58      0.95    190.40      1.37
    25.0     83.45      0.92    190.32      1.36
    26.0     83.33      0.90    190.19      1.39
    27.0     83.23      0.88    190.03      1.44
    28.0     83.13      0.85    189.82      1.49
    29.0     83.04      0.81    189.58      1.51
    30.0     82.97      0.76    189.35      1.50
    31.0     82.91      0.70    189.15      1.45
    32.0     82.87      0.66    188.99      1.40
    33.0     82.84      0.62    188.88      1.34
    34.0     82.81      0.60    188.81      1.30
    35.0     82.77      0.58    188.79      1.28
    36.0     82.72      0.57    188.80      1.28
    37.0     82.68      0.56    188.81      1.31
    38.0     82.63      0.55    188.80      1.34
    39.0     82.59      0.55    188.77      1.38

 HIVAP  CASOUT

   90Zr 103Rh 193At IFUS10 barfac0.42 sigr3.0 09/11/2023 10:32 Sitarcik 


     E_lab  A*MeV   E*/MeV     SI_fus      SI_VR     SI_Spalt  L_krit     b_Spalt

   406.177    4.51    40.0  0.1544E+03  0.1769E-04  0.1528E+03    65.0       99.00
   408.050    4.53    41.0  0.1653E+03  0.1716E-04  0.1637E+03    65.0       99.00
   409.924    4.55    42.0  0.1757E+03  0.1619E-04  0.1740E+03    65.0       99.02
   411.798    4.58    43.0  0.1854E+03  0.1480E-04  0.1837E+03    65.0       99.06
   413.672    4.60    44.0  0.1944E+03  0.1312E-04  0.1927E+03    65.0       99.13
   415.546    4.62    45.0  0.2026E+03  0.1136E-04  0.2010E+03    65.0       99.21
   417.419    4.64    46.0  0.2100E+03  0.9660E-05  0.2085E+03    65.0       99.31
   419.293    4.66    47.0  0.2165E+03  0.8267E-05  0.2152E+03    65.0       99.41
   421.167    4.68    48.0  0.2222E+03  0.7038E-05  0.2211E+03    65.0       99.51
   423.041    4.70    49.0  0.2271E+03  0.6048E-05  0.2262E+03    65.0       99.61
   424.914    4.72    50.0  0.2311E+03  0.5255E-05  0.2304E+03    65.0       99.69
   426.788    4.74    51.0  0.2345E+03  0.4613E-05  0.2340E+03    65.0       99.77
   428.662    4.76    52.0  0.2372E+03  0.4072E-05  0.2368E+03    65.0       99.83
   430.536    4.78    53.0  0.2393E+03  0.3594E-05  0.2390E+03    65.0       99.88
   432.410    4.80    54.0  0.2409E+03  0.3158E-05  0.2407E+03    65.0       99.92
   434.283    4.83    55.0  0.2419E+03  0.2751E-05  0.2418E+03    65.0       99.94

     Querschnitte / mbarn

  E*/MeV   184At     185At     186At     187At     188At     189At     190At     191At     192At     193At  
    40.0 0.000E+00 0.000E+00 0.000E+00 0.000E+00 0.000E+00 0.000E+00 0.726E-07 0.121E-07 0.000E+00 0.000E+00
    41.0 0.000E+00 0.000E+00 0.000E+00 0.000E+00 0.000E+00 0.000E+00 0.803E-07 0.718E-08 0.000E+00 0.000E+00
    42.0 0.000E+00 0.000E+00 0.000E+00 0.000E+00 0.000E+00 0.000E+00 0.797E-07 0.416E-08 0.000E+00 0.000E+00
    43.0 0.000E+00 0.000E+00 0.000E+00 0.000E+00 0.000E+00 0.551E-13 0.728E-07 0.190E-08 0.000E+00 0.000E+00
    44.0 0.000E+00 0.000E+00 0.000E+00 0.000E+00 0.000E+00 0.695E-12 0.622E-07 0.557E-09 0.000E+00 0.000E+00
    45.0 0.000E+00 0.000E+00 0.000E+00 0.000E+00 0.000E+00 0.481E-11 0.506E-07 0.198E-09 0.000E+00 0.000E+00
    46.0 0.000E+00 0.000E+00 0.000E+00 0.000E+00 0.000E+00 0.211E-10 0.394E-07 0.000E+00 0.000E+00 0.000E+00
    47.0 0.000E+00 0.000E+00 0.000E+00 0.000E+00 0.000E+00 0.638E-10 0.297E-07 0.000E+00 0.000E+00 0.000E+00
    48.0 0.000E+00 0.000E+00 0.000E+00 0.000E+00 0.000E+00 0.144E-09 0.217E-07 0.000E+00 0.000E+00 0.000E+00
    49.0 0.000E+00 0.000E+00 0.000E+00 0.000E+00 0.000E+00 0.256E-09 0.156E-07 0.000E+00 0.000E+00 0.000E+00
    50.0 0.000E+00 0.000E+00 0.000E+00 0.000E+00 0.000E+00 0.379E-09 0.109E-07 0.000E+00 0.000E+00 0.000E+00
    51.0 0.000E+00 0.000E+00 0.000E+00 0.000E+00 0.000E+00 0.489E-09 0.754E-08 0.000E+00 0.000E+00 0.000E+00
    52.0 0.000E+00 0.000E+00 0.000E+00 0.000E+00 0.000E+00 0.565E-09 0.514E-08 0.000E+00 0.000E+00 0.000E+00
    53.0 0.000E+00 0.000E+00 0.000E+00 0.000E+00 0.000E+00 0.598E-09 0.346E-08 0.000E+00 0.000E+00 0.000E+00
    54.0 0.000E+00 0.000E+00 0.000E+00 0.000E+00 0.000E+00 0.592E-09 0.231E-08 0.000E+00 0.000E+00 0.000E+00
    55.0 0.000E+00 0.000E+00 0.000E+00 0.000E+00 0.307E-15 0.554E-09 0.153E-08 0.000E+00 0.000E+00 0.000E+00

  E*/MeV   183Po     184Po     185Po     186Po     187Po     188Po     189Po     190Po     191Po     192Po  
    40.0 0.000E+00 0.000E+00 0.000E+00 0.000E+00 0.000E+00 0.000E+00 0.128E-10 0.116E-06 0.117E-06 0.000E+00
    41.0 0.000E+00 0.000E+00 0.000E+00 0.000E+00 0.000E+00 0.000E+00 0.535E-10 0.951E-07 0.710E-07 0.000E+00
    42.0 0.000E+00 0.000E+00 0.000E+00 0.000E+00 0.000E+00 0.000E+00 0.182E-09 0.744E-07 0.425E-07 0.000E+00
    43.0 0.000E+00 0.000E+00 0.000E+00 0.000E+00 0.000E+00 0.000E+00 0.516E-09 0.561E-07 0.251E-07 0.000E+00
    44.0 0.000E+00 0.000E+00 0.000E+00 0.000E+00 0.000E+00 0.000E+00 0.123E-08 0.410E-07 0.141E-07 0.000E+00
    45.0 0.000E+00 0.000E+00 0.000E+00 0.000E+00 0.000E+00 0.000E+00 0.252E-08 0.292E-07 0.651E-08 0.000E+00
    46.0 0.000E+00 0.000E+00 0.000E+00 0.000E+00 0.000E+00 0.000E+00 0.447E-08 0.204E-07 0.112E-08 0.000E+00
    47.0 0.000E+00 0.000E+00 0.000E+00 0.000E+00 0.000E+00 0.000E+00 0.699E-08 0.139E-07 0.000E+00 0.000E+00
    48.0 0.000E+00 0.000E+00 0.000E+00 0.000E+00 0.000E+00 0.000E+00 0.978E-08 0.938E-08 0.000E+00 0.000E+00
    49.0 0.000E+00 0.000E+00 0.000E+00 0.000E+00 0.000E+00 0.401E-14 0.124E-07 0.623E-08 0.000E+00 0.000E+00
    50.0 0.000E+00 0.000E+00 0.000E+00 0.000E+00 0.000E+00 0.248E-13 0.145E-07 0.410E-08 0.000E+00 0.000E+00
    51.0 0.000E+00 0.000E+00 0.000E+00 0.000E+00 0.000E+00 0.117E-12 0.157E-07 0.266E-08 0.000E+00 0.000E+00
    52.0 0.000E+00 0.000E+00 0.000E+00 0.000E+00 0.000E+00 0.441E-12 0.160E-07 0.170E-08 0.000E+00 0.000E+00
    53.0 0.000E+00 0.000E+00 0.000E+00 0.000E+00 0.000E+00 0.135E-11 0.154E-07 0.105E-08 0.000E+00 0.000E+00
    54.0 0.000E+00 0.000E+00 0.000E+00 0.000E+00 0.000E+00 0.348E-11 0.142E-07 0.620E-09 0.000E+00 0.000E+00
    55.0 0.000E+00 0.000E+00 0.000E+00 0.000E+00 0.000E+00 0.765E-11 0.126E-07 0.213E-09 0.000E+00 0.000E+00

  E*/MeV   182Bi     183Bi     184Bi     185Bi     186Bi     187Bi     188Bi     189Bi     190Bi     191Bi  
    40.0 0.000E+00 0.000E+00 0.000E+00 0.000E+00 0.000E+00 0.526E-06 0.184E-05 0.227E-08 0.649E-05 0.319E-06
    41.0 0.000E+00 0.000E+00 0.000E+00 0.000E+00 0.000E+00 0.620E-06 0.123E-05 0.439E-08 0.646E-05 0.203E-06
    42.0 0.000E+00 0.000E+00 0.000E+00 0.000E+00 0.244E-11 0.663E-06 0.802E-06 0.193E-07 0.607E-05 0.127E-06
    43.0 0.000E+00 0.000E+00 0.000E+00 0.000E+00 0.111E-10 0.653E-06 0.517E-06 0.475E-07 0.543E-05 0.790E-07
    44.0 0.000E+00 0.000E+00 0.000E+00 0.000E+00 0.412E-10 0.600E-06 0.330E-06 0.839E-07 0.464E-05 0.485E-07
    45.0 0.000E+00 0.000E+00 0.000E+00 0.000E+00 0.132E-09 0.519E-06 0.208E-06 0.130E-06 0.382E-05 0.295E-07
    46.0 0.000E+00 0.000E+00 0.000E+00 0.000E+00 0.370E-09 0.428E-06 0.130E-06 0.184E-06 0.304E-05 0.177E-07
    47.0 0.000E+00 0.000E+00 0.000E+00 0.000E+00 0.924E-09 0.339E-06 0.801E-07 0.362E-06 0.235E-05 0.105E-07
    48.0 0.000E+00 0.000E+00 0.000E+00 0.000E+00 0.207E-08 0.259E-06 0.491E-07 0.463E-06 0.177E-05 0.596E-08
    49.0 0.000E+00 0.000E+00 0.000E+00 0.000E+00 0.416E-08 0.193E-06 0.299E-07 0.554E-06 0.131E-05 0.245E-08
    50.0 0.000E+00 0.000E+00 0.000E+00 0.000E+00 0.759E-08 0.140E-06 0.181E-07 0.620E-06 0.945E-06 0.233E-09
    51.0 0.000E+00 0.000E+00 0.000E+00 0.000E+00 0.126E-07 0.994E-07 0.109E-07 0.657E-06 0.673E-06 0.148E-09
    52.0 0.000E+00 0.000E+00 0.000E+00 0.000E+00 0.190E-07 0.695E-07 0.656E-08 0.662E-06 0.472E-06 0.000E+00
    53.0 0.000E+00 0.000E+00 0.000E+00 0.723E-13 0.263E-07 0.479E-07 0.407E-08 0.637E-06 0.327E-06 0.000E+00
    54.0 0.000E+00 0.000E+00 0.000E+00 0.300E-12 0.336E-07 0.326E-07 0.284E-08 0.589E-06 0.224E-06 0.000E+00
    55.0 0.000E+00 0.000E+00 0.000E+00 0.106E-11 0.399E-07 0.220E-07 0.206E-08 0.525E-06 0.152E-06 0.000E+00

  E*/MeV   181Pb     182Pb     183Pb     184Pb     185Pb     186Pb     187Pb     188Pb     189Pb     190Pb  
    40.0 0.000E+00 0.000E+00 0.000E+00 0.000E+00 0.000E+00 0.185E-08 0.551E-05 0.654E-06 0.728E-07 0.196E-05
    41.0 0.000E+00 0.000E+00 0.000E+00 0.000E+00 0.000E+00 0.448E-08 0.604E-05 0.425E-06 0.115E-06 0.181E-05
    42.0 0.000E+00 0.000E+00 0.000E+00 0.000E+00 0.000E+00 0.101E-07 0.624E-05 0.272E-06 0.177E-06 0.160E-05
    43.0 0.000E+00 0.000E+00 0.000E+00 0.000E+00 0.000E+00 0.210E-07 0.610E-05 0.172E-06 0.262E-06 0.136E-05
    44.0 0.000E+00 0.000E+00 0.000E+00 0.000E+00 0.000E+00 0.403E-07 0.566E-05 0.107E-06 0.374E-06 0.112E-05
    45.0 0.000E+00 0.000E+00 0.000E+00 0.000E+00 0.000E+00 0.715E-07 0.501E-05 0.662E-07 0.510E-06 0.901E-06
    46.0 0.000E+00 0.000E+00 0.000E+00 0.000E+00 0.118E-11 0.117E-06 0.427E-05 0.406E-07 0.666E-06 0.703E-06
    47.0 0.000E+00 0.000E+00 0.000E+00 0.000E+00 0.412E-11 0.178E-06 0.351E-05 0.249E-07 0.829E-06 0.536E-06
    48.0 0.000E+00 0.000E+00 0.000E+00 0.000E+00 0.123E-10 0.252E-06 0.279E-05 0.156E-07 0.987E-06 0.400E-06
    49.0 0.000E+00 0.000E+00 0.000E+00 0.000E+00 0.321E-10 0.333E-06 0.216E-05 0.106E-07 0.112E-05 0.293E-06
    50.0 0.000E+00 0.000E+00 0.000E+00 0.000E+00 0.746E-10 0.410E-06 0.164E-05 0.895E-08 0.123E-05 0.212E-06
    51.0 0.000E+00 0.000E+00 0.000E+00 0.000E+00 0.156E-09 0.474E-06 0.121E-05 0.989E-08 0.129E-05 0.151E-06
    52.0 0.000E+00 0.000E+00 0.000E+00 0.000E+00 0.300E-09 0.518E-06 0.882E-06 0.139E-07 0.130E-05 0.106E-06
    53.0 0.000E+00 0.000E+00 0.000E+00 0.000E+00 0.538E-09 0.538E-06 0.632E-06 0.216E-07 0.127E-05 0.734E-07
    54.0 0.000E+00 0.000E+00 0.000E+00 0.000E+00 0.923E-09 0.532E-06 0.447E-06 0.328E-07 0.119E-05 0.505E-07
    55.0 0.000E+00 0.000E+00 0.000E+00 0.000E+00 0.155E-08 0.505E-06 0.312E-06 0.478E-07 0.109E-05 0.344E-07

 Z-Verteilung  
 E*/MeV     Pb         Bi         Po         At  
   40.0  0.819E-05 0.918E-05 0.234E-06 0.847E-07
   41.0  0.840E-05 0.851E-05 0.166E-06 0.875E-07
   42.0  0.830E-05 0.768E-05 0.117E-06 0.839E-07
   43.0  0.791E-05 0.673E-05 0.817E-07 0.747E-07
   44.0  0.730E-05 0.570E-05 0.563E-07 0.628E-07
   45.0  0.656E-05 0.471E-05 0.382E-07 0.508E-07
   46.0  0.579E-05 0.380E-05 0.259E-07 0.394E-07
   47.0  0.507E-05 0.314E-05 0.209E-07 0.297E-07
   48.0  0.445E-05 0.255E-05 0.192E-07 0.219E-07
   49.0  0.392E-05 0.209E-05 0.186E-07 0.158E-07
   50.0  0.349E-05 0.173E-05 0.186E-07 0.113E-07
   51.0  0.313E-05 0.145E-05 0.183E-07 0.803E-08
   52.0  0.282E-05 0.123E-05 0.177E-07 0.571E-08
   53.0  0.253E-05 0.104E-05 0.164E-07 0.406E-08
   54.0  0.226E-05 0.882E-06 0.148E-07 0.290E-08
   55.0  0.199E-05 0.741E-06 0.128E-07 0.208E-08

 Z und A Mittelwerte    
   E*/MeV     MW.Z  St.Abw.Z      MW.A  St.Abw.A
    40.0     82.56      0.55    188.72      1.42
    41.0     82.53      0.55    188.65      1.44
    42.0     82.50      0.54    188.58      1.46
    43.0     82.48      0.54    188.52      1.47
    44.0     82.46      0.53    188.46      1.46
    45.0     82.43      0.53    188.41      1.46
    46.0     82.41      0.52    188.37      1.44
    47.0     82.40      0.52    188.35      1.42
    48.0     82.38      0.51    188.33      1.39
    49.0     82.36      0.50    188.32      1.37
    50.0     82.34      0.50    188.30      1.35
    51.0     82.33      0.49    188.29      1.33
    52.0     82.31      0.48    188.27      1.32
    53.0     82.30      0.48    188.26      1.32
    54.0     82.29      0.47    188.23      1.32
    55.0     82.28      0.46    188.21      1.32

 HIVAP  CASOUT

   90Zr 103Rh 193At IFUS10 barfac0.42 sigr3.0 09/11/2023 10:32 Sitarcik 


     E_lab  A*MeV   E*/MeV     SI_fus      SI_VR     SI_Spalt  L_krit     b_Spalt

   436.157    4.85    56.0  0.2426E+03  0.2372E-05  0.2425E+03    65.0       99.96
   438.031    4.87    57.0  0.2429E+03  0.2026E-05  0.2429E+03    65.0       99.97
   439.905    4.89    58.0  0.2430E+03  0.1718E-05  0.2429E+03    65.0       99.98
   441.779    4.91    59.0  0.2428E+03  0.1450E-05  0.2428E+03    65.0       99.99
   443.652    4.93    60.0  0.2424E+03  0.1215E-05  0.2424E+03    65.0       99.99
   445.526    4.95    61.0  0.2419E+03  0.1022E-05  0.2418E+03    65.0       99.99
   447.400    4.97    62.0  0.2412E+03  0.8560E-06  0.2412E+03    65.0       99.99
   449.274    4.99    63.0  0.2404E+03  0.7127E-06  0.2404E+03    65.0       99.99
   451.147    5.01    64.0  0.2396E+03  0.6047E-06  0.2396E+03    65.0      100.00
   453.021    5.03    65.0  0.2387E+03  0.5113E-06  0.2387E+03    65.0      100.00
   454.895    5.05    66.0  0.2378E+03  0.4526E-06  0.2378E+03    65.0      100.00
   456.769    5.08    67.0  0.2369E+03  0.4010E-06  0.2369E+03    65.0      100.00
   458.643    5.10    68.0  0.2360E+03  0.3552E-06  0.2360E+03    65.0      100.00
   460.516    5.12    69.0  0.2350E+03  0.3143E-06  0.2350E+03    65.0      100.00
   462.390    5.14    70.0  0.2341E+03  0.2773E-06  0.2341E+03    65.0      100.00
   464.264    5.16    71.0  0.2331E+03  0.2437E-06  0.2331E+03    65.0      100.00

     Querschnitte / mbarn

  E*/MeV   184At     185At     186At     187At     188At     189At     190At     191At     192At     193At  
    56.0 0.000E+00 0.000E+00 0.000E+00 0.000E+00 0.343E-14 0.495E-09 0.100E-08 0.000E+00 0.000E+00 0.000E+00
    57.0 0.000E+00 0.000E+00 0.000E+00 0.000E+00 0.251E-13 0.425E-09 0.655E-09 0.000E+00 0.000E+00 0.000E+00
    58.0 0.000E+00 0.000E+00 0.000E+00 0.000E+00 0.129E-12 0.354E-09 0.423E-09 0.000E+00 0.000E+00 0.000E+00
    59.0 0.000E+00 0.000E+00 0.000E+00 0.000E+00 0.492E-12 0.287E-09 0.270E-09 0.000E+00 0.000E+00 0.000E+00
    60.0 0.000E+00 0.000E+00 0.000E+00 0.000E+00 0.146E-11 0.227E-09 0.170E-09 0.000E+00 0.000E+00 0.000E+00
    61.0 0.000E+00 0.000E+00 0.000E+00 0.000E+00 0.347E-11 0.176E-09 0.905E-10 0.000E+00 0.000E+00 0.000E+00
    62.0 0.000E+00 0.000E+00 0.000E+00 0.000E+00 0.689E-11 0.134E-09 0.102E-10 0.000E+00 0.000E+00 0.000E+00
    63.0 0.000E+00 0.000E+00 0.000E+00 0.000E+00 0.117E-10 0.101E-09 0.000E+00 0.000E+00 0.000E+00 0.000E+00
    64.0 0.000E+00 0.000E+00 0.000E+00 0.000E+00 0.177E-10 0.744E-10 0.000E+00 0.000E+00 0.000E+00 0.000E+00
    65.0 0.000E+00 0.000E+00 0.000E+00 0.000E+00 0.240E-10 0.545E-10 0.000E+00 0.000E+00 0.000E+00 0.000E+00
    66.0 0.000E+00 0.000E+00 0.000E+00 0.000E+00 0.300E-10 0.395E-10 0.000E+00 0.000E+00 0.000E+00 0.000E+00
    67.0 0.000E+00 0.000E+00 0.000E+00 0.209E-16 0.349E-10 0.284E-10 0.000E+00 0.000E+00 0.000E+00 0.000E+00
    68.0 0.000E+00 0.000E+00 0.000E+00 0.141E-15 0.383E-10 0.202E-10 0.000E+00 0.000E+00 0.000E+00 0.000E+00
    69.0 0.000E+00 0.000E+00 0.000E+00 0.684E-15 0.399E-10 0.142E-10 0.000E+00 0.000E+00 0.000E+00 0.000E+00
    70.0 0.000E+00 0.000E+00 0.000E+00 0.252E-14 0.399E-10 0.984E-11 0.000E+00 0.000E+00 0.000E+00 0.000E+00
    71.0 0.000E+00 0.000E+00 0.000E+00 0.731E-14 0.384E-10 0.656E-11 0.000E+00 0.000E+00 0.000E+00 0.000E+00

  E*/MeV   183Po     184Po     185Po     186Po     187Po     188Po     189Po     190Po     191Po     192Po  
    56.0 0.000E+00 0.000E+00 0.000E+00 0.000E+00 0.000E+00 0.146E-10 0.108E-07 0.000E+00 0.000E+00 0.000E+00
    57.0 0.000E+00 0.000E+00 0.000E+00 0.000E+00 0.000E+00 0.249E-10 0.896E-08 0.000E+00 0.000E+00 0.000E+00
    58.0 0.000E+00 0.000E+00 0.000E+00 0.000E+00 0.000E+00 0.380E-10 0.726E-08 0.000E+00 0.000E+00 0.000E+00
    59.0 0.000E+00 0.000E+00 0.000E+00 0.000E+00 0.000E+00 0.529E-10 0.576E-08 0.000E+00 0.000E+00 0.000E+00
    60.0 0.000E+00 0.000E+00 0.000E+00 0.000E+00 0.000E+00 0.681E-10 0.448E-08 0.000E+00 0.000E+00 0.000E+00
    61.0 0.000E+00 0.000E+00 0.000E+00 0.000E+00 0.000E+00 0.817E-10 0.343E-08 0.000E+00 0.000E+00 0.000E+00
    62.0 0.000E+00 0.000E+00 0.000E+00 0.000E+00 0.636E-15 0.923E-10 0.258E-08 0.000E+00 0.000E+00 0.000E+00
    63.0 0.000E+00 0.000E+00 0.000E+00 0.000E+00 0.288E-14 0.990E-10 0.192E-08 0.000E+00 0.000E+00 0.000E+00
    64.0 0.000E+00 0.000E+00 0.000E+00 0.000E+00 0.110E-13 0.101E-09 0.141E-08 0.000E+00 0.000E+00 0.000E+00
    65.0 0.000E+00 0.000E+00 0.000E+00 0.000E+00 0.362E-13 0.997E-10 0.103E-08 0.000E+00 0.000E+00 0.000E+00
    66.0 0.000E+00 0.000E+00 0.000E+00 0.000E+00 0.103E-12 0.947E-10 0.743E-09 0.000E+00 0.000E+00 0.000E+00
    67.0 0.000E+00 0.000E+00 0.000E+00 0.000E+00 0.257E-12 0.872E-10 0.532E-09 0.000E+00 0.000E+00 0.000E+00
    68.0 0.000E+00 0.000E+00 0.000E+00 0.000E+00 0.568E-12 0.782E-10 0.377E-09 0.000E+00 0.000E+00 0.000E+00
    69.0 0.000E+00 0.000E+00 0.000E+00 0.000E+00 0.113E-11 0.684E-10 0.264E-09 0.000E+00 0.000E+00 0.000E+00
    70.0 0.000E+00 0.000E+00 0.000E+00 0.000E+00 0.202E-11 0.585E-10 0.183E-09 0.000E+00 0.000E+00 0.000E+00
    71.0 0.000E+00 0.000E+00 0.000E+00 0.000E+00 0.333E-11 0.492E-10 0.123E-09 0.000E+00 0.000E+00 0.000E+00

  E*/MeV   182Bi     183Bi     184Bi     185Bi     186Bi     187Bi     188Bi     189Bi     190Bi     191Bi  
    56.0 0.000E+00 0.000E+00 0.000E+00 0.330E-11 0.442E-07 0.147E-07 0.331E-08 0.451E-06 0.103E-06 0.000E+00
    57.0 0.000E+00 0.000E+00 0.000E+00 0.905E-11 0.462E-07 0.972E-08 0.567E-08 0.376E-06 0.686E-07 0.000E+00
    58.0 0.000E+00 0.000E+00 0.000E+00 0.222E-10 0.458E-07 0.640E-08 0.930E-08 0.306E-06 0.456E-07 0.000E+00
    59.0 0.000E+00 0.000E+00 0.000E+00 0.491E-10 0.434E-07 0.420E-08 0.143E-07 0.245E-06 0.301E-07 0.000E+00
    60.0 0.000E+00 0.000E+00 0.000E+00 0.981E-10 0.395E-07 0.274E-08 0.205E-07 0.186E-06 0.197E-07 0.000E+00
    61.0 0.000E+00 0.000E+00 0.000E+00 0.178E-09 0.348E-07 0.178E-08 0.278E-07 0.139E-06 0.128E-07 0.000E+00
    62.0 0.000E+00 0.000E+00 0.000E+00 0.293E-09 0.297E-07 0.115E-08 0.353E-07 0.946E-07 0.828E-08 0.000E+00
    63.0 0.000E+00 0.000E+00 0.000E+00 0.444E-09 0.248E-07 0.744E-09 0.427E-07 0.507E-07 0.529E-08 0.000E+00
    64.0 0.000E+00 0.000E+00 0.000E+00 0.621E-09 0.201E-07 0.482E-09 0.490E-07 0.247E-07 0.332E-08 0.000E+00
    65.0 0.000E+00 0.000E+00 0.000E+00 0.808E-09 0.161E-07 0.316E-09 0.539E-07 0.000E+00 0.197E-08 0.000E+00
    66.0 0.000E+00 0.000E+00 0.000E+00 0.985E-09 0.126E-07 0.218E-09 0.570E-07 0.000E+00 0.111E-08 0.000E+00
    67.0 0.000E+00 0.000E+00 0.924E-14 0.113E-08 0.972E-08 0.203E-09 0.580E-07 0.000E+00 0.366E-09 0.000E+00
    68.0 0.000E+00 0.000E+00 0.308E-13 0.124E-08 0.740E-08 0.281E-09 0.571E-07 0.000E+00 0.000E+00 0.000E+00
    69.0 0.000E+00 0.000E+00 0.918E-13 0.129E-08 0.556E-08 0.434E-09 0.546E-07 0.000E+00 0.000E+00 0.000E+00
    70.0 0.000E+00 0.000E+00 0.247E-12 0.129E-08 0.414E-08 0.656E-09 0.507E-07 0.000E+00 0.000E+00 0.000E+00
    71.0 0.000E+00 0.000E+00 0.605E-12 0.125E-08 0.305E-08 0.927E-09 0.458E-07 0.000E+00 0.000E+00 0.000E+00

  E*/MeV   181Pb     182Pb     183Pb     184Pb     185Pb     186Pb     187Pb     188Pb     189Pb     190Pb  
    56.0 0.000E+00 0.000E+00 0.000E+00 0.000E+00 0.257E-08 0.462E-06 0.216E-06 0.660E-07 0.975E-06 0.233E-07
    57.0 0.000E+00 0.000E+00 0.000E+00 0.000E+00 0.421E-08 0.408E-06 0.148E-06 0.867E-07 0.848E-06 0.156E-07
    58.0 0.000E+00 0.000E+00 0.000E+00 0.000E+00 0.675E-08 0.350E-06 0.100E-06 0.108E-06 0.720E-06 0.104E-07
    59.0 0.000E+00 0.000E+00 0.000E+00 0.873E-13 0.105E-07 0.293E-06 0.678E-07 0.129E-06 0.599E-06 0.689E-08
    60.0 0.000E+00 0.000E+00 0.000E+00 0.241E-12 0.156E-07 0.239E-06 0.456E-07 0.147E-06 0.490E-06 0.450E-08
    61.0 0.000E+00 0.000E+00 0.000E+00 0.621E-12 0.221E-07 0.191E-06 0.305E-07 0.162E-06 0.393E-06 0.292E-08
    62.0 0.000E+00 0.000E+00 0.000E+00 0.153E-11 0.299E-07 0.150E-06 0.206E-07 0.171E-06 0.311E-06 0.189E-08
    63.0 0.000E+00 0.000E+00 0.000E+00 0.361E-11 0.384E-07 0.116E-06 0.141E-07 0.174E-06 0.242E-06 0.120E-08
    64.0 0.000E+00 0.000E+00 0.000E+00 0.819E-11 0.470E-07 0.882E-07 0.100E-07 0.173E-06 0.186E-06 0.748E-09
    65.0 0.000E+00 0.000E+00 0.000E+00 0.178E-10 0.549E-07 0.663E-07 0.778E-08 0.166E-06 0.142E-06 0.449E-09
    66.0 0.000E+00 0.000E+00 0.000E+00 0.368E-10 0.614E-07 0.492E-07 0.690E-08 0.155E-06 0.107E-06 0.244E-09
    67.0 0.000E+00 0.000E+00 0.000E+00 0.721E-10 0.661E-07 0.362E-07 0.714E-08 0.142E-06 0.794E-07 0.101E-09
    68.0 0.000E+00 0.000E+00 0.000E+00 0.133E-09 0.685E-07 0.264E-07 0.827E-08 0.127E-06 0.586E-07 0.000E+00
    69.0 0.000E+00 0.000E+00 0.000E+00 0.231E-09 0.686E-07 0.190E-07 0.103E-07 0.111E-06 0.429E-07 0.000E+00
    70.0 0.000E+00 0.000E+00 0.000E+00 0.378E-09 0.666E-07 0.136E-07 0.129E-07 0.955E-07 0.312E-07 0.000E+00
    71.0 0.000E+00 0.000E+00 0.122E-13 0.583E-09 0.629E-07 0.971E-08 0.161E-07 0.806E-07 0.225E-07 0.000E+00

 Z-Verteilung  
 E*/MeV     Pb         Bi         Po         At  
   56.0  0.174E-05 0.615E-06 0.108E-07 0.150E-08
   57.0  0.151E-05 0.507E-06 0.898E-08 0.108E-08
   58.0  0.130E-05 0.413E-06 0.730E-08 0.777E-09
   59.0  0.111E-05 0.337E-06 0.581E-08 0.557E-09
   60.0  0.941E-06 0.269E-06 0.455E-08 0.398E-09
   61.0  0.801E-06 0.217E-06 0.351E-08 0.270E-09
   62.0  0.684E-06 0.169E-06 0.268E-08 0.151E-09
   63.0  0.586E-06 0.125E-06 0.202E-08 0.112E-09
   64.0  0.505E-06 0.983E-07 0.152E-08 0.921E-10
   65.0  0.437E-06 0.731E-07 0.113E-08 0.785E-10
   66.0  0.380E-06 0.719E-07 0.838E-09 0.695E-10
   67.0  0.331E-06 0.694E-07 0.619E-09 0.633E-10
   68.0  0.289E-06 0.661E-07 0.456E-09 0.585E-10
   69.0  0.252E-06 0.619E-07 0.333E-09 0.541E-10
   70.0  0.220E-06 0.568E-07 0.243E-09 0.497E-10
   71.0  0.192E-06 0.511E-07 0.175E-09 0.449E-10

 Z und A Mittelwerte    
   E*/MeV     MW.Z  St.Abw.Z      MW.A  St.Abw.A
    56.0     82.27      0.46    188.19      1.32
    57.0     82.26      0.45    188.16      1.32
    58.0     82.25      0.45    188.13      1.32
    59.0     82.24      0.44    188.10      1.31
    60.0     82.23      0.43    188.06      1.31
    61.0     82.22      0.42    188.02      1.30
    62.0     82.20      0.41    187.95      1.31
    63.0     82.18      0.39    187.85      1.31
    64.0     82.17      0.38    187.75      1.33
    65.0     82.15      0.36    187.62      1.34
    66.0     82.16      0.38    187.54      1.36
    67.0     82.18      0.39    187.45      1.37
    68.0     82.19      0.40    187.36      1.39
    69.0     82.20      0.40    187.28      1.41
    70.0     82.21      0.41    187.20      1.41
    71.0     82.21      0.41    187.12      1.42

 HIVAP  CASOUT

   90Zr 103Rh 193At IFUS10 barfac0.42 sigr3.0 09/11/2023 10:32 Sitarcik 


     E_lab  A*MeV   E*/MeV     SI_fus      SI_VR     SI_Spalt  L_krit     b_Spalt

   466.138    5.18    72.0  0.2322E+03  0.2133E-06  0.2322E+03    65.0      100.00
   468.012    5.20    73.0  0.2313E+03  0.1869E-06  0.2312E+03    65.0       99.99
   469.885    5.22    74.0  0.2303E+03  0.1633E-06  0.2303E+03    65.0       99.99
   471.759    5.24    75.0  0.2294E+03  0.1424E-06  0.2294E+03    65.0       99.99
   473.633    5.26    76.0  0.2285E+03  0.1237E-06  0.2285E+03    65.0       99.99
   475.507    5.28    77.0  0.2276E+03  0.1064E-06  0.2276E+03    65.0       99.99
   477.380    5.30    78.0  0.2267E+03  0.9112E-07  0.2267E+03    65.0       99.99
   479.254    5.33    79.0  0.2258E+03  0.7729E-07  0.2258E+03    65.0       99.99
   481.128    5.35    80.0  0.2250E+03  0.6576E-07  0.2249E+03    65.0       99.99
   483.002    5.37    81.0  0.2241E+03  0.5649E-07  0.2241E+03    65.0       99.99
   484.876    5.39    82.0  0.2232E+03  0.4939E-07  0.2232E+03    65.0       99.99
   486.749    5.41    83.0  0.2224E+03  0.4317E-07  0.2223E+03    65.0       99.99
   488.623    5.43    84.0  0.2215E+03  0.3872E-07  0.2215E+03    65.0       99.99
   490.497    5.45    85.0  0.2207E+03  0.3430E-07  0.2206E+03    65.0       99.99
   492.371    5.47    86.0  0.2198E+03  0.2988E-07  0.2198E+03    65.0       99.98
   494.245    5.49    87.0  0.2190E+03  0.2841E-07  0.2189E+03    65.0       99.98

     Querschnitte / mbarn

  E*/MeV   184At     185At     186At     187At     188At     189At     190At     191At     192At     193At  
    72.0 0.000E+00 0.000E+00 0.000E+00 0.174E-13 0.358E-10 0.386E-11 0.000E+00 0.000E+00 0.000E+00 0.000E+00
    73.0 0.000E+00 0.000E+00 0.000E+00 0.353E-13 0.324E-10 0.178E-11 0.000E+00 0.000E+00 0.000E+00 0.000E+00
    74.0 0.000E+00 0.000E+00 0.000E+00 0.624E-13 0.287E-10 0.740E-12 0.000E+00 0.000E+00 0.000E+00 0.000E+00
    75.0 0.000E+00 0.000E+00 0.000E+00 0.990E-13 0.248E-10 0.000E+00 0.000E+00 0.000E+00 0.000E+00 0.000E+00
    76.0 0.000E+00 0.000E+00 0.000E+00 0.143E-12 0.211E-10 0.000E+00 0.000E+00 0.000E+00 0.000E+00 0.000E+00
    77.0 0.000E+00 0.000E+00 0.000E+00 0.192E-12 0.176E-10 0.000E+00 0.000E+00 0.000E+00 0.000E+00 0.000E+00
    78.0 0.000E+00 0.000E+00 0.000E+00 0.240E-12 0.145E-10 0.000E+00 0.000E+00 0.000E+00 0.000E+00 0.000E+00
    79.0 0.000E+00 0.000E+00 0.000E+00 0.284E-12 0.117E-10 0.000E+00 0.000E+00 0.000E+00 0.000E+00 0.000E+00
    80.0 0.000E+00 0.000E+00 0.000E+00 0.321E-12 0.941E-11 0.000E+00 0.000E+00 0.000E+00 0.000E+00 0.000E+00
    81.0 0.000E+00 0.000E+00 0.230E-17 0.347E-12 0.747E-11 0.000E+00 0.000E+00 0.000E+00 0.000E+00 0.000E+00
    82.0 0.000E+00 0.000E+00 0.107E-16 0.362E-12 0.586E-11 0.000E+00 0.000E+00 0.000E+00 0.000E+00 0.000E+00
    83.0 0.000E+00 0.000E+00 0.404E-16 0.366E-12 0.456E-11 0.000E+00 0.000E+00 0.000E+00 0.000E+00 0.000E+00
    84.0 0.000E+00 0.000E+00 0.127E-15 0.359E-12 0.352E-11 0.000E+00 0.000E+00 0.000E+00 0.000E+00 0.000E+00
    85.0 0.000E+00 0.000E+00 0.337E-15 0.343E-12 0.270E-11 0.000E+00 0.000E+00 0.000E+00 0.000E+00 0.000E+00
    86.0 0.000E+00 0.000E+00 0.777E-15 0.321E-12 0.206E-11 0.000E+00 0.000E+00 0.000E+00 0.000E+00 0.000E+00
    87.0 0.000E+00 0.000E+00 0.159E-14 0.294E-12 0.155E-11 0.000E+00 0.000E+00 0.000E+00 0.000E+00 0.000E+00

  E*/MeV   183Po     184Po     185Po     186Po     187Po     188Po     189Po     190Po     191Po     192Po  
    72.0 0.000E+00 0.000E+00 0.000E+00 0.000E+00 0.505E-11 0.406E-10 0.782E-10 0.000E+00 0.000E+00 0.000E+00
    73.0 0.000E+00 0.000E+00 0.000E+00 0.000E+00 0.714E-11 0.330E-10 0.452E-10 0.000E+00 0.000E+00 0.000E+00
    74.0 0.000E+00 0.000E+00 0.000E+00 0.131E-16 0.948E-11 0.264E-10 0.161E-10 0.000E+00 0.000E+00 0.000E+00
    75.0 0.000E+00 0.000E+00 0.000E+00 0.500E-16 0.119E-10 0.209E-10 0.739E-11 0.000E+00 0.000E+00 0.000E+00
    76.0 0.000E+00 0.000E+00 0.000E+00 0.163E-15 0.142E-10 0.164E-10 0.000E+00 0.000E+00 0.000E+00 0.000E+00
    77.0 0.000E+00 0.000E+00 0.000E+00 0.463E-15 0.162E-10 0.127E-10 0.000E+00 0.000E+00 0.000E+00 0.000E+00
    78.0 0.000E+00 0.000E+00 0.000E+00 0.116E-14 0.178E-10 0.971E-11 0.000E+00 0.000E+00 0.000E+00 0.000E+00
    79.0 0.000E+00 0.000E+00 0.000E+00 0.258E-14 0.188E-10 0.735E-11 0.000E+00 0.000E+00 0.000E+00 0.000E+00
    80.0 0.000E+00 0.000E+00 0.000E+00 0.520E-14 0.193E-10 0.541E-11 0.000E+00 0.000E+00 0.000E+00 0.000E+00
    81.0 0.000E+00 0.000E+00 0.000E+00 0.955E-14 0.193E-10 0.394E-11 0.000E+00 0.000E+00 0.000E+00 0.000E+00
    82.0 0.000E+00 0.000E+00 0.000E+00 0.162E-13 0.187E-10 0.261E-11 0.000E+00 0.000E+00 0.000E+00 0.000E+00
    83.0 0.000E+00 0.000E+00 0.000E+00 0.254E-13 0.178E-10 0.135E-11 0.000E+00 0.000E+00 0.000E+00 0.000E+00
    84.0 0.000E+00 0.000E+00 0.000E+00 0.375E-13 0.165E-10 0.352E-12 0.000E+00 0.000E+00 0.000E+00 0.000E+00
    85.0 0.000E+00 0.000E+00 0.000E+00 0.522E-13 0.150E-10 0.000E+00 0.000E+00 0.000E+00 0.000E+00 0.000E+00
    86.0 0.000E+00 0.000E+00 0.000E+00 0.689E-13 0.135E-10 0.000E+00 0.000E+00 0.000E+00 0.000E+00 0.000E+00
    87.0 0.000E+00 0.000E+00 0.000E+00 0.867E-13 0.119E-10 0.000E+00 0.000E+00 0.000E+00 0.000E+00 0.000E+00

  E*/MeV   182Bi     183Bi     184Bi     185Bi     186Bi     187Bi     188Bi     189Bi     190Bi     191Bi  
    72.0 0.000E+00 0.000E+00 0.135E-11 0.118E-08 0.223E-08 0.123E-08 0.406E-07 0.000E+00 0.000E+00 0.000E+00
    73.0 0.000E+00 0.000E+00 0.277E-11 0.107E-08 0.162E-08 0.159E-08 0.353E-07 0.000E+00 0.000E+00 0.000E+00
    74.0 0.000E+00 0.000E+00 0.523E-11 0.954E-09 0.117E-08 0.193E-08 0.300E-07 0.000E+00 0.000E+00 0.000E+00
    75.0 0.000E+00 0.000E+00 0.914E-11 0.830E-09 0.837E-09 0.228E-08 0.249E-07 0.000E+00 0.000E+00 0.000E+00
    76.0 0.000E+00 0.000E+00 0.148E-10 0.709E-09 0.597E-09 0.256E-08 0.204E-07 0.000E+00 0.000E+00 0.000E+00
    77.0 0.000E+00 0.000E+00 0.225E-10 0.595E-09 0.424E-09 0.277E-08 0.163E-07 0.000E+00 0.000E+00 0.000E+00
    78.0 0.000E+00 0.000E+00 0.320E-10 0.491E-09 0.301E-09 0.291E-08 0.127E-07 0.000E+00 0.000E+00 0.000E+00
    79.0 0.000E+00 0.000E+00 0.429E-10 0.400E-09 0.214E-09 0.293E-08 0.900E-08 0.000E+00 0.000E+00 0.000E+00
    80.0 0.000E+00 0.127E-14 0.547E-10 0.321E-09 0.154E-09 0.290E-08 0.593E-08 0.000E+00 0.000E+00 0.000E+00
    81.0 0.000E+00 0.349E-14 0.664E-10 0.256E-09 0.115E-09 0.280E-08 0.297E-08 0.000E+00 0.000E+00 0.000E+00
    82.0 0.000E+00 0.872E-14 0.772E-10 0.201E-09 0.926E-10 0.264E-08 0.159E-08 0.000E+00 0.000E+00 0.000E+00
    83.0 0.000E+00 0.199E-13 0.863E-10 0.157E-09 0.826E-10 0.242E-08 0.000E+00 0.000E+00 0.000E+00 0.000E+00
    84.0 0.000E+00 0.419E-13 0.932E-10 0.121E-09 0.850E-10 0.219E-08 0.000E+00 0.000E+00 0.000E+00 0.000E+00
    85.0 0.000E+00 0.812E-13 0.974E-10 0.929E-10 0.964E-10 0.193E-08 0.000E+00 0.000E+00 0.000E+00 0.000E+00
    86.0 0.000E+00 0.146E-12 0.989E-10 0.708E-10 0.117E-09 0.165E-08 0.000E+00 0.000E+00 0.000E+00 0.000E+00
    87.0 0.000E+00 0.245E-12 0.979E-10 0.536E-10 0.144E-09 0.141E-08 0.000E+00 0.000E+00 0.000E+00 0.000E+00

  E*/MeV   181Pb     182Pb     183Pb     184Pb     185Pb     186Pb     187Pb     188Pb     189Pb     190Pb  
    72.0 0.000E+00 0.000E+00 0.340E-13 0.849E-09 0.579E-07 0.688E-08 0.195E-07 0.666E-07 0.161E-07 0.000E+00
    73.0 0.000E+00 0.000E+00 0.851E-13 0.117E-08 0.521E-07 0.485E-08 0.231E-07 0.546E-07 0.115E-07 0.000E+00
    74.0 0.000E+00 0.000E+00 0.194E-12 0.154E-08 0.459E-07 0.342E-08 0.264E-07 0.438E-07 0.809E-08 0.000E+00
    75.0 0.000E+00 0.000E+00 0.406E-12 0.193E-08 0.397E-07 0.242E-08 0.293E-07 0.344E-07 0.568E-08 0.000E+00
    76.0 0.000E+00 0.000E+00 0.792E-12 0.231E-08 0.338E-07 0.175E-08 0.317E-07 0.258E-07 0.396E-08 0.000E+00
    77.0 0.000E+00 0.000E+00 0.145E-11 0.266E-08 0.283E-07 0.132E-08 0.333E-07 0.180E-07 0.274E-08 0.000E+00
    78.0 0.000E+00 0.000E+00 0.255E-11 0.296E-08 0.233E-07 0.108E-08 0.341E-07 0.114E-07 0.188E-08 0.000E+00
    79.0 0.000E+00 0.000E+00 0.432E-11 0.318E-08 0.190E-07 0.998E-09 0.341E-07 0.612E-08 0.128E-08 0.000E+00
    80.0 0.000E+00 0.000E+00 0.714E-11 0.331E-08 0.153E-07 0.104E-08 0.333E-07 0.251E-08 0.867E-09 0.000E+00
    81.0 0.000E+00 0.000E+00 0.115E-10 0.335E-08 0.122E-07 0.118E-08 0.320E-07 0.964E-09 0.577E-09 0.000E+00
    82.0 0.000E+00 0.000E+00 0.183E-10 0.330E-08 0.961E-08 0.141E-08 0.300E-07 0.000E+00 0.373E-09 0.000E+00
    83.0 0.000E+00 0.000E+00 0.282E-10 0.318E-08 0.752E-08 0.169E-08 0.277E-07 0.000E+00 0.240E-09 0.000E+00
    84.0 0.000E+00 0.000E+00 0.423E-10 0.300E-08 0.583E-08 0.201E-08 0.252E-07 0.000E+00 0.131E-09 0.000E+00
    85.0 0.000E+00 0.000E+00 0.616E-10 0.277E-08 0.449E-08 0.235E-08 0.223E-07 0.000E+00 0.595E-10 0.000E+00
    86.0 0.000E+00 0.426E-14 0.866E-10 0.252E-08 0.343E-08 0.268E-08 0.192E-07 0.000E+00 0.000E+00 0.000E+00
    87.0 0.000E+00 0.874E-14 0.114E-09 0.232E-08 0.288E-08 0.296E-08 0.184E-07 0.000E+00 0.000E+00 0.000E+00

 Z-Verteilung  
 E*/MeV     Pb         Bi         Po         At  
   72.0  0.168E-06 0.453E-07 0.124E-09 0.396E-10
   73.0  0.147E-06 0.396E-07 0.853E-10 0.342E-10
   74.0  0.129E-06 0.340E-07 0.520E-10 0.295E-10
   75.0  0.113E-06 0.289E-07 0.402E-10 0.249E-10
   76.0  0.993E-07 0.243E-07 0.306E-10 0.212E-10
   77.0  0.863E-07 0.201E-07 0.289E-10 0.178E-10
   78.0  0.747E-07 0.164E-07 0.275E-10 0.147E-10
   79.0  0.647E-07 0.126E-07 0.262E-10 0.120E-10
   80.0  0.564E-07 0.935E-08 0.247E-10 0.974E-11
   81.0  0.503E-07 0.621E-08 0.232E-10 0.781E-11
   82.0  0.448E-07 0.461E-08 0.213E-10 0.623E-11
   83.0  0.404E-07 0.274E-08 0.191E-10 0.493E-11
   84.0  0.362E-07 0.249E-08 0.169E-10 0.388E-11
   85.0  0.321E-07 0.222E-08 0.151E-10 0.305E-11
   86.0  0.279E-07 0.194E-08 0.135E-10 0.238E-11
   87.0  0.267E-07 0.171E-08 0.120E-10 0.185E-11

 Z und A Mittelwerte    
   E*/MeV     MW.Z  St.Abw.Z      MW.A  St.Abw.A
    72.0     82.21      0.41    187.05      1.41
    73.0     82.21      0.41    186.98      1.40
    74.0     82.21      0.41    186.92      1.38
    75.0     82.20      0.40    186.86      1.36
    76.0     82.20      0.40    186.81      1.33
    77.0     82.19      0.39    186.74      1.30
    78.0     82.18      0.39    186.67      1.26
    79.0     82.16      0.37    186.59      1.22
    80.0     82.14      0.35    186.51      1.17
    81.0     82.11      0.32    186.44      1.12
    82.0     82.09      0.30    186.41      1.08
    83.0     82.06      0.25    186.38      1.04
    84.0     82.07      0.25    186.40      1.03
    85.0     82.07      0.25    186.41      1.02
    86.0     82.07      0.25    186.40      1.02
    87.0     82.06      0.24    186.41      1.00

 HIVAP  CASOUT

   90Zr 103Rh 193At IFUS10 barfac0.42 sigr3.0 09/11/2023 10:32 Sitarcik 


     E_lab  A*MeV   E*/MeV     SI_fus      SI_VR     SI_Spalt  L_krit     b_Spalt

   496.118    5.51    88.0  0.2182E+03  0.2357E-07  0.2181E+03    65.0       99.98
   497.992    5.53    89.0  0.2173E+03  0.1816E-07  0.2173E+03    65.0       99.98
   499.866    5.55    90.0  0.2165E+03  0.1280E-07  0.2165E+03    65.0       99.98
   501.740    5.57    91.0  0.2157E+03  0.9261E-08  0.2157E+03    65.0       99.98

     Querschnitte / mbarn

  E*/MeV   184At     185At     186At     187At     188At     189At     190At     191At     192At     193At  
    88.0 0.000E+00 0.000E+00 0.292E-14 0.264E-12 0.116E-11 0.000E+00 0.000E+00 0.000E+00 0.000E+00 0.000E+00
    89.0 0.000E+00 0.000E+00 0.489E-14 0.234E-12 0.851E-12 0.000E+00 0.000E+00 0.000E+00 0.000E+00 0.000E+00
    90.0 0.000E+00 0.000E+00 0.758E-14 0.204E-12 0.611E-12 0.000E+00 0.000E+00 0.000E+00 0.000E+00 0.000E+00
    91.0 0.000E+00 0.000E+00 0.110E-13 0.175E-12 0.419E-12 0.000E+00 0.000E+00 0.000E+00 0.000E+00 0.000E+00

  E*/MeV   183Po     184Po     185Po     186Po     187Po     188Po     189Po     190Po     191Po     192Po  
    88.0 0.000E+00 0.000E+00 0.281E-17 0.105E-12 0.103E-10 0.000E+00 0.000E+00 0.000E+00 0.000E+00 0.000E+00
    89.0 0.000E+00 0.000E+00 0.890E-17 0.122E-12 0.887E-11 0.000E+00 0.000E+00 0.000E+00 0.000E+00 0.000E+00
    90.0 0.000E+00 0.000E+00 0.251E-16 0.137E-12 0.752E-11 0.000E+00 0.000E+00 0.000E+00 0.000E+00 0.000E+00
    91.0 0.000E+00 0.000E+00 0.640E-16 0.149E-12 0.630E-11 0.000E+00 0.000E+00 0.000E+00 0.000E+00 0.000E+00

  E*/MeV   182Bi     183Bi     184Bi     185Bi     186Bi     187Bi     188Bi     189Bi     190Bi     191Bi  
    88.0 0.000E+00 0.385E-12 0.946E-10 0.403E-10 0.175E-09 0.114E-08 0.000E+00 0.000E+00 0.000E+00 0.000E+00
    89.0 0.000E+00 0.571E-12 0.894E-10 0.302E-10 0.208E-09 0.954E-09 0.000E+00 0.000E+00 0.000E+00 0.000E+00
    90.0 0.000E+00 0.800E-12 0.830E-10 0.225E-10 0.241E-09 0.708E-09 0.000E+00 0.000E+00 0.000E+00 0.000E+00
    91.0 0.000E+00 0.107E-11 0.756E-10 0.168E-10 0.274E-09 0.392E-09 0.000E+00 0.000E+00 0.000E+00 0.000E+00

  E*/MeV   181Pb     182Pb     183Pb     184Pb     185Pb     186Pb     187Pb     188Pb     189Pb     190Pb  
    88.0 0.000E+00 0.175E-13 0.150E-09 0.205E-08 0.218E-08 0.323E-08 0.145E-07 0.000E+00 0.000E+00 0.000E+00
    89.0 0.000E+00 0.343E-13 0.191E-09 0.178E-08 0.164E-08 0.345E-08 0.980E-08 0.000E+00 0.000E+00 0.000E+00
    90.0 0.000E+00 0.654E-13 0.234E-09 0.153E-08 0.124E-08 0.360E-08 0.513E-08 0.000E+00 0.000E+00 0.000E+00
    91.0 0.000E+00 0.122E-12 0.279E-09 0.130E-08 0.937E-09 0.368E-08 0.229E-08 0.000E+00 0.000E+00 0.000E+00

 Z-Verteilung  
 E*/MeV     Pb         Bi         Po         At  
   88.0  0.221E-07 0.145E-08 0.104E-10 0.142E-11
   89.0  0.169E-07 0.128E-08 0.899E-11 0.109E-11
   90.0  0.117E-07 0.106E-08 0.765E-11 0.822E-12
   91.0  0.849E-08 0.760E-09 0.645E-11 0.606E-12

 Z und A Mittelwerte    
   E*/MeV     MW.Z  St.Abw.Z      MW.A  St.Abw.A
    88.0     82.06      0.24    186.37      1.02
    89.0     82.07      0.26    186.26      1.06
    90.0     82.08      0.28    186.05      1.11
    91.0     82.08      0.28    185.80      1.10
                                                                        
           



 Ende HIVAP 
