          Programm HIVAP,  Autor  W.Reisdorf   Version fuer "rzri6f" vom  7. 6. 1994

           Bearbeitung F.P.Heﬂberger
           
   93Nb 99Ru 192At IFUS10 barfac0.31 sigr3.0 26/04/2024 15:36 Sitarcik  
           

 Unterprogramm SEPENF
 Q-Wert  -177.443 MeV
 Massen aus der Datei "mlz.dat" 

         Exp. Schaleneffekte,  SHELL0=    0.00
          At  183   At  184   At  185   At  186   At  187   At  188   At  189   At  190   At  191   At  192
             -0.16     -0.96     -0.15     -0.95     -0.13     -0.92     -0.10     -0.88     -0.07     -0.87
          Po  182   Po  183   Po  184   Po  185   Po  186   Po  187   Po  188   Po  189   Po  190   Po  191
              0.25     -0.41      0.51     -0.23      0.60     -0.21      0.55     -0.34      0.34     -0.63

           BARFAC=   0.310      BAR0=   0.000

          Separationsenergien (BN,BP,BA) und Spaltbarrieren
          At  183   At  184   At  185   At  186   At  187   At  188   At  189   At  190   At  191   At  192
             12.65     10.83     12.24     10.41     11.81     10.00     11.40      9.60     11.01      9.25
             -3.05     -2.63     -2.25     -1.92     -1.64     -1.40     -1.20     -1.04     -0.93     -0.82
            -10.29     -9.93     -9.63     -9.36     -9.14     -8.96     -8.83     -8.72     -8.66     -8.59
              1.58      2.46      1.71      2.59      1.84      2.69      1.93      2.78      2.03      2.89
             -0.81     -1.62     -0.81     -1.61     -0.80     -1.60     -0.80     -1.60     -0.80     -1.59
          Po  182   Po  183   Po  184   Po  185   Po  186   Po  187   Po  188   Po  189   Po  190   Po  191
             12.21     10.41     11.86     10.08     11.54      9.75     11.20      9.44     10.89      9.14
             -1.35     -1.08     -0.82     -0.54     -0.28     -0.02      0.24      0.50      0.75      1.01
            -10.37    -10.16     -9.96     -9.74     -9.53     -9.32     -9.12     -8.90     -8.69     -8.47
              1.45      2.18      1.33      2.14      1.37      2.24      1.55      2.50      1.92      2.97
              0.00     -0.81      0.00     -0.81      0.00     -0.80      0.00     -0.80      0.00     -0.80

 benutzter Q-Wert  -177.443 MeV    effektiver Q-Wert  -177.443 MeV

 HIVAP  CASOUT

   93Nb 99Ru 192At IFUS10 barfac0.31 sigr3.0 26/04/2024 15:36 Sitarcik  


     E_lab  A*MeV   E*/MeV     SI_fus      SI_VR     SI_Spalt  L_krit     b_Spalt

   359.647    3.87     8.0  0.1378E-04  0.2027E-08  0.1378E-04     0.0       99.99
   361.587    3.89     9.0  0.7079E-04  0.9741E-08  0.7078E-04     0.0       99.99
   363.526    3.91    10.0  0.3534E-03  0.4921E-07  0.3534E-03     0.0       99.99
   365.466    3.93    11.0  0.1674E-02  0.2219E-06  0.1674E-02     0.0       99.99
   367.405    3.95    12.0  0.6929E-02  0.7803E-06  0.6928E-02     0.0       99.99
   369.344    3.97    13.0  0.2273E-01  0.1819E-05  0.2273E-01     0.0       99.99
   371.284    3.99    14.0  0.5918E-01  0.2972E-05  0.5918E-01     0.0       99.99
   373.223    4.01    15.0  0.1313E+00  0.3854E-05  0.1313E+00     0.0       99.99
   375.163    4.03    16.0  0.2639E+00  0.4325E-05  0.2639E+00     0.0      100.00
   377.102    4.05    17.0  0.4849E+00  0.4329E-05  0.4849E+00     0.0      100.00
   379.041    4.08    18.0  0.8351E+00  0.4042E-05  0.8350E+00     0.0       99.99
   380.981    4.10    19.0  0.1369E+01  0.3646E-05  0.1369E+01     0.0       99.99
   382.920    4.12    20.0  0.2149E+01  0.3184E-05  0.2149E+01     0.0       99.99
   384.860    4.14    21.0  0.3260E+01  0.2816E-05  0.3260E+01     0.0       99.99
   386.799    4.16    22.0  0.4784E+01  0.2386E-05  0.4783E+01     0.0       99.99
   388.738    4.18    23.0  0.6814E+01  0.2095E-05  0.6813E+01     0.0       99.99

     Querschnitte / mbarn

  E*/MeV   183At     184At     185At     186At     187At     188At     189At     190At     191At     192At  
     8.0 0.000E+00 0.000E+00 0.000E+00 0.000E+00 0.000E+00 0.000E+00 0.000E+00 0.000E+00 0.000E+00 0.108E-08
     9.0 0.000E+00 0.000E+00 0.000E+00 0.000E+00 0.000E+00 0.000E+00 0.000E+00 0.000E+00 0.000E+00 0.216E-08
    10.0 0.000E+00 0.000E+00 0.000E+00 0.000E+00 0.000E+00 0.000E+00 0.000E+00 0.000E+00 0.185E-09 0.390E-08
    11.0 0.000E+00 0.000E+00 0.000E+00 0.000E+00 0.000E+00 0.000E+00 0.000E+00 0.000E+00 0.122E-07 0.564E-08
    12.0 0.000E+00 0.000E+00 0.000E+00 0.000E+00 0.000E+00 0.000E+00 0.000E+00 0.000E+00 0.115E-06 0.739E-08
    13.0 0.000E+00 0.000E+00 0.000E+00 0.000E+00 0.000E+00 0.000E+00 0.000E+00 0.000E+00 0.357E-06 0.971E-08
    14.0 0.000E+00 0.000E+00 0.000E+00 0.000E+00 0.000E+00 0.000E+00 0.000E+00 0.000E+00 0.633E-06 0.114E-07
    15.0 0.000E+00 0.000E+00 0.000E+00 0.000E+00 0.000E+00 0.000E+00 0.000E+00 0.000E+00 0.846E-06 0.149E-07
    16.0 0.000E+00 0.000E+00 0.000E+00 0.000E+00 0.000E+00 0.000E+00 0.000E+00 0.000E+00 0.971E-06 0.207E-07
    17.0 0.000E+00 0.000E+00 0.000E+00 0.000E+00 0.000E+00 0.000E+00 0.000E+00 0.000E+00 0.963E-06 0.270E-07
    18.0 0.000E+00 0.000E+00 0.000E+00 0.000E+00 0.000E+00 0.000E+00 0.000E+00 0.000E+00 0.920E-06 0.183E-07
    19.0 0.000E+00 0.000E+00 0.000E+00 0.000E+00 0.000E+00 0.000E+00 0.000E+00 0.000E+00 0.854E-06 0.278E-07
    20.0 0.000E+00 0.000E+00 0.000E+00 0.000E+00 0.000E+00 0.000E+00 0.000E+00 0.000E+00 0.754E-06 0.338E-07
    21.0 0.000E+00 0.000E+00 0.000E+00 0.000E+00 0.000E+00 0.000E+00 0.000E+00 0.484E-10 0.694E-06 0.470E-07
    22.0 0.000E+00 0.000E+00 0.000E+00 0.000E+00 0.000E+00 0.000E+00 0.000E+00 0.153E-08 0.573E-06 0.000E+00
    23.0 0.000E+00 0.000E+00 0.000E+00 0.000E+00 0.000E+00 0.000E+00 0.000E+00 0.151E-07 0.478E-06 0.000E+00

  E*/MeV   182Po     183Po     184Po     185Po     186Po     187Po     188Po     189Po     190Po     191Po  
     8.0 0.000E+00 0.000E+00 0.000E+00 0.000E+00 0.000E+00 0.000E+00 0.000E+00 0.000E+00 0.000E+00 0.950E-09
     9.0 0.000E+00 0.000E+00 0.000E+00 0.000E+00 0.000E+00 0.000E+00 0.000E+00 0.000E+00 0.000E+00 0.758E-08
    10.0 0.000E+00 0.000E+00 0.000E+00 0.000E+00 0.000E+00 0.000E+00 0.000E+00 0.000E+00 0.000E+00 0.451E-07
    11.0 0.000E+00 0.000E+00 0.000E+00 0.000E+00 0.000E+00 0.000E+00 0.000E+00 0.000E+00 0.000E+00 0.204E-06
    12.0 0.000E+00 0.000E+00 0.000E+00 0.000E+00 0.000E+00 0.000E+00 0.000E+00 0.000E+00 0.000E+00 0.658E-06
    13.0 0.000E+00 0.000E+00 0.000E+00 0.000E+00 0.000E+00 0.000E+00 0.000E+00 0.000E+00 0.000E+00 0.145E-05
    14.0 0.000E+00 0.000E+00 0.000E+00 0.000E+00 0.000E+00 0.000E+00 0.000E+00 0.000E+00 0.702E-12 0.233E-05
    15.0 0.000E+00 0.000E+00 0.000E+00 0.000E+00 0.000E+00 0.000E+00 0.000E+00 0.000E+00 0.175E-10 0.299E-05
    16.0 0.000E+00 0.000E+00 0.000E+00 0.000E+00 0.000E+00 0.000E+00 0.000E+00 0.000E+00 0.192E-09 0.333E-05
    17.0 0.000E+00 0.000E+00 0.000E+00 0.000E+00 0.000E+00 0.000E+00 0.000E+00 0.000E+00 0.122E-08 0.334E-05
    18.0 0.000E+00 0.000E+00 0.000E+00 0.000E+00 0.000E+00 0.000E+00 0.000E+00 0.000E+00 0.532E-08 0.310E-05
    19.0 0.000E+00 0.000E+00 0.000E+00 0.000E+00 0.000E+00 0.000E+00 0.000E+00 0.000E+00 0.166E-07 0.275E-05
    20.0 0.000E+00 0.000E+00 0.000E+00 0.000E+00 0.000E+00 0.000E+00 0.000E+00 0.000E+00 0.397E-07 0.236E-05
    21.0 0.000E+00 0.000E+00 0.000E+00 0.000E+00 0.000E+00 0.000E+00 0.000E+00 0.000E+00 0.755E-07 0.200E-05
    22.0 0.000E+00 0.000E+00 0.000E+00 0.000E+00 0.000E+00 0.000E+00 0.000E+00 0.000E+00 0.118E-06 0.169E-05
    23.0 0.000E+00 0.000E+00 0.000E+00 0.000E+00 0.000E+00 0.000E+00 0.000E+00 0.000E+00 0.156E-06 0.145E-05

 HIVAP  CASOUT

   93Nb 99Ru 192At IFUS10 barfac0.31 sigr3.0 26/04/2024 15:36 Sitarcik  


     E_lab  A*MeV   E*/MeV     SI_fus      SI_VR     SI_Spalt  L_krit     b_Spalt

   390.678    4.20    24.0  0.9442E+01  0.1804E-05  0.9440E+01     2.0       99.98
   392.617    4.22    25.0  0.1275E+02  0.1568E-05  0.1275E+02    17.0       99.98
   394.557    4.24    26.0  0.1685E+02  0.1377E-05  0.1684E+02    24.0       99.98
   396.496    4.26    27.0  0.2177E+02  0.1197E-05  0.2177E+02    30.0       99.98
   398.435    4.28    28.0  0.2760E+02  0.1023E-05  0.2759E+02    35.0       99.97
   400.375    4.31    29.0  0.3438E+02  0.8504E-06  0.3437E+02    65.0       99.97
   402.314    4.33    30.0  0.4207E+02  0.6891E-06  0.4206E+02    65.0       99.97
   404.253    4.35    31.0  0.5069E+02  0.5457E-06  0.5067E+02    65.0       99.96
   406.193    4.37    32.0  0.6019E+02  0.4234E-06  0.6016E+02    65.0       99.96
   408.132    4.39    33.0  0.7042E+02  0.3266E-06  0.7039E+02    65.0       99.95
   410.072    4.41    34.0  0.8136E+02  0.2528E-06  0.8132E+02    65.0       99.95
   412.011    4.43    35.0  0.9279E+02  0.1978E-06  0.9274E+02    65.0       99.95
   413.950    4.45    36.0  0.1046E+03  0.1588E-06  0.1045E+03    65.0       99.94
   415.890    4.47    37.0  0.1166E+03  0.1313E-06  0.1165E+03    65.0       99.93
   417.829    4.49    38.0  0.1286E+03  0.1090E-06  0.1285E+03    65.0       99.93
   419.769    4.51    39.0  0.1405E+03  0.8954E-07  0.1404E+03    65.0       99.92

     Querschnitte / mbarn

  E*/MeV   183At     184At     185At     186At     187At     188At     189At     190At     191At     192At  
    24.0 0.000E+00 0.000E+00 0.000E+00 0.000E+00 0.000E+00 0.000E+00 0.000E+00 0.720E-07 0.330E-06 0.000E+00
    25.0 0.000E+00 0.000E+00 0.000E+00 0.000E+00 0.000E+00 0.000E+00 0.000E+00 0.199E-06 0.207E-06 0.000E+00
    26.0 0.000E+00 0.000E+00 0.000E+00 0.000E+00 0.000E+00 0.000E+00 0.000E+00 0.357E-06 0.122E-06 0.000E+00
    27.0 0.000E+00 0.000E+00 0.000E+00 0.000E+00 0.000E+00 0.000E+00 0.000E+00 0.484E-06 0.687E-07 0.000E+00
    28.0 0.000E+00 0.000E+00 0.000E+00 0.000E+00 0.000E+00 0.000E+00 0.000E+00 0.549E-06 0.366E-07 0.000E+00
    29.0 0.000E+00 0.000E+00 0.000E+00 0.000E+00 0.000E+00 0.000E+00 0.000E+00 0.548E-06 0.181E-07 0.000E+00
    30.0 0.000E+00 0.000E+00 0.000E+00 0.000E+00 0.000E+00 0.000E+00 0.000E+00 0.498E-06 0.854E-08 0.000E+00
    31.0 0.000E+00 0.000E+00 0.000E+00 0.000E+00 0.000E+00 0.000E+00 0.204E-12 0.424E-06 0.370E-08 0.000E+00
    32.0 0.000E+00 0.000E+00 0.000E+00 0.000E+00 0.000E+00 0.000E+00 0.635E-11 0.342E-06 0.000E+00 0.000E+00
    33.0 0.000E+00 0.000E+00 0.000E+00 0.000E+00 0.000E+00 0.000E+00 0.648E-10 0.265E-06 0.000E+00 0.000E+00
    34.0 0.000E+00 0.000E+00 0.000E+00 0.000E+00 0.000E+00 0.000E+00 0.323E-09 0.198E-06 0.000E+00 0.000E+00
    35.0 0.000E+00 0.000E+00 0.000E+00 0.000E+00 0.000E+00 0.000E+00 0.938E-09 0.144E-06 0.000E+00 0.000E+00
    36.0 0.000E+00 0.000E+00 0.000E+00 0.000E+00 0.000E+00 0.000E+00 0.185E-08 0.103E-06 0.000E+00 0.000E+00
    37.0 0.000E+00 0.000E+00 0.000E+00 0.000E+00 0.000E+00 0.000E+00 0.280E-08 0.728E-07 0.000E+00 0.000E+00
    38.0 0.000E+00 0.000E+00 0.000E+00 0.000E+00 0.000E+00 0.000E+00 0.353E-08 0.512E-07 0.000E+00 0.000E+00
    39.0 0.000E+00 0.000E+00 0.000E+00 0.000E+00 0.000E+00 0.000E+00 0.389E-08 0.356E-07 0.000E+00 0.000E+00

  E*/MeV   182Po     183Po     184Po     185Po     186Po     187Po     188Po     189Po     190Po     191Po  
    24.0 0.000E+00 0.000E+00 0.000E+00 0.000E+00 0.000E+00 0.000E+00 0.000E+00 0.000E+00 0.181E-06 0.122E-05
    25.0 0.000E+00 0.000E+00 0.000E+00 0.000E+00 0.000E+00 0.000E+00 0.000E+00 0.000E+00 0.188E-06 0.974E-06
    26.0 0.000E+00 0.000E+00 0.000E+00 0.000E+00 0.000E+00 0.000E+00 0.000E+00 0.121E-11 0.179E-06 0.719E-06
    27.0 0.000E+00 0.000E+00 0.000E+00 0.000E+00 0.000E+00 0.000E+00 0.000E+00 0.119E-10 0.159E-06 0.486E-06
    28.0 0.000E+00 0.000E+00 0.000E+00 0.000E+00 0.000E+00 0.000E+00 0.000E+00 0.781E-10 0.133E-06 0.304E-06
    29.0 0.000E+00 0.000E+00 0.000E+00 0.000E+00 0.000E+00 0.000E+00 0.000E+00 0.373E-09 0.106E-06 0.178E-06
    30.0 0.000E+00 0.000E+00 0.000E+00 0.000E+00 0.000E+00 0.000E+00 0.000E+00 0.134E-08 0.818E-07 0.995E-07
    31.0 0.000E+00 0.000E+00 0.000E+00 0.000E+00 0.000E+00 0.000E+00 0.000E+00 0.379E-08 0.609E-07 0.538E-07
    32.0 0.000E+00 0.000E+00 0.000E+00 0.000E+00 0.000E+00 0.000E+00 0.000E+00 0.864E-08 0.440E-07 0.286E-07
    33.0 0.000E+00 0.000E+00 0.000E+00 0.000E+00 0.000E+00 0.000E+00 0.000E+00 0.163E-07 0.310E-07 0.140E-07
    34.0 0.000E+00 0.000E+00 0.000E+00 0.000E+00 0.000E+00 0.000E+00 0.000E+00 0.262E-07 0.213E-07 0.687E-08
    35.0 0.000E+00 0.000E+00 0.000E+00 0.000E+00 0.000E+00 0.000E+00 0.000E+00 0.365E-07 0.142E-07 0.222E-08
    36.0 0.000E+00 0.000E+00 0.000E+00 0.000E+00 0.000E+00 0.000E+00 0.000E+00 0.449E-07 0.919E-08 0.000E+00
    37.0 0.000E+00 0.000E+00 0.000E+00 0.000E+00 0.000E+00 0.000E+00 0.200E-13 0.499E-07 0.584E-08 0.000E+00
    38.0 0.000E+00 0.000E+00 0.000E+00 0.000E+00 0.000E+00 0.000E+00 0.135E-12 0.509E-07 0.339E-08 0.000E+00
    39.0 0.000E+00 0.000E+00 0.000E+00 0.000E+00 0.000E+00 0.000E+00 0.659E-12 0.483E-07 0.173E-08 0.000E+00

 HIVAP  CASOUT

   93Nb 99Ru 192At IFUS10 barfac0.31 sigr3.0 26/04/2024 15:36 Sitarcik  


     E_lab  A*MeV   E*/MeV     SI_fus      SI_VR     SI_Spalt  L_krit     b_Spalt

   421.708    4.53    40.0  0.1522E+03  0.7210E-07  0.1520E+03    65.0       99.92
   423.647    4.56    41.0  0.1634E+03  0.5677E-07  0.1632E+03    65.0       99.91
   425.587    4.58    42.0  0.1740E+03  0.4376E-07  0.1738E+03    65.0       99.90
   427.526    4.60    43.0  0.1839E+03  0.3279E-07  0.1837E+03    65.0       99.89
   429.466    4.62    44.0  0.1931E+03  0.2420E-07  0.1929E+03    65.0       99.89
   431.405    4.64    45.0  0.2015E+03  0.1749E-07  0.2013E+03    65.0       99.88
   433.344    4.66    46.0  0.2090E+03  0.1242E-07  0.2088E+03    65.0       99.87
   435.284    4.68    47.0  0.2157E+03  0.8790E-08  0.2154E+03    65.0       99.86
   437.223    4.70    48.0  0.2215E+03  0.6192E-08  0.2212E+03    65.0       99.84
   439.163    4.72    49.0  0.2265E+03  0.4444E-08  0.2261E+03    65.0       99.83
   441.102    4.74    50.0  0.2307E+03  0.3214E-08  0.2302E+03    65.0       99.82
   443.041    4.76    51.0  0.2341E+03  0.2318E-08  0.2336E+03    65.0       99.80
   444.981    4.78    52.0  0.2368E+03  0.1741E-08  0.2363E+03    65.0       99.79
   446.920    4.81    53.0  0.2390E+03  0.1321E-08  0.2384E+03    65.0       99.77
   448.860    4.83    54.0  0.2406E+03  0.1009E-08  0.2400E+03    65.0       99.75
   450.799    4.85    55.0  0.2416E+03  0.7718E-09  0.2410E+03    65.0       99.74

     Querschnitte / mbarn

  E*/MeV   183At     184At     185At     186At     187At     188At     189At     190At     191At     192At  
    40.0 0.000E+00 0.000E+00 0.000E+00 0.000E+00 0.000E+00 0.000E+00 0.388E-08 0.243E-07 0.000E+00 0.000E+00
    41.0 0.000E+00 0.000E+00 0.000E+00 0.000E+00 0.000E+00 0.000E+00 0.357E-08 0.162E-07 0.000E+00 0.000E+00
    42.0 0.000E+00 0.000E+00 0.000E+00 0.000E+00 0.000E+00 0.000E+00 0.310E-08 0.106E-07 0.000E+00 0.000E+00
    43.0 0.000E+00 0.000E+00 0.000E+00 0.000E+00 0.000E+00 0.231E-14 0.256E-08 0.668E-08 0.000E+00 0.000E+00
    44.0 0.000E+00 0.000E+00 0.000E+00 0.000E+00 0.000E+00 0.372E-13 0.204E-08 0.414E-08 0.000E+00 0.000E+00
    45.0 0.000E+00 0.000E+00 0.000E+00 0.000E+00 0.000E+00 0.329E-12 0.157E-08 0.244E-08 0.000E+00 0.000E+00
    46.0 0.000E+00 0.000E+00 0.000E+00 0.000E+00 0.000E+00 0.181E-11 0.117E-08 0.133E-08 0.000E+00 0.000E+00
    47.0 0.000E+00 0.000E+00 0.000E+00 0.000E+00 0.000E+00 0.675E-11 0.860E-09 0.707E-09 0.000E+00 0.000E+00
    48.0 0.000E+00 0.000E+00 0.000E+00 0.000E+00 0.000E+00 0.182E-10 0.618E-09 0.331E-09 0.000E+00 0.000E+00
    49.0 0.000E+00 0.000E+00 0.000E+00 0.000E+00 0.000E+00 0.379E-10 0.437E-09 0.183E-09 0.000E+00 0.000E+00
    50.0 0.000E+00 0.000E+00 0.000E+00 0.000E+00 0.000E+00 0.644E-10 0.305E-09 0.910E-10 0.000E+00 0.000E+00
    51.0 0.000E+00 0.000E+00 0.000E+00 0.000E+00 0.000E+00 0.937E-10 0.210E-09 0.000E+00 0.000E+00 0.000E+00
    52.0 0.000E+00 0.000E+00 0.000E+00 0.000E+00 0.000E+00 0.121E-09 0.142E-09 0.000E+00 0.000E+00 0.000E+00
    53.0 0.000E+00 0.000E+00 0.000E+00 0.000E+00 0.000E+00 0.141E-09 0.957E-10 0.000E+00 0.000E+00 0.000E+00
    54.0 0.000E+00 0.000E+00 0.000E+00 0.000E+00 0.150E-16 0.152E-09 0.635E-10 0.000E+00 0.000E+00 0.000E+00
    55.0 0.000E+00 0.000E+00 0.000E+00 0.000E+00 0.170E-15 0.154E-09 0.404E-10 0.000E+00 0.000E+00 0.000E+00

  E*/MeV   182Po     183Po     184Po     185Po     186Po     187Po     188Po     189Po     190Po     191Po  
    40.0 0.000E+00 0.000E+00 0.000E+00 0.000E+00 0.000E+00 0.000E+00 0.244E-11 0.431E-07 0.770E-09 0.000E+00
    41.0 0.000E+00 0.000E+00 0.000E+00 0.000E+00 0.000E+00 0.000E+00 0.712E-11 0.367E-07 0.301E-09 0.000E+00
    42.0 0.000E+00 0.000E+00 0.000E+00 0.000E+00 0.000E+00 0.000E+00 0.170E-10 0.299E-07 0.186E-09 0.000E+00
    43.0 0.000E+00 0.000E+00 0.000E+00 0.000E+00 0.000E+00 0.000E+00 0.340E-10 0.235E-07 0.000E+00 0.000E+00
    44.0 0.000E+00 0.000E+00 0.000E+00 0.000E+00 0.000E+00 0.000E+00 0.585E-10 0.180E-07 0.000E+00 0.000E+00
    45.0 0.000E+00 0.000E+00 0.000E+00 0.000E+00 0.000E+00 0.000E+00 0.882E-10 0.134E-07 0.000E+00 0.000E+00
    46.0 0.000E+00 0.000E+00 0.000E+00 0.000E+00 0.000E+00 0.000E+00 0.119E-09 0.980E-08 0.000E+00 0.000E+00
    47.0 0.000E+00 0.000E+00 0.000E+00 0.000E+00 0.000E+00 0.000E+00 0.146E-09 0.707E-08 0.000E+00 0.000E+00
    48.0 0.000E+00 0.000E+00 0.000E+00 0.000E+00 0.000E+00 0.000E+00 0.165E-09 0.506E-08 0.000E+00 0.000E+00
    49.0 0.000E+00 0.000E+00 0.000E+00 0.000E+00 0.000E+00 0.599E-15 0.174E-09 0.361E-08 0.000E+00 0.000E+00
    50.0 0.000E+00 0.000E+00 0.000E+00 0.000E+00 0.000E+00 0.358E-14 0.174E-09 0.258E-08 0.000E+00 0.000E+00
    51.0 0.000E+00 0.000E+00 0.000E+00 0.000E+00 0.000E+00 0.167E-13 0.165E-09 0.185E-08 0.000E+00 0.000E+00
    52.0 0.000E+00 0.000E+00 0.000E+00 0.000E+00 0.000E+00 0.633E-13 0.150E-09 0.133E-08 0.000E+00 0.000E+00
    53.0 0.000E+00 0.000E+00 0.000E+00 0.000E+00 0.000E+00 0.199E-12 0.131E-09 0.953E-09 0.000E+00 0.000E+00
    54.0 0.000E+00 0.000E+00 0.000E+00 0.000E+00 0.000E+00 0.529E-12 0.111E-09 0.681E-09 0.000E+00 0.000E+00
    55.0 0.000E+00 0.000E+00 0.000E+00 0.000E+00 0.000E+00 0.121E-11 0.922E-10 0.484E-09 0.000E+00 0.000E+00

 HIVAP  CASOUT

   93Nb 99Ru 192At IFUS10 barfac0.31 sigr3.0 26/04/2024 15:36 Sitarcik  


     E_lab  A*MeV   E*/MeV     SI_fus      SI_VR     SI_Spalt  L_krit     b_Spalt

   452.738    4.87    56.0  0.2423E+03  0.5609E-09  0.2416E+03    65.0       99.72
   454.678    4.89    57.0  0.2427E+03  0.3671E-09  0.2419E+03    65.0       99.69
   456.617    4.91    58.0  0.2427E+03  0.2750E-09  0.2419E+03    65.0       99.67
   458.557    4.93    59.0  0.2425E+03  0.2218E-09  0.2417E+03    65.0       99.65
   460.496    4.95    60.0  0.2421E+03  0.1795E-09  0.2412E+03    65.0       99.62
   462.435    4.97    61.0  0.2416E+03  0.1455E-09  0.2406E+03    65.0       99.60
   464.375    4.99    62.0  0.2409E+03  0.1186E-09  0.2399E+03    65.0       99.57
   466.314    5.01    63.0  0.2402E+03  0.8007E-10  0.2391E+03    65.0       99.54
   468.253    5.03    64.0  0.2394E+03  0.6889E-10  0.2382E+03    65.0       99.51
   470.193    5.06    65.0  0.2385E+03  0.5886E-10  0.2373E+03    65.0       99.48
   472.132    5.08    66.0  0.2376E+03  0.4993E-10  0.2363E+03    65.0       99.45
   474.072    5.10    67.0  0.2366E+03  0.4262E-10  0.2353E+03    65.0       99.42
   476.011    5.12    68.0  0.2357E+03  0.3640E-10  0.2343E+03    65.0       99.39
   477.950    5.14    69.0  0.2348E+03  0.3126E-10  0.2332E+03    65.0       99.35
   479.890    5.16    70.0  0.2338E+03  0.2654E-10  0.2322E+03    65.0       99.32
   481.829    5.18    71.0  0.2329E+03  0.2228E-10  0.2312E+03    65.0       99.28

     Querschnitte / mbarn

  E*/MeV   183At     184At     185At     186At     187At     188At     189At     190At     191At     192At  
    56.0 0.000E+00 0.000E+00 0.000E+00 0.000E+00 0.123E-14 0.149E-09 0.237E-10 0.000E+00 0.000E+00 0.000E+00
    57.0 0.000E+00 0.000E+00 0.000E+00 0.000E+00 0.606E-14 0.137E-09 0.843E-11 0.000E+00 0.000E+00 0.000E+00
    58.0 0.000E+00 0.000E+00 0.000E+00 0.000E+00 0.216E-13 0.121E-09 0.219E-11 0.000E+00 0.000E+00 0.000E+00
    59.0 0.000E+00 0.000E+00 0.000E+00 0.000E+00 0.587E-13 0.104E-09 0.000E+00 0.000E+00 0.000E+00 0.000E+00
    60.0 0.000E+00 0.000E+00 0.000E+00 0.000E+00 0.128E-12 0.874E-10 0.000E+00 0.000E+00 0.000E+00 0.000E+00
    61.0 0.000E+00 0.000E+00 0.000E+00 0.000E+00 0.233E-12 0.716E-10 0.000E+00 0.000E+00 0.000E+00 0.000E+00
    62.0 0.000E+00 0.000E+00 0.000E+00 0.000E+00 0.371E-12 0.575E-10 0.000E+00 0.000E+00 0.000E+00 0.000E+00
    63.0 0.000E+00 0.000E+00 0.000E+00 0.000E+00 0.526E-12 0.455E-10 0.000E+00 0.000E+00 0.000E+00 0.000E+00
    64.0 0.000E+00 0.000E+00 0.000E+00 0.000E+00 0.680E-12 0.356E-10 0.000E+00 0.000E+00 0.000E+00 0.000E+00
    65.0 0.000E+00 0.000E+00 0.000E+00 0.000E+00 0.815E-12 0.276E-10 0.000E+00 0.000E+00 0.000E+00 0.000E+00
    66.0 0.000E+00 0.000E+00 0.000E+00 0.000E+00 0.918E-12 0.212E-10 0.000E+00 0.000E+00 0.000E+00 0.000E+00
    67.0 0.000E+00 0.000E+00 0.000E+00 0.000E+00 0.979E-12 0.162E-10 0.000E+00 0.000E+00 0.000E+00 0.000E+00
    68.0 0.000E+00 0.000E+00 0.000E+00 0.266E-17 0.999E-12 0.123E-10 0.000E+00 0.000E+00 0.000E+00 0.000E+00
    69.0 0.000E+00 0.000E+00 0.000E+00 0.171E-16 0.979E-12 0.933E-11 0.000E+00 0.000E+00 0.000E+00 0.000E+00
    70.0 0.000E+00 0.000E+00 0.000E+00 0.816E-16 0.928E-12 0.702E-11 0.000E+00 0.000E+00 0.000E+00 0.000E+00
    71.0 0.000E+00 0.000E+00 0.000E+00 0.301E-15 0.855E-12 0.527E-11 0.000E+00 0.000E+00 0.000E+00 0.000E+00

  E*/MeV   182Po     183Po     184Po     185Po     186Po     187Po     188Po     189Po     190Po     191Po  
    56.0 0.000E+00 0.000E+00 0.000E+00 0.000E+00 0.000E+00 0.244E-11 0.744E-10 0.312E-09 0.000E+00 0.000E+00
    57.0 0.000E+00 0.000E+00 0.000E+00 0.000E+00 0.000E+00 0.437E-11 0.589E-10 0.159E-09 0.000E+00 0.000E+00
    58.0 0.000E+00 0.000E+00 0.000E+00 0.000E+00 0.000E+00 0.704E-11 0.457E-10 0.986E-10 0.000E+00 0.000E+00
    59.0 0.000E+00 0.000E+00 0.000E+00 0.000E+00 0.000E+00 0.104E-10 0.350E-10 0.720E-10 0.000E+00 0.000E+00
    60.0 0.000E+00 0.000E+00 0.000E+00 0.000E+00 0.000E+00 0.140E-10 0.263E-10 0.516E-10 0.000E+00 0.000E+00
    61.0 0.000E+00 0.000E+00 0.000E+00 0.000E+00 0.742E-17 0.177E-10 0.196E-10 0.364E-10 0.000E+00 0.000E+00
    62.0 0.000E+00 0.000E+00 0.000E+00 0.000E+00 0.314E-16 0.211E-10 0.143E-10 0.253E-10 0.000E+00 0.000E+00
    63.0 0.000E+00 0.000E+00 0.000E+00 0.000E+00 0.110E-15 0.237E-10 0.104E-10 0.000E+00 0.000E+00 0.000E+00
    64.0 0.000E+00 0.000E+00 0.000E+00 0.000E+00 0.327E-15 0.254E-10 0.724E-11 0.000E+00 0.000E+00 0.000E+00
    65.0 0.000E+00 0.000E+00 0.000E+00 0.000E+00 0.841E-15 0.261E-10 0.439E-11 0.000E+00 0.000E+00 0.000E+00
    66.0 0.000E+00 0.000E+00 0.000E+00 0.000E+00 0.190E-14 0.258E-10 0.197E-11 0.000E+00 0.000E+00 0.000E+00
    67.0 0.000E+00 0.000E+00 0.000E+00 0.000E+00 0.382E-14 0.248E-10 0.657E-12 0.000E+00 0.000E+00 0.000E+00
    68.0 0.000E+00 0.000E+00 0.000E+00 0.000E+00 0.693E-14 0.231E-10 0.000E+00 0.000E+00 0.000E+00 0.000E+00
    69.0 0.000E+00 0.000E+00 0.000E+00 0.000E+00 0.115E-13 0.209E-10 0.000E+00 0.000E+00 0.000E+00 0.000E+00
    70.0 0.000E+00 0.000E+00 0.000E+00 0.000E+00 0.176E-13 0.186E-10 0.000E+00 0.000E+00 0.000E+00 0.000E+00
    71.0 0.000E+00 0.000E+00 0.000E+00 0.000E+00 0.251E-13 0.161E-10 0.000E+00 0.000E+00 0.000E+00 0.000E+00

 HIVAP  CASOUT

   93Nb 99Ru 192At IFUS10 barfac0.31 sigr3.0 26/04/2024 15:36 Sitarcik  


     E_lab  A*MeV   E*/MeV     SI_fus      SI_VR     SI_Spalt  L_krit     b_Spalt

   483.769    5.20    72.0  0.2319E+03  0.1849E-10  0.2302E+03    65.0       99.24
   485.708    5.22    73.0  0.2310E+03  0.1515E-10  0.2292E+03    65.0       99.20
   487.647    5.24    74.0  0.2301E+03  0.1222E-10  0.2282E+03    65.0       99.16
   489.587    5.26    75.0  0.2292E+03  0.9694E-11  0.2272E+03    65.0       99.12
   491.526    5.29    76.0  0.2283E+03  0.7238E-11  0.2262E+03    65.0       99.08
   493.466    5.31    77.0  0.2274E+03  0.5785E-11  0.2252E+03    65.0       99.04
   495.405    5.33    78.0  0.2265E+03  0.4606E-11  0.2242E+03    65.0       98.99
   497.344    5.35    79.0  0.2256E+03  0.3640E-11  0.2232E+03    65.0       98.95
   499.284    5.37    80.0  0.2247E+03  0.2862E-11  0.2223E+03    65.0       98.90
   501.223    5.39    81.0  0.2239E+03  0.2243E-11  0.2213E+03    65.0       98.85
   503.163    5.41    82.0  0.2230E+03  0.1660E-11  0.2203E+03    65.0       98.80
   505.102    5.43    83.0  0.2221E+03  0.1263E-11  0.2194E+03    65.0       98.75
   507.041    5.45    84.0  0.2213E+03  0.9273E-12  0.2184E+03    65.0       98.70
   508.981    5.47    85.0  0.2204E+03  0.6238E-12  0.2175E+03    65.0       98.65
   510.920    5.49    86.0  0.2196E+03  0.3423E-12  0.2165E+03    65.0       98.60
   512.860    5.51    87.0  0.2188E+03  0.2248E-12  0.2156E+03    65.0       98.55

     Querschnitte / mbarn

  E*/MeV   183At     184At     185At     186At     187At     188At     189At     190At     191At     192At  
    72.0 0.000E+00 0.000E+00 0.000E+00 0.893E-15 0.768E-12 0.392E-11 0.000E+00 0.000E+00 0.000E+00 0.000E+00
    73.0 0.000E+00 0.000E+00 0.000E+00 0.219E-14 0.674E-12 0.287E-11 0.000E+00 0.000E+00 0.000E+00 0.000E+00
    74.0 0.000E+00 0.000E+00 0.000E+00 0.462E-14 0.582E-12 0.202E-11 0.000E+00 0.000E+00 0.000E+00 0.000E+00
    75.0 0.000E+00 0.000E+00 0.000E+00 0.853E-14 0.494E-12 0.133E-11 0.000E+00 0.000E+00 0.000E+00 0.000E+00
    76.0 0.000E+00 0.000E+00 0.000E+00 0.141E-13 0.413E-12 0.447E-12 0.000E+00 0.000E+00 0.000E+00 0.000E+00
    77.0 0.000E+00 0.000E+00 0.000E+00 0.213E-13 0.342E-12 0.326E-12 0.000E+00 0.000E+00 0.000E+00 0.000E+00
    78.0 0.000E+00 0.000E+00 0.000E+00 0.298E-13 0.281E-12 0.252E-12 0.000E+00 0.000E+00 0.000E+00 0.000E+00
    79.0 0.000E+00 0.000E+00 0.000E+00 0.389E-13 0.229E-12 0.192E-12 0.000E+00 0.000E+00 0.000E+00 0.000E+00
    80.0 0.000E+00 0.000E+00 0.312E-19 0.481E-13 0.185E-12 0.145E-12 0.000E+00 0.000E+00 0.000E+00 0.000E+00
    81.0 0.000E+00 0.000E+00 0.155E-18 0.565E-13 0.149E-12 0.109E-12 0.000E+00 0.000E+00 0.000E+00 0.000E+00
    82.0 0.000E+00 0.000E+00 0.603E-18 0.635E-13 0.119E-12 0.000E+00 0.000E+00 0.000E+00 0.000E+00 0.000E+00
    83.0 0.000E+00 0.000E+00 0.191E-17 0.687E-13 0.945E-13 0.000E+00 0.000E+00 0.000E+00 0.000E+00 0.000E+00
    84.0 0.000E+00 0.000E+00 0.505E-17 0.720E-13 0.734E-13 0.000E+00 0.000E+00 0.000E+00 0.000E+00 0.000E+00
    85.0 0.000E+00 0.000E+00 0.115E-16 0.731E-13 0.542E-13 0.000E+00 0.000E+00 0.000E+00 0.000E+00 0.000E+00
    86.0 0.000E+00 0.000E+00 0.232E-16 0.723E-13 0.403E-13 0.000E+00 0.000E+00 0.000E+00 0.000E+00 0.000E+00
    87.0 0.000E+00 0.000E+00 0.419E-16 0.699E-13 0.239E-13 0.000E+00 0.000E+00 0.000E+00 0.000E+00 0.000E+00

  E*/MeV   182Po     183Po     184Po     185Po     186Po     187Po     188Po     189Po     190Po     191Po  
    72.0 0.000E+00 0.000E+00 0.000E+00 0.000E+00 0.336E-13 0.138E-10 0.000E+00 0.000E+00 0.000E+00 0.000E+00
    73.0 0.000E+00 0.000E+00 0.000E+00 0.000E+00 0.425E-13 0.116E-10 0.000E+00 0.000E+00 0.000E+00 0.000E+00
    74.0 0.000E+00 0.000E+00 0.000E+00 0.000E+00 0.512E-13 0.956E-11 0.000E+00 0.000E+00 0.000E+00 0.000E+00
    75.0 0.000E+00 0.000E+00 0.000E+00 0.299E-17 0.590E-13 0.781E-11 0.000E+00 0.000E+00 0.000E+00 0.000E+00
    76.0 0.000E+00 0.000E+00 0.000E+00 0.105E-16 0.654E-13 0.630E-11 0.000E+00 0.000E+00 0.000E+00 0.000E+00
    77.0 0.000E+00 0.000E+00 0.000E+00 0.321E-16 0.699E-13 0.503E-11 0.000E+00 0.000E+00 0.000E+00 0.000E+00
    78.0 0.000E+00 0.000E+00 0.000E+00 0.864E-16 0.724E-13 0.397E-11 0.000E+00 0.000E+00 0.000E+00 0.000E+00
    79.0 0.000E+00 0.000E+00 0.000E+00 0.208E-15 0.729E-13 0.311E-11 0.000E+00 0.000E+00 0.000E+00 0.000E+00
    80.0 0.000E+00 0.000E+00 0.000E+00 0.451E-15 0.716E-13 0.241E-11 0.000E+00 0.000E+00 0.000E+00 0.000E+00
    81.0 0.000E+00 0.000E+00 0.000E+00 0.890E-15 0.687E-13 0.186E-11 0.000E+00 0.000E+00 0.000E+00 0.000E+00
    82.0 0.000E+00 0.000E+00 0.000E+00 0.162E-14 0.646E-13 0.141E-11 0.000E+00 0.000E+00 0.000E+00 0.000E+00
    83.0 0.000E+00 0.000E+00 0.000E+00 0.272E-14 0.596E-13 0.104E-11 0.000E+00 0.000E+00 0.000E+00 0.000E+00
    84.0 0.000E+00 0.000E+00 0.000E+00 0.428E-14 0.542E-13 0.724E-12 0.000E+00 0.000E+00 0.000E+00 0.000E+00
    85.0 0.000E+00 0.000E+00 0.000E+00 0.632E-14 0.485E-13 0.442E-12 0.000E+00 0.000E+00 0.000E+00 0.000E+00
    86.0 0.000E+00 0.000E+00 0.000E+00 0.885E-14 0.429E-13 0.178E-12 0.000E+00 0.000E+00 0.000E+00 0.000E+00
    87.0 0.000E+00 0.000E+00 0.143E-19 0.118E-13 0.375E-13 0.817E-13 0.000E+00 0.000E+00 0.000E+00 0.000E+00

 HIVAP  CASOUT

   93Nb 99Ru 192At IFUS10 barfac0.31 sigr3.0 26/04/2024 15:36 Sitarcik  


     E_lab  A*MeV   E*/MeV     SI_fus      SI_VR     SI_Spalt  L_krit     b_Spalt

   514.799    5.54    88.0  0.2180E+03  0.1278E-12  0.2147E+03    65.0       98.49
   516.738    5.56    89.0  0.2171E+03  0.1182E-12  0.2137E+03    65.0       98.44
   518.678    5.58    90.0  0.2163E+03  0.1077E-12  0.2128E+03    65.0       98.38

     Querschnitte / mbarn

  E*/MeV   183At     184At     185At     186At     187At     188At     189At     190At     191At     192At  
    88.0 0.000E+00 0.000E+00 0.692E-16 0.661E-13 0.141E-13 0.000E+00 0.000E+00 0.000E+00 0.000E+00 0.000E+00
    89.0 0.000E+00 0.000E+00 0.106E-15 0.614E-13 0.104E-13 0.000E+00 0.000E+00 0.000E+00 0.000E+00 0.000E+00
    90.0 0.000E+00 0.000E+00 0.151E-15 0.560E-13 0.622E-14 0.000E+00 0.000E+00 0.000E+00 0.000E+00 0.000E+00

  E*/MeV   182Po     183Po     184Po     185Po     186Po     187Po     188Po     189Po     190Po     191Po  
    88.0 0.000E+00 0.000E+00 0.449E-19 0.150E-13 0.325E-13 0.000E+00 0.000E+00 0.000E+00 0.000E+00 0.000E+00
    89.0 0.000E+00 0.000E+00 0.125E-18 0.183E-13 0.279E-13 0.000E+00 0.000E+00 0.000E+00 0.000E+00 0.000E+00
    90.0 0.000E+00 0.000E+00 0.310E-18 0.216E-13 0.237E-13 0.000E+00 0.000E+00 0.000E+00 0.000E+00 0.000E+00
                                                                        
           



 Ende HIVAP 
