          Programm HIVAP,  Autor  W.Reisdorf   Version fuer "rzri6f" vom  7. 6. 1994

           Bearbeitung F.P.Heﬂberger
           
   93Nb 99Ru 192At IFUS10 barfac0.45 sigr3.0 05/04/2023 15:54 Sitarcik  
           

 Unterprogramm SEPENF

 benutzt Sierks Programm BARFIT 
 Q-Wert  -177.443 MeV
 Massen aus der Datei "mlz.dat" 

         Exp. Schaleneffekte,  SHELL0=    0.00
          At  183   At  184   At  185   At  186   At  187   At  188   At  189   At  190   At  191   At  192
             -0.16     -0.96     -0.15     -0.95     -0.13     -0.92     -0.10     -0.88     -0.07     -0.87
          Po  182   Po  183   Po  184   Po  185   Po  186   Po  187   Po  188   Po  189   Po  190   Po  191
              0.25     -0.41      0.51     -0.23      0.60     -0.21      0.55     -0.34      0.34     -0.63
          Bi  181   Bi  182   Bi  183   Bi  184   Bi  185   Bi  186   Bi  187   Bi  188   Bi  189   Bi  190
             -1.37     -2.02     -1.09     -1.82     -0.98     -1.79     -1.03     -1.92     -1.24     -2.20
          Pb  180   Pb  181   Pb  182   Pb  183   Pb  184   Pb  185   Pb  186   Pb  187   Pb  188   Pb  189
             -1.40     -2.05     -1.11     -1.85     -1.00     -1.81     -1.05     -1.94     -1.26     -2.22

           BARFAC=   0.450      BAR0=   0.000

          Separationsenergien (BN,BP,BA) und Spaltbarrieren
          At  183   At  184   At  185   At  186   At  187   At  188   At  189   At  190   At  191   At  192
             12.65     10.83     12.24     10.41     11.81     10.00     11.40      9.60     11.01      9.25
             -3.05     -2.63     -2.25     -1.92     -1.64     -1.40     -1.20     -1.04     -0.93     -0.82
            -10.29     -9.93     -9.63     -9.36     -9.14     -8.96     -8.83     -8.72     -8.66     -8.59
              1.94      2.85      2.15      3.06      2.35      3.25      2.54      3.43      2.73      3.64
             -0.81     -1.62     -0.81     -1.61     -0.80     -1.60     -0.80     -1.60     -0.80     -1.59
          Po  182   Po  183   Po  184   Po  185   Po  186   Po  187   Po  188   Po  189   Po  190   Po  191
             12.21     10.41     11.86     10.08     11.54      9.75     11.20      9.44     10.89      9.14
             -1.35     -1.08     -0.82     -0.54     -0.28     -0.02      0.24      0.50      0.75      1.01
            -10.37    -10.16     -9.96     -9.74     -9.53     -9.32     -9.12     -8.90     -8.69     -8.47
              1.95      2.73      1.92      2.78      2.07      3.00      2.36      3.36      2.81      3.88
              0.00     -0.81      0.00     -0.81      0.00     -0.80      0.00     -0.80      0.00     -0.80
          Bi  181   Bi  182   Bi  183   Bi  184   Bi  185   Bi  186   Bi  187   Bi  188   Bi  189   Bi  190
             11.94     10.14     11.60      9.81     11.27      9.49     10.95      9.18     10.64      8.88
             -2.58     -2.30     -2.03     -1.76     -1.49     -1.22     -0.96     -0.69     -0.43     -0.17
             -8.40     -8.19     -7.99     -7.78     -7.58     -7.36     -7.16     -6.93     -6.73     -6.50
              4.02      4.81      4.01      4.87      4.15      5.09      4.45      5.46      4.90      5.98
             -0.82     -1.63     -0.81     -1.62     -0.81     -1.61     -0.80     -1.60     -0.80     -1.60
          Pb  180   Pb  181   Pb  182   Pb  183   Pb  184   Pb  185   Pb  186   Pb  187   Pb  188   Pb  189
             11.67      9.86     11.33      9.54     11.00      9.22     10.68      8.92     10.38      8.62
              1.15      1.42      1.68      1.94      2.20      2.46      2.71      2.97      3.22      3.47
             -6.44     -6.22     -6.03     -5.81     -5.61     -5.39     -5.19     -4.97     -4.76     -4.54
              4.56      5.36      4.56      5.43      4.71      5.65      5.02      6.03      5.47      6.56
              0.00     -0.82      0.00     -0.81      0.00     -0.81      0.00     -0.80      0.00     -0.80

 benutzter Q-Wert  -177.443 MeV    effektiver Q-Wert  -177.443 MeV

 HIVAP  CASOUT

   93Nb 99Ru 192At IFUS10 barfac0.45 sigr3.0 05/04/2023 15:54 Sitarcik  


     E_lab  A*MeV   E*/MeV     SI_fus      SI_VR     SI_Spalt  L_krit     b_Spalt

   359.647    3.87     8.0  0.1378E-04  0.1083E-07  0.1377E-04     0.0       99.92
   361.587    3.89     9.0  0.7079E-04  0.4094E-07  0.7075E-04     0.0       99.94
   363.526    3.91    10.0  0.3534E-03  0.2051E-06  0.3532E-03     0.0       99.94
   365.466    3.93    11.0  0.1674E-02  0.1007E-05  0.1673E-02     0.0       99.94
   367.405    3.95    12.0  0.6929E-02  0.3993E-05  0.6925E-02     0.0       99.94
   369.344    3.97    13.0  0.2273E-01  0.1108E-04  0.2272E-01     0.0       99.95
   371.284    3.99    14.0  0.5918E-01  0.2076E-04  0.5916E-01     0.0       99.96
   373.223    4.01    15.0  0.1313E+00  0.3029E-04  0.1312E+00     0.0       99.98
   375.163    4.03    16.0  0.2639E+00  0.3953E-04  0.2638E+00     0.0       99.99
   377.102    4.05    17.0  0.4849E+00  0.4844E-04  0.4849E+00     0.0       99.99
   379.041    4.08    18.0  0.8351E+00  0.5778E-04  0.8350E+00     0.0       99.99
   380.981    4.10    19.0  0.1369E+01  0.6609E-04  0.1369E+01     0.0      100.00
   382.920    4.12    20.0  0.2149E+01  0.7157E-04  0.2149E+01     0.0      100.00
   384.860    4.14    21.0  0.3260E+01  0.7447E-04  0.3260E+01     0.0      100.00
   386.799    4.16    22.0  0.4784E+01  0.7680E-04  0.4783E+01     0.0       99.98
   388.738    4.18    23.0  0.6814E+01  0.8148E-04  0.6810E+01     0.0       99.95

     Querschnitte / mbarn

  E*/MeV   183At     184At     185At     186At     187At     188At     189At     190At     191At     192At  
     8.0 0.000E+00 0.000E+00 0.000E+00 0.000E+00 0.000E+00 0.000E+00 0.000E+00 0.000E+00 0.000E+00 0.788E-08
     9.0 0.000E+00 0.000E+00 0.000E+00 0.000E+00 0.000E+00 0.000E+00 0.000E+00 0.000E+00 0.000E+00 0.156E-07
    10.0 0.000E+00 0.000E+00 0.000E+00 0.000E+00 0.000E+00 0.000E+00 0.000E+00 0.000E+00 0.255E-09 0.288E-07
    11.0 0.000E+00 0.000E+00 0.000E+00 0.000E+00 0.000E+00 0.000E+00 0.000E+00 0.000E+00 0.180E-07 0.481E-07
    12.0 0.000E+00 0.000E+00 0.000E+00 0.000E+00 0.000E+00 0.000E+00 0.000E+00 0.000E+00 0.322E-06 0.589E-07
    13.0 0.000E+00 0.000E+00 0.000E+00 0.000E+00 0.000E+00 0.000E+00 0.000E+00 0.000E+00 0.176E-05 0.618E-07
    14.0 0.000E+00 0.000E+00 0.000E+00 0.000E+00 0.000E+00 0.000E+00 0.000E+00 0.000E+00 0.382E-05 0.655E-07
    15.0 0.000E+00 0.000E+00 0.000E+00 0.000E+00 0.000E+00 0.000E+00 0.000E+00 0.000E+00 0.537E-05 0.794E-07
    16.0 0.000E+00 0.000E+00 0.000E+00 0.000E+00 0.000E+00 0.000E+00 0.000E+00 0.000E+00 0.608E-05 0.922E-07
    17.0 0.000E+00 0.000E+00 0.000E+00 0.000E+00 0.000E+00 0.000E+00 0.000E+00 0.000E+00 0.582E-05 0.916E-07
    18.0 0.000E+00 0.000E+00 0.000E+00 0.000E+00 0.000E+00 0.000E+00 0.000E+00 0.000E+00 0.521E-05 0.745E-07
    19.0 0.000E+00 0.000E+00 0.000E+00 0.000E+00 0.000E+00 0.000E+00 0.000E+00 0.000E+00 0.426E-05 0.559E-07
    20.0 0.000E+00 0.000E+00 0.000E+00 0.000E+00 0.000E+00 0.000E+00 0.000E+00 0.000E+00 0.332E-05 0.165E-07
    21.0 0.000E+00 0.000E+00 0.000E+00 0.000E+00 0.000E+00 0.000E+00 0.000E+00 0.879E-10 0.247E-05 0.000E+00
    22.0 0.000E+00 0.000E+00 0.000E+00 0.000E+00 0.000E+00 0.000E+00 0.000E+00 0.332E-08 0.188E-05 0.000E+00
    23.0 0.000E+00 0.000E+00 0.000E+00 0.000E+00 0.000E+00 0.000E+00 0.000E+00 0.440E-07 0.135E-05 0.000E+00

  E*/MeV   182Po     183Po     184Po     185Po     186Po     187Po     188Po     189Po     190Po     191Po  
     8.0 0.000E+00 0.000E+00 0.000E+00 0.000E+00 0.000E+00 0.000E+00 0.000E+00 0.000E+00 0.000E+00 0.293E-08
     9.0 0.000E+00 0.000E+00 0.000E+00 0.000E+00 0.000E+00 0.000E+00 0.000E+00 0.000E+00 0.000E+00 0.251E-07
    10.0 0.000E+00 0.000E+00 0.000E+00 0.000E+00 0.000E+00 0.000E+00 0.000E+00 0.000E+00 0.000E+00 0.174E-06
    11.0 0.000E+00 0.000E+00 0.000E+00 0.000E+00 0.000E+00 0.000E+00 0.000E+00 0.000E+00 0.000E+00 0.924E-06
    12.0 0.000E+00 0.000E+00 0.000E+00 0.000E+00 0.000E+00 0.000E+00 0.000E+00 0.000E+00 0.000E+00 0.349E-05
    13.0 0.000E+00 0.000E+00 0.000E+00 0.000E+00 0.000E+00 0.000E+00 0.000E+00 0.000E+00 0.000E+00 0.872E-05
    14.0 0.000E+00 0.000E+00 0.000E+00 0.000E+00 0.000E+00 0.000E+00 0.000E+00 0.000E+00 0.000E+00 0.150E-04
    15.0 0.000E+00 0.000E+00 0.000E+00 0.000E+00 0.000E+00 0.000E+00 0.000E+00 0.000E+00 0.705E-10 0.200E-04
    16.0 0.000E+00 0.000E+00 0.000E+00 0.000E+00 0.000E+00 0.000E+00 0.000E+00 0.000E+00 0.103E-08 0.225E-04
    17.0 0.000E+00 0.000E+00 0.000E+00 0.000E+00 0.000E+00 0.000E+00 0.000E+00 0.000E+00 0.832E-08 0.222E-04
    18.0 0.000E+00 0.000E+00 0.000E+00 0.000E+00 0.000E+00 0.000E+00 0.000E+00 0.000E+00 0.448E-07 0.199E-04
    19.0 0.000E+00 0.000E+00 0.000E+00 0.000E+00 0.000E+00 0.000E+00 0.000E+00 0.000E+00 0.167E-06 0.167E-04
    20.0 0.000E+00 0.000E+00 0.000E+00 0.000E+00 0.000E+00 0.000E+00 0.000E+00 0.000E+00 0.468E-06 0.133E-04
    21.0 0.000E+00 0.000E+00 0.000E+00 0.000E+00 0.000E+00 0.000E+00 0.000E+00 0.000E+00 0.102E-05 0.102E-04
    22.0 0.000E+00 0.000E+00 0.000E+00 0.000E+00 0.000E+00 0.000E+00 0.000E+00 0.000E+00 0.178E-05 0.753E-05
    23.0 0.000E+00 0.000E+00 0.000E+00 0.000E+00 0.000E+00 0.000E+00 0.000E+00 0.000E+00 0.256E-05 0.543E-05

  E*/MeV   181Bi     182Bi     183Bi     184Bi     185Bi     186Bi     187Bi     188Bi     189Bi     190Bi  
     8.0 0.000E+00 0.000E+00 0.000E+00 0.000E+00 0.000E+00 0.000E+00 0.000E+00 0.168E-10 0.000E+00 0.000E+00
     9.0 0.000E+00 0.000E+00 0.000E+00 0.000E+00 0.000E+00 0.000E+00 0.000E+00 0.205E-09 0.000E+00 0.000E+00
    10.0 0.000E+00 0.000E+00 0.000E+00 0.000E+00 0.000E+00 0.000E+00 0.000E+00 0.212E-08 0.000E+00 0.000E+00
    11.0 0.000E+00 0.000E+00 0.000E+00 0.000E+00 0.000E+00 0.000E+00 0.000E+00 0.176E-07 0.000E+00 0.401E-12
    12.0 0.000E+00 0.000E+00 0.000E+00 0.000E+00 0.000E+00 0.000E+00 0.000E+00 0.119E-06 0.000E+00 0.131E-10
    13.0 0.000E+00 0.000E+00 0.000E+00 0.000E+00 0.000E+00 0.000E+00 0.000E+00 0.541E-06 0.000E+00 0.184E-09
    14.0 0.000E+00 0.000E+00 0.000E+00 0.000E+00 0.000E+00 0.000E+00 0.000E+00 0.181E-05 0.000E+00 0.149E-08
    15.0 0.000E+00 0.000E+00 0.000E+00 0.000E+00 0.000E+00 0.000E+00 0.000E+00 0.479E-05 0.000E+00 0.868E-08
    16.0 0.000E+00 0.000E+00 0.000E+00 0.000E+00 0.000E+00 0.000E+00 0.000E+00 0.107E-04 0.000E+00 0.393E-07
    17.0 0.000E+00 0.000E+00 0.000E+00 0.000E+00 0.000E+00 0.000E+00 0.305E-10 0.200E-04 0.000E+00 0.141E-06
    18.0 0.000E+00 0.000E+00 0.000E+00 0.000E+00 0.000E+00 0.000E+00 0.539E-09 0.317E-04 0.000E+00 0.435E-06
    19.0 0.000E+00 0.000E+00 0.000E+00 0.000E+00 0.000E+00 0.000E+00 0.384E-08 0.429E-04 0.000E+00 0.116E-05
    20.0 0.000E+00 0.000E+00 0.000E+00 0.000E+00 0.000E+00 0.000E+00 0.193E-07 0.500E-04 0.000E+00 0.275E-05
    21.0 0.000E+00 0.000E+00 0.000E+00 0.000E+00 0.000E+00 0.000E+00 0.766E-07 0.516E-04 0.000E+00 0.586E-05
    22.0 0.000E+00 0.000E+00 0.000E+00 0.000E+00 0.000E+00 0.000E+00 0.249E-06 0.481E-04 0.149E-10 0.111E-04
    23.0 0.000E+00 0.000E+00 0.000E+00 0.000E+00 0.000E+00 0.000E+00 0.685E-06 0.414E-04 0.131E-09 0.190E-04

  E*/MeV   180Pb     181Pb     182Pb     183Pb     184Pb     185Pb     186Pb     187Pb     188Pb     189Pb  
     8.0 0.000E+00 0.000E+00 0.000E+00 0.000E+00 0.000E+00 0.000E+00 0.000E+00 0.000E+00 0.000E+00 0.000E+00
     9.0 0.000E+00 0.000E+00 0.000E+00 0.000E+00 0.000E+00 0.000E+00 0.000E+00 0.000E+00 0.000E+00 0.000E+00
    10.0 0.000E+00 0.000E+00 0.000E+00 0.000E+00 0.000E+00 0.000E+00 0.000E+00 0.000E+00 0.000E+00 0.000E+00
    11.0 0.000E+00 0.000E+00 0.000E+00 0.000E+00 0.000E+00 0.000E+00 0.000E+00 0.237E-11 0.000E+00 0.000E+00
    12.0 0.000E+00 0.000E+00 0.000E+00 0.000E+00 0.000E+00 0.000E+00 0.000E+00 0.159E-09 0.000E+00 0.000E+00
    13.0 0.000E+00 0.000E+00 0.000E+00 0.000E+00 0.000E+00 0.000E+00 0.000E+00 0.124E-08 0.000E+00 0.000E+00
    14.0 0.000E+00 0.000E+00 0.000E+00 0.000E+00 0.000E+00 0.000E+00 0.000E+00 0.618E-08 0.000E+00 0.000E+00
    15.0 0.000E+00 0.000E+00 0.000E+00 0.000E+00 0.000E+00 0.000E+00 0.000E+00 0.232E-07 0.000E+00 0.000E+00
    16.0 0.000E+00 0.000E+00 0.000E+00 0.000E+00 0.000E+00 0.000E+00 0.000E+00 0.717E-07 0.000E+00 0.308E-12
    17.0 0.000E+00 0.000E+00 0.000E+00 0.000E+00 0.000E+00 0.000E+00 0.000E+00 0.183E-06 0.000E+00 0.618E-11
    18.0 0.000E+00 0.000E+00 0.000E+00 0.000E+00 0.000E+00 0.000E+00 0.000E+00 0.412E-06 0.000E+00 0.613E-10
    19.0 0.000E+00 0.000E+00 0.000E+00 0.000E+00 0.000E+00 0.000E+00 0.000E+00 0.848E-06 0.000E+00 0.393E-09
    20.0 0.000E+00 0.000E+00 0.000E+00 0.000E+00 0.000E+00 0.000E+00 0.000E+00 0.168E-05 0.000E+00 0.184E-08
    21.0 0.000E+00 0.000E+00 0.000E+00 0.000E+00 0.000E+00 0.000E+00 0.118E-10 0.328E-05 0.000E+00 0.673E-08
    22.0 0.000E+00 0.000E+00 0.000E+00 0.000E+00 0.000E+00 0.000E+00 0.671E-10 0.616E-05 0.000E+00 0.199E-07
    23.0 0.000E+00 0.000E+00 0.000E+00 0.000E+00 0.000E+00 0.000E+00 0.286E-09 0.110E-04 0.000E+00 0.503E-07

 Z-Verteilung  
 E*/MeV     Pb         Bi         Po         At  
    8.0  0.000E+00 0.168E-10 0.293E-08 0.788E-08
    9.0  0.000E+00 0.205E-09 0.251E-07 0.156E-07
   10.0  0.000E+00 0.212E-08 0.174E-06 0.291E-07
   11.0  0.237E-11 0.176E-07 0.924E-06 0.662E-07
   12.0  0.159E-09 0.119E-06 0.349E-05 0.381E-06
   13.0  0.124E-08 0.541E-06 0.872E-05 0.182E-05
   14.0  0.618E-08 0.181E-05 0.150E-04 0.389E-05
   15.0  0.232E-07 0.480E-05 0.200E-04 0.545E-05
   16.0  0.717E-07 0.108E-04 0.225E-04 0.617E-05
   17.0  0.183E-06 0.202E-04 0.222E-04 0.591E-05
   18.0  0.412E-06 0.322E-04 0.199E-04 0.528E-05
   19.0  0.848E-06 0.441E-04 0.169E-04 0.431E-05
   20.0  0.168E-05 0.528E-04 0.138E-04 0.334E-05
   21.0  0.328E-05 0.575E-04 0.112E-04 0.247E-05
   22.0  0.618E-05 0.594E-04 0.932E-05 0.188E-05
   23.0  0.111E-04 0.610E-04 0.799E-05 0.139E-05

 Z und A Mittelwerte    
   E*/MeV     MW.Z  St.Abw.Z      MW.A  St.Abw.A
     8.0     84.73      0.45    191.72      0.47
     9.0     84.38      0.49    191.37      0.54
    10.0     84.13      0.37    191.11      0.47
    11.0     84.05      0.28    191.00      0.45
    12.0     84.07      0.35    190.93      0.53
    13.0     84.11      0.45    190.86      0.65
    14.0     84.10      0.52    190.74      0.85
    15.0     84.02      0.58    190.52      1.10
    16.0     83.88      0.65    190.18      1.34
    17.0     83.70      0.68    189.74      1.49
    18.0     83.52      0.67    189.32      1.49
    19.0     83.37      0.62    188.98      1.41
    20.0     83.26      0.58    188.76      1.31
    21.0     83.17      0.55    188.65      1.23
    22.0     83.09      0.54    188.62      1.21
    23.0     83.00      0.55    188.64      1.24

 HIVAP  CASOUT

   93Nb 99Ru 192At IFUS10 barfac0.45 sigr3.0 05/04/2023 15:54 Sitarcik  


     E_lab  A*MeV   E*/MeV     SI_fus      SI_VR     SI_Spalt  L_krit     b_Spalt

   390.678    4.20    24.0  0.9442E+01  0.9090E-04  0.9431E+01     2.0       99.88
   392.617    4.22    25.0  0.1275E+02  0.1055E-03  0.1273E+02    17.0       99.82
   394.557    4.24    26.0  0.1685E+02  0.1240E-03  0.1680E+02    24.0       99.74
   396.496    4.26    27.0  0.2177E+02  0.1421E-03  0.2170E+02    30.0       99.66
   398.435    4.28    28.0  0.2760E+02  0.1550E-03  0.2747E+02    35.0       99.54
   400.375    4.31    29.0  0.3438E+02  0.1601E-03  0.3418E+02    65.0       99.44
   402.314    4.33    30.0  0.4207E+02  0.1561E-03  0.4178E+02    65.0       99.31
   404.253    4.35    31.0  0.5069E+02  0.1452E-03  0.5028E+02    65.0       99.19
   406.193    4.37    32.0  0.6019E+02  0.1301E-03  0.5961E+02    65.0       99.04
   408.132    4.39    33.0  0.7042E+02  0.1141E-03  0.6964E+02    65.0       98.89
   410.072    4.41    34.0  0.8136E+02  0.9987E-04  0.8032E+02    65.0       98.72
   412.011    4.43    35.0  0.9279E+02  0.8831E-04  0.9145E+02    65.0       98.56
   413.950    4.45    36.0  0.1046E+03  0.7942E-04  0.1029E+03    65.0       98.38
   415.890    4.47    37.0  0.1166E+03  0.7245E-04  0.1145E+03    65.0       98.23
   417.829    4.49    38.0  0.1286E+03  0.6633E-04  0.1261E+03    65.0       98.06
   419.769    4.51    39.0  0.1405E+03  0.6035E-04  0.1376E+03    65.0       97.90

     Querschnitte / mbarn

  E*/MeV   183At     184At     185At     186At     187At     188At     189At     190At     191At     192At  
    24.0 0.000E+00 0.000E+00 0.000E+00 0.000E+00 0.000E+00 0.000E+00 0.000E+00 0.266E-06 0.983E-06 0.000E+00
    25.0 0.000E+00 0.000E+00 0.000E+00 0.000E+00 0.000E+00 0.000E+00 0.000E+00 0.917E-06 0.770E-06 0.000E+00
    26.0 0.000E+00 0.000E+00 0.000E+00 0.000E+00 0.000E+00 0.000E+00 0.000E+00 0.211E-05 0.660E-06 0.000E+00
    27.0 0.000E+00 0.000E+00 0.000E+00 0.000E+00 0.000E+00 0.000E+00 0.000E+00 0.332E-05 0.590E-06 0.000E+00
    28.0 0.000E+00 0.000E+00 0.000E+00 0.000E+00 0.000E+00 0.000E+00 0.000E+00 0.404E-05 0.404E-06 0.000E+00
    29.0 0.000E+00 0.000E+00 0.000E+00 0.000E+00 0.000E+00 0.000E+00 0.000E+00 0.415E-05 0.244E-06 0.000E+00
    30.0 0.000E+00 0.000E+00 0.000E+00 0.000E+00 0.000E+00 0.000E+00 0.000E+00 0.378E-05 0.137E-06 0.000E+00
    31.0 0.000E+00 0.000E+00 0.000E+00 0.000E+00 0.000E+00 0.000E+00 0.888E-12 0.316E-05 0.750E-07 0.000E+00
    32.0 0.000E+00 0.000E+00 0.000E+00 0.000E+00 0.000E+00 0.000E+00 0.284E-10 0.247E-05 0.397E-07 0.000E+00
    33.0 0.000E+00 0.000E+00 0.000E+00 0.000E+00 0.000E+00 0.000E+00 0.344E-09 0.183E-05 0.214E-07 0.000E+00
    34.0 0.000E+00 0.000E+00 0.000E+00 0.000E+00 0.000E+00 0.000E+00 0.217E-08 0.131E-05 0.115E-07 0.000E+00
    35.0 0.000E+00 0.000E+00 0.000E+00 0.000E+00 0.000E+00 0.000E+00 0.815E-08 0.900E-06 0.000E+00 0.000E+00
    36.0 0.000E+00 0.000E+00 0.000E+00 0.000E+00 0.000E+00 0.000E+00 0.197E-07 0.602E-06 0.000E+00 0.000E+00
    37.0 0.000E+00 0.000E+00 0.000E+00 0.000E+00 0.000E+00 0.000E+00 0.337E-07 0.394E-06 0.000E+00 0.000E+00
    38.0 0.000E+00 0.000E+00 0.000E+00 0.000E+00 0.000E+00 0.000E+00 0.453E-07 0.254E-06 0.000E+00 0.000E+00
    39.0 0.000E+00 0.000E+00 0.000E+00 0.000E+00 0.000E+00 0.000E+00 0.515E-07 0.163E-06 0.000E+00 0.000E+00

  E*/MeV   182Po     183Po     184Po     185Po     186Po     187Po     188Po     189Po     190Po     191Po  
    24.0 0.000E+00 0.000E+00 0.000E+00 0.000E+00 0.000E+00 0.000E+00 0.000E+00 0.000E+00 0.314E-05 0.387E-05
    25.0 0.000E+00 0.000E+00 0.000E+00 0.000E+00 0.000E+00 0.000E+00 0.000E+00 0.798E-12 0.335E-05 0.274E-05
    26.0 0.000E+00 0.000E+00 0.000E+00 0.000E+00 0.000E+00 0.000E+00 0.000E+00 0.143E-10 0.322E-05 0.194E-05
    27.0 0.000E+00 0.000E+00 0.000E+00 0.000E+00 0.000E+00 0.000E+00 0.000E+00 0.126E-09 0.283E-05 0.133E-05
    28.0 0.000E+00 0.000E+00 0.000E+00 0.000E+00 0.000E+00 0.000E+00 0.000E+00 0.774E-09 0.231E-05 0.871E-06
    29.0 0.000E+00 0.000E+00 0.000E+00 0.000E+00 0.000E+00 0.000E+00 0.000E+00 0.373E-08 0.178E-05 0.543E-06
    30.0 0.000E+00 0.000E+00 0.000E+00 0.000E+00 0.000E+00 0.000E+00 0.000E+00 0.143E-07 0.131E-05 0.310E-06
    31.0 0.000E+00 0.000E+00 0.000E+00 0.000E+00 0.000E+00 0.000E+00 0.000E+00 0.439E-07 0.927E-06 0.160E-06
    32.0 0.000E+00 0.000E+00 0.000E+00 0.000E+00 0.000E+00 0.000E+00 0.000E+00 0.110E-06 0.635E-06 0.785E-07
    33.0 0.000E+00 0.000E+00 0.000E+00 0.000E+00 0.000E+00 0.000E+00 0.000E+00 0.230E-06 0.423E-06 0.380E-07
    34.0 0.000E+00 0.000E+00 0.000E+00 0.000E+00 0.000E+00 0.000E+00 0.000E+00 0.404E-06 0.276E-06 0.191E-07
    35.0 0.000E+00 0.000E+00 0.000E+00 0.000E+00 0.000E+00 0.000E+00 0.000E+00 0.607E-06 0.177E-06 0.102E-07
    36.0 0.000E+00 0.000E+00 0.000E+00 0.000E+00 0.000E+00 0.000E+00 0.000E+00 0.796E-06 0.111E-06 0.000E+00
    37.0 0.000E+00 0.000E+00 0.000E+00 0.000E+00 0.000E+00 0.000E+00 0.347E-12 0.929E-06 0.687E-07 0.000E+00
    38.0 0.000E+00 0.000E+00 0.000E+00 0.000E+00 0.000E+00 0.000E+00 0.257E-11 0.980E-06 0.414E-07 0.000E+00
    39.0 0.000E+00 0.000E+00 0.000E+00 0.000E+00 0.000E+00 0.000E+00 0.138E-10 0.951E-06 0.244E-07 0.000E+00

  E*/MeV   181Bi     182Bi     183Bi     184Bi     185Bi     186Bi     187Bi     188Bi     189Bi     190Bi  
    24.0 0.000E+00 0.000E+00 0.000E+00 0.000E+00 0.000E+00 0.000E+00 0.162E-05 0.335E-04 0.840E-09 0.291E-04
    25.0 0.000E+00 0.000E+00 0.000E+00 0.000E+00 0.000E+00 0.000E+00 0.333E-05 0.257E-04 0.423E-08 0.402E-04
    26.0 0.000E+00 0.000E+00 0.000E+00 0.000E+00 0.000E+00 0.000E+00 0.594E-05 0.190E-04 0.174E-07 0.506E-04
    27.0 0.000E+00 0.000E+00 0.000E+00 0.000E+00 0.000E+00 0.000E+00 0.918E-05 0.136E-04 0.597E-07 0.580E-04
    28.0 0.000E+00 0.000E+00 0.000E+00 0.000E+00 0.000E+00 0.000E+00 0.123E-04 0.956E-05 0.175E-06 0.611E-04
    29.0 0.000E+00 0.000E+00 0.000E+00 0.000E+00 0.000E+00 0.140E-10 0.145E-04 0.662E-05 0.446E-06 0.599E-04
    30.0 0.000E+00 0.000E+00 0.000E+00 0.000E+00 0.000E+00 0.113E-09 0.152E-04 0.457E-05 0.994E-06 0.547E-04
    31.0 0.000E+00 0.000E+00 0.000E+00 0.000E+00 0.000E+00 0.590E-09 0.144E-04 0.315E-05 0.196E-05 0.472E-04
    32.0 0.000E+00 0.000E+00 0.000E+00 0.000E+00 0.000E+00 0.239E-08 0.125E-04 0.217E-05 0.344E-05 0.387E-04
    33.0 0.000E+00 0.000E+00 0.000E+00 0.000E+00 0.000E+00 0.804E-08 0.101E-04 0.147E-05 0.541E-05 0.303E-04
    34.0 0.000E+00 0.000E+00 0.000E+00 0.000E+00 0.000E+00 0.234E-07 0.776E-05 0.963E-06 0.768E-05 0.228E-04
    35.0 0.000E+00 0.000E+00 0.000E+00 0.000E+00 0.000E+00 0.592E-07 0.568E-05 0.605E-06 0.989E-05 0.166E-04
    36.0 0.000E+00 0.000E+00 0.000E+00 0.000E+00 0.000E+00 0.133E-06 0.400E-05 0.361E-06 0.117E-04 0.117E-04
    37.0 0.000E+00 0.000E+00 0.000E+00 0.000E+00 0.000E+00 0.266E-06 0.273E-05 0.206E-06 0.127E-04 0.804E-05
    38.0 0.000E+00 0.000E+00 0.000E+00 0.000E+00 0.000E+00 0.474E-06 0.181E-05 0.112E-06 0.129E-04 0.540E-05
    39.0 0.000E+00 0.000E+00 0.000E+00 0.000E+00 0.000E+00 0.760E-06 0.118E-05 0.531E-07 0.122E-04 0.356E-05

  E*/MeV   180Pb     181Pb     182Pb     183Pb     184Pb     185Pb     186Pb     187Pb     188Pb     189Pb  
    24.0 0.000E+00 0.000E+00 0.000E+00 0.000E+00 0.000E+00 0.000E+00 0.102E-08 0.183E-04 0.000E+00 0.111E-06
    25.0 0.000E+00 0.000E+00 0.000E+00 0.000E+00 0.000E+00 0.000E+00 0.326E-08 0.282E-04 0.000E+00 0.222E-06
    26.0 0.000E+00 0.000E+00 0.000E+00 0.000E+00 0.000E+00 0.000E+00 0.952E-08 0.401E-04 0.000E+00 0.415E-06
    27.0 0.000E+00 0.000E+00 0.000E+00 0.000E+00 0.000E+00 0.000E+00 0.257E-07 0.524E-04 0.000E+00 0.734E-06
    28.0 0.000E+00 0.000E+00 0.000E+00 0.000E+00 0.000E+00 0.000E+00 0.656E-07 0.629E-04 0.926E-11 0.125E-05
    29.0 0.000E+00 0.000E+00 0.000E+00 0.000E+00 0.000E+00 0.000E+00 0.158E-06 0.697E-04 0.410E-10 0.205E-05
    30.0 0.000E+00 0.000E+00 0.000E+00 0.000E+00 0.000E+00 0.000E+00 0.357E-06 0.715E-04 0.151E-09 0.321E-05
    31.0 0.000E+00 0.000E+00 0.000E+00 0.000E+00 0.000E+00 0.000E+00 0.749E-06 0.685E-04 0.489E-09 0.483E-05
    32.0 0.000E+00 0.000E+00 0.000E+00 0.000E+00 0.000E+00 0.000E+00 0.145E-05 0.616E-04 0.142E-08 0.691E-05
    33.0 0.000E+00 0.000E+00 0.000E+00 0.000E+00 0.000E+00 0.236E-10 0.257E-05 0.523E-04 0.381E-08 0.937E-05
    34.0 0.000E+00 0.000E+00 0.000E+00 0.000E+00 0.000E+00 0.122E-09 0.419E-05 0.424E-04 0.954E-08 0.121E-04
    35.0 0.000E+00 0.000E+00 0.000E+00 0.000E+00 0.000E+00 0.462E-09 0.626E-05 0.328E-04 0.224E-07 0.147E-04
    36.0 0.000E+00 0.000E+00 0.000E+00 0.000E+00 0.000E+00 0.143E-08 0.857E-05 0.245E-04 0.492E-07 0.169E-04
    37.0 0.000E+00 0.000E+00 0.000E+00 0.000E+00 0.000E+00 0.380E-08 0.108E-04 0.177E-04 0.101E-06 0.185E-04
    38.0 0.000E+00 0.000E+00 0.000E+00 0.000E+00 0.000E+00 0.875E-08 0.126E-04 0.124E-04 0.194E-06 0.191E-04
    39.0 0.000E+00 0.000E+00 0.000E+00 0.000E+00 0.000E+00 0.177E-07 0.136E-04 0.849E-05 0.347E-06 0.189E-04

 Z-Verteilung  
 E*/MeV     Pb         Bi         Po         At  
   24.0  0.184E-04 0.642E-04 0.700E-05 0.125E-05
   25.0  0.284E-04 0.693E-04 0.609E-05 0.169E-05
   26.0  0.405E-04 0.756E-04 0.515E-05 0.277E-05
   27.0  0.531E-04 0.809E-04 0.416E-05 0.391E-05
   28.0  0.642E-04 0.832E-04 0.318E-05 0.444E-05
   29.0  0.719E-04 0.815E-04 0.233E-05 0.439E-05
   30.0  0.751E-04 0.755E-04 0.164E-05 0.392E-05
   31.0  0.741E-04 0.667E-04 0.113E-05 0.323E-05
   32.0  0.699E-04 0.568E-04 0.823E-06 0.251E-05
   33.0  0.643E-04 0.473E-04 0.691E-06 0.186E-05
   34.0  0.586E-04 0.392E-04 0.699E-06 0.132E-05
   35.0  0.538E-04 0.328E-04 0.794E-06 0.908E-06
   36.0  0.500E-04 0.279E-04 0.907E-06 0.622E-06
   37.0  0.471E-04 0.239E-04 0.997E-06 0.427E-06
   38.0  0.443E-04 0.207E-04 0.102E-05 0.299E-06
   39.0  0.414E-04 0.178E-04 0.976E-06 0.214E-06

 Z und A Mittelwerte    
   E*/MeV     MW.Z  St.Abw.Z      MW.A  St.Abw.A
    24.0     82.90      0.57    188.66      1.30
    25.0     82.82      0.60    188.65      1.37
    26.0     82.76      0.63    188.60      1.42
    27.0     82.71      0.66    188.52      1.45
    28.0     82.66      0.66    188.42      1.46
    29.0     82.62      0.66    188.32      1.46
    30.0     82.58      0.64    188.24      1.45
    31.0     82.54      0.63    188.18      1.43
    32.0     82.51      0.62    188.13      1.40
    33.0     82.48      0.60    188.11      1.38
    34.0     82.45      0.58    188.10      1.36
    35.0     82.42      0.57    188.11      1.34
    36.0     82.40      0.56    188.10      1.33
    37.0     82.38      0.55    188.09      1.34
    38.0     82.36      0.54    188.06      1.36
    39.0     82.34      0.53    188.02      1.38

 HIVAP  CASOUT

   93Nb 99Ru 192At IFUS10 barfac0.45 sigr3.0 05/04/2023 15:54 Sitarcik  


     E_lab  A*MeV   E*/MeV     SI_fus      SI_VR     SI_Spalt  L_krit     b_Spalt

   421.708    4.53    40.0  0.1522E+03  0.5411E-04  0.1488E+03    65.0       97.75
   423.647    4.56    41.0  0.1634E+03  0.4759E-04  0.1595E+03    65.0       97.62
   425.587    4.58    42.0  0.1740E+03  0.4105E-04  0.1696E+03    65.0       97.49
   427.526    4.60    43.0  0.1839E+03  0.3480E-04  0.1791E+03    65.0       97.38
   429.466    4.62    44.0  0.1931E+03  0.2913E-04  0.1879E+03    65.0       97.28
   431.405    4.64    45.0  0.2015E+03  0.2428E-04  0.1958E+03    65.0       97.18
   433.344    4.66    46.0  0.2090E+03  0.2030E-04  0.2030E+03    65.0       97.11
   435.284    4.68    47.0  0.2157E+03  0.1718E-04  0.2093E+03    65.0       97.04
   437.223    4.70    48.0  0.2215E+03  0.1479E-04  0.2148E+03    65.0       96.98
   439.163    4.72    49.0  0.2265E+03  0.1299E-04  0.2195E+03    65.0       96.93
   441.102    4.74    50.0  0.2307E+03  0.1159E-04  0.2235E+03    65.0       96.89
   443.041    4.76    51.0  0.2341E+03  0.1045E-04  0.2267E+03    65.0       96.85
   444.981    4.78    52.0  0.2368E+03  0.9456E-05  0.2293E+03    65.0       96.82
   446.920    4.81    53.0  0.2390E+03  0.8530E-05  0.2313E+03    65.0       96.80
   448.860    4.83    54.0  0.2406E+03  0.7633E-05  0.2328E+03    65.0       96.78
   450.799    4.85    55.0  0.2416E+03  0.6766E-05  0.2338E+03    65.0       96.76

     Querschnitte / mbarn

  E*/MeV   183At     184At     185At     186At     187At     188At     189At     190At     191At     192At  
    40.0 0.000E+00 0.000E+00 0.000E+00 0.000E+00 0.000E+00 0.000E+00 0.518E-07 0.105E-06 0.000E+00 0.000E+00
    41.0 0.000E+00 0.000E+00 0.000E+00 0.000E+00 0.000E+00 0.000E+00 0.475E-07 0.679E-07 0.000E+00 0.000E+00
    42.0 0.000E+00 0.000E+00 0.000E+00 0.000E+00 0.000E+00 0.000E+00 0.406E-07 0.438E-07 0.000E+00 0.000E+00
    43.0 0.000E+00 0.000E+00 0.000E+00 0.000E+00 0.000E+00 0.489E-14 0.328E-07 0.280E-07 0.000E+00 0.000E+00
    44.0 0.000E+00 0.000E+00 0.000E+00 0.000E+00 0.000E+00 0.152E-12 0.254E-07 0.176E-07 0.000E+00 0.000E+00
    45.0 0.000E+00 0.000E+00 0.000E+00 0.000E+00 0.000E+00 0.190E-11 0.190E-07 0.107E-07 0.000E+00 0.000E+00
    46.0 0.000E+00 0.000E+00 0.000E+00 0.000E+00 0.000E+00 0.130E-10 0.138E-07 0.612E-08 0.000E+00 0.000E+00
    47.0 0.000E+00 0.000E+00 0.000E+00 0.000E+00 0.000E+00 0.571E-10 0.978E-08 0.244E-08 0.000E+00 0.000E+00
    48.0 0.000E+00 0.000E+00 0.000E+00 0.000E+00 0.000E+00 0.176E-09 0.680E-08 0.135E-08 0.000E+00 0.000E+00
    49.0 0.000E+00 0.000E+00 0.000E+00 0.000E+00 0.000E+00 0.412E-09 0.466E-08 0.842E-09 0.000E+00 0.000E+00
    50.0 0.000E+00 0.000E+00 0.000E+00 0.000E+00 0.000E+00 0.763E-09 0.315E-08 0.518E-09 0.000E+00 0.000E+00
    51.0 0.000E+00 0.000E+00 0.000E+00 0.000E+00 0.000E+00 0.118E-08 0.211E-08 0.315E-09 0.000E+00 0.000E+00
    52.0 0.000E+00 0.000E+00 0.000E+00 0.000E+00 0.000E+00 0.158E-08 0.141E-08 0.000E+00 0.000E+00 0.000E+00
    53.0 0.000E+00 0.000E+00 0.000E+00 0.000E+00 0.000E+00 0.189E-08 0.930E-09 0.000E+00 0.000E+00 0.000E+00
    54.0 0.000E+00 0.000E+00 0.000E+00 0.000E+00 0.000E+00 0.208E-08 0.610E-09 0.000E+00 0.000E+00 0.000E+00
    55.0 0.000E+00 0.000E+00 0.000E+00 0.000E+00 0.140E-14 0.212E-08 0.398E-09 0.000E+00 0.000E+00 0.000E+00

  E*/MeV   182Po     183Po     184Po     185Po     186Po     187Po     188Po     189Po     190Po     191Po  
    40.0 0.000E+00 0.000E+00 0.000E+00 0.000E+00 0.000E+00 0.000E+00 0.566E-10 0.861E-06 0.131E-07 0.000E+00
    41.0 0.000E+00 0.000E+00 0.000E+00 0.000E+00 0.000E+00 0.000E+00 0.184E-09 0.735E-06 0.243E-08 0.000E+00
    42.0 0.000E+00 0.000E+00 0.000E+00 0.000E+00 0.000E+00 0.000E+00 0.485E-09 0.597E-06 0.986E-09 0.000E+00
    43.0 0.000E+00 0.000E+00 0.000E+00 0.000E+00 0.000E+00 0.000E+00 0.107E-08 0.466E-06 0.000E+00 0.000E+00
    44.0 0.000E+00 0.000E+00 0.000E+00 0.000E+00 0.000E+00 0.000E+00 0.200E-08 0.352E-06 0.000E+00 0.000E+00
    45.0 0.000E+00 0.000E+00 0.000E+00 0.000E+00 0.000E+00 0.000E+00 0.326E-08 0.258E-06 0.000E+00 0.000E+00
    46.0 0.000E+00 0.000E+00 0.000E+00 0.000E+00 0.000E+00 0.000E+00 0.467E-08 0.184E-06 0.000E+00 0.000E+00
    47.0 0.000E+00 0.000E+00 0.000E+00 0.000E+00 0.000E+00 0.000E+00 0.603E-08 0.129E-06 0.000E+00 0.000E+00
    48.0 0.000E+00 0.000E+00 0.000E+00 0.000E+00 0.000E+00 0.000E+00 0.709E-08 0.890E-07 0.000E+00 0.000E+00
    49.0 0.000E+00 0.000E+00 0.000E+00 0.000E+00 0.000E+00 0.104E-13 0.771E-08 0.605E-07 0.000E+00 0.000E+00
    50.0 0.000E+00 0.000E+00 0.000E+00 0.000E+00 0.000E+00 0.617E-13 0.784E-08 0.406E-07 0.000E+00 0.000E+00
    51.0 0.000E+00 0.000E+00 0.000E+00 0.000E+00 0.000E+00 0.294E-12 0.754E-08 0.270E-07 0.000E+00 0.000E+00
    52.0 0.000E+00 0.000E+00 0.000E+00 0.000E+00 0.000E+00 0.115E-11 0.691E-08 0.178E-07 0.000E+00 0.000E+00
    53.0 0.000E+00 0.000E+00 0.000E+00 0.000E+00 0.000E+00 0.380E-11 0.608E-08 0.116E-07 0.000E+00 0.000E+00
    54.0 0.000E+00 0.000E+00 0.000E+00 0.000E+00 0.000E+00 0.106E-10 0.516E-08 0.755E-08 0.000E+00 0.000E+00
    55.0 0.000E+00 0.000E+00 0.000E+00 0.000E+00 0.000E+00 0.256E-10 0.425E-08 0.486E-08 0.000E+00 0.000E+00

  E*/MeV   181Bi     182Bi     183Bi     184Bi     185Bi     186Bi     187Bi     188Bi     189Bi     190Bi  
    40.0 0.000E+00 0.000E+00 0.000E+00 0.000E+00 0.000E+00 0.110E-05 0.754E-06 0.323E-07 0.110E-04 0.231E-05
    41.0 0.000E+00 0.000E+00 0.000E+00 0.000E+00 0.610E-11 0.142E-05 0.477E-06 0.348E-07 0.940E-05 0.148E-05
    42.0 0.000E+00 0.000E+00 0.000E+00 0.000E+00 0.267E-10 0.168E-05 0.298E-06 0.684E-07 0.770E-05 0.933E-06
    43.0 0.000E+00 0.000E+00 0.000E+00 0.000E+00 0.970E-10 0.182E-05 0.185E-06 0.132E-06 0.608E-05 0.583E-06
    44.0 0.000E+00 0.000E+00 0.000E+00 0.000E+00 0.301E-09 0.182E-05 0.114E-06 0.231E-06 0.464E-05 0.361E-06
    45.0 0.000E+00 0.000E+00 0.000E+00 0.000E+00 0.820E-09 0.170E-05 0.703E-07 0.414E-06 0.345E-05 0.222E-06
    46.0 0.000E+00 0.000E+00 0.000E+00 0.000E+00 0.198E-08 0.150E-05 0.428E-07 0.643E-06 0.251E-05 0.135E-06
    47.0 0.000E+00 0.000E+00 0.000E+00 0.000E+00 0.425E-08 0.127E-05 0.259E-07 0.923E-06 0.178E-05 0.812E-07
    48.0 0.000E+00 0.000E+00 0.000E+00 0.000E+00 0.818E-08 0.102E-05 0.156E-07 0.123E-05 0.125E-05 0.483E-07
    49.0 0.000E+00 0.000E+00 0.000E+00 0.000E+00 0.142E-07 0.800E-06 0.916E-08 0.154E-05 0.858E-06 0.283E-07
    50.0 0.000E+00 0.000E+00 0.000E+00 0.000E+00 0.222E-07 0.608E-06 0.536E-08 0.180E-05 0.583E-06 0.162E-07
    51.0 0.000E+00 0.000E+00 0.000E+00 0.000E+00 0.315E-07 0.450E-06 0.154E-08 0.199E-05 0.392E-06 0.735E-08
    52.0 0.000E+00 0.000E+00 0.000E+00 0.000E+00 0.409E-07 0.327E-06 0.103E-08 0.208E-05 0.261E-06 0.109E-08
    53.0 0.000E+00 0.000E+00 0.000E+00 0.000E+00 0.489E-07 0.233E-06 0.158E-08 0.209E-05 0.172E-06 0.584E-09
    54.0 0.000E+00 0.000E+00 0.000E+00 0.202E-12 0.544E-07 0.164E-06 0.497E-08 0.200E-05 0.113E-06 0.205E-09
    55.0 0.000E+00 0.000E+00 0.000E+00 0.786E-12 0.568E-07 0.114E-06 0.941E-08 0.185E-05 0.734E-07 0.000E+00

  E*/MeV   180Pb     181Pb     182Pb     183Pb     184Pb     185Pb     186Pb     187Pb     188Pb     189Pb  
    40.0 0.000E+00 0.000E+00 0.000E+00 0.000E+00 0.000E+00 0.320E-07 0.137E-04 0.568E-05 0.582E-06 0.179E-04
    41.0 0.000E+00 0.000E+00 0.000E+00 0.000E+00 0.000E+00 0.525E-07 0.131E-04 0.373E-05 0.911E-06 0.162E-04
    42.0 0.000E+00 0.000E+00 0.000E+00 0.000E+00 0.000E+00 0.808E-07 0.118E-04 0.241E-05 0.134E-05 0.141E-04
    43.0 0.000E+00 0.000E+00 0.000E+00 0.000E+00 0.000E+00 0.121E-06 0.101E-04 0.153E-05 0.185E-05 0.119E-04
    44.0 0.000E+00 0.000E+00 0.000E+00 0.000E+00 0.000E+00 0.180E-06 0.831E-05 0.963E-06 0.241E-05 0.970E-05
    45.0 0.000E+00 0.000E+00 0.000E+00 0.000E+00 0.176E-11 0.268E-06 0.660E-05 0.599E-06 0.296E-05 0.770E-05
    46.0 0.000E+00 0.000E+00 0.000E+00 0.000E+00 0.574E-11 0.394E-06 0.508E-05 0.371E-06 0.345E-05 0.596E-05
    47.0 0.000E+00 0.000E+00 0.000E+00 0.000E+00 0.165E-10 0.563E-06 0.381E-05 0.231E-06 0.383E-05 0.451E-05
    48.0 0.000E+00 0.000E+00 0.000E+00 0.000E+00 0.421E-10 0.772E-06 0.279E-05 0.147E-06 0.406E-05 0.335E-05
    49.0 0.000E+00 0.000E+00 0.000E+00 0.000E+00 0.984E-10 0.101E-05 0.200E-05 0.100E-06 0.412E-05 0.244E-05
    50.0 0.000E+00 0.000E+00 0.000E+00 0.000E+00 0.214E-09 0.125E-05 0.141E-05 0.794E-07 0.402E-05 0.175E-05
    51.0 0.000E+00 0.000E+00 0.000E+00 0.000E+00 0.441E-09 0.147E-05 0.979E-06 0.774E-07 0.378E-05 0.124E-05
    52.0 0.000E+00 0.000E+00 0.000E+00 0.000E+00 0.879E-09 0.164E-05 0.671E-06 0.916E-07 0.344E-05 0.870E-06
    53.0 0.000E+00 0.000E+00 0.000E+00 0.000E+00 0.171E-08 0.175E-05 0.455E-06 0.121E-06 0.304E-05 0.602E-06
    54.0 0.000E+00 0.000E+00 0.000E+00 0.000E+00 0.323E-08 0.178E-05 0.306E-06 0.166E-06 0.261E-05 0.413E-06
    55.0 0.000E+00 0.000E+00 0.000E+00 0.000E+00 0.589E-08 0.174E-05 0.204E-06 0.228E-06 0.219E-05 0.281E-06

 Z-Verteilung  
 E*/MeV     Pb         Bi         Po         At  
   40.0  0.379E-04 0.152E-04 0.874E-06 0.157E-06
   41.0  0.339E-04 0.128E-04 0.737E-06 0.115E-06
   42.0  0.297E-04 0.107E-04 0.599E-06 0.843E-07
   43.0  0.255E-04 0.879E-05 0.467E-06 0.608E-07
   44.0  0.216E-04 0.717E-05 0.354E-06 0.430E-07
   45.0  0.181E-04 0.586E-05 0.261E-06 0.297E-07
   46.0  0.153E-04 0.483E-05 0.189E-06 0.199E-07
   47.0  0.129E-04 0.408E-05 0.135E-06 0.123E-07
   48.0  0.111E-04 0.357E-05 0.961E-07 0.832E-08
   49.0  0.967E-05 0.324E-05 0.682E-07 0.591E-08
   50.0  0.851E-05 0.303E-05 0.484E-07 0.443E-08
   51.0  0.755E-05 0.287E-05 0.345E-07 0.361E-08
   52.0  0.671E-05 0.272E-05 0.247E-07 0.299E-08
   53.0  0.597E-05 0.254E-05 0.177E-07 0.282E-08
   54.0  0.528E-05 0.234E-05 0.127E-07 0.269E-08
   55.0  0.465E-05 0.211E-05 0.913E-08 0.252E-08

 Z und A Mittelwerte    
   E*/MeV     MW.Z  St.Abw.Z      MW.A  St.Abw.A
    40.0     82.32      0.52    187.97      1.40
    41.0     82.31      0.51    187.92      1.41
    42.0     82.30      0.50    187.87      1.42
    43.0     82.28      0.49    187.82      1.42
    44.0     82.27      0.48    187.78      1.41
    45.0     82.27      0.47    187.75      1.39
    46.0     82.26      0.47    187.71      1.37
    47.0     82.26      0.46    187.68      1.34
    48.0     82.26      0.45    187.64      1.31
    49.0     82.26      0.45    187.59      1.30
    50.0     82.27      0.46    187.52      1.29
    51.0     82.28      0.46    187.45      1.31
    52.0     82.29      0.46    187.37      1.33
    53.0     82.30      0.47    187.28      1.35
    54.0     82.31      0.47    187.20      1.37
    55.0     82.32      0.47    187.12      1.38

 HIVAP  CASOUT

   93Nb 99Ru 192At IFUS10 barfac0.45 sigr3.0 05/04/2023 15:54 Sitarcik  


     E_lab  A*MeV   E*/MeV     SI_fus      SI_VR     SI_Spalt  L_krit     b_Spalt

   452.738    4.87    56.0  0.2423E+03  0.5938E-05  0.2345E+03    65.0       96.76
   454.678    4.89    57.0  0.2427E+03  0.5169E-05  0.2348E+03    65.0       96.75
   456.617    4.91    58.0  0.2427E+03  0.4475E-05  0.2348E+03    65.0       96.75
   458.557    4.93    59.0  0.2425E+03  0.3862E-05  0.2346E+03    65.0       96.75
   460.496    4.95    60.0  0.2421E+03  0.3341E-05  0.2343E+03    65.0       96.76
   462.435    4.97    61.0  0.2416E+03  0.2897E-05  0.2338E+03    65.0       96.76
   464.375    4.99    62.0  0.2409E+03  0.2518E-05  0.2332E+03    65.0       96.77
   466.314    5.01    63.0  0.2402E+03  0.2203E-05  0.2325E+03    65.0       96.79
   468.253    5.03    64.0  0.2394E+03  0.1925E-05  0.2317E+03    65.0       96.80
   470.193    5.06    65.0  0.2385E+03  0.1682E-05  0.2309E+03    65.0       96.81
   472.132    5.08    66.0  0.2376E+03  0.1458E-05  0.2300E+03    65.0       96.83
   474.072    5.10    67.0  0.2366E+03  0.1253E-05  0.2292E+03    65.0       96.84
   476.011    5.12    68.0  0.2357E+03  0.1068E-05  0.2283E+03    65.0       96.86
   477.950    5.14    69.0  0.2348E+03  0.9340E-06  0.2274E+03    65.0       96.88
   479.890    5.16    70.0  0.2338E+03  0.8163E-06  0.2265E+03    65.0       96.89
   481.829    5.18    71.0  0.2329E+03  0.7094E-06  0.2257E+03    65.0       96.91

     Querschnitte / mbarn

  E*/MeV   183At     184At     185At     186At     187At     188At     189At     190At     191At     192At  
    56.0 0.000E+00 0.000E+00 0.000E+00 0.000E+00 0.123E-13 0.204E-08 0.257E-09 0.000E+00 0.000E+00 0.000E+00
    57.0 0.000E+00 0.000E+00 0.000E+00 0.000E+00 0.686E-13 0.187E-08 0.158E-09 0.000E+00 0.000E+00 0.000E+00
    58.0 0.000E+00 0.000E+00 0.000E+00 0.000E+00 0.267E-12 0.165E-08 0.441E-10 0.000E+00 0.000E+00 0.000E+00
    59.0 0.000E+00 0.000E+00 0.000E+00 0.000E+00 0.773E-12 0.141E-08 0.116E-10 0.000E+00 0.000E+00 0.000E+00
    60.0 0.000E+00 0.000E+00 0.000E+00 0.000E+00 0.176E-11 0.116E-08 0.823E-11 0.000E+00 0.000E+00 0.000E+00
    61.0 0.000E+00 0.000E+00 0.000E+00 0.000E+00 0.333E-11 0.940E-09 0.000E+00 0.000E+00 0.000E+00 0.000E+00
    62.0 0.000E+00 0.000E+00 0.000E+00 0.000E+00 0.541E-11 0.743E-09 0.000E+00 0.000E+00 0.000E+00 0.000E+00
    63.0 0.000E+00 0.000E+00 0.000E+00 0.000E+00 0.779E-11 0.577E-09 0.000E+00 0.000E+00 0.000E+00 0.000E+00
    64.0 0.000E+00 0.000E+00 0.000E+00 0.000E+00 0.102E-10 0.441E-09 0.000E+00 0.000E+00 0.000E+00 0.000E+00
    65.0 0.000E+00 0.000E+00 0.000E+00 0.000E+00 0.123E-10 0.332E-09 0.000E+00 0.000E+00 0.000E+00 0.000E+00
    66.0 0.000E+00 0.000E+00 0.000E+00 0.000E+00 0.138E-10 0.247E-09 0.000E+00 0.000E+00 0.000E+00 0.000E+00
    67.0 0.000E+00 0.000E+00 0.000E+00 0.000E+00 0.147E-10 0.182E-09 0.000E+00 0.000E+00 0.000E+00 0.000E+00
    68.0 0.000E+00 0.000E+00 0.000E+00 0.233E-16 0.150E-10 0.132E-09 0.000E+00 0.000E+00 0.000E+00 0.000E+00
    69.0 0.000E+00 0.000E+00 0.000E+00 0.176E-15 0.146E-10 0.957E-10 0.000E+00 0.000E+00 0.000E+00 0.000E+00
    70.0 0.000E+00 0.000E+00 0.000E+00 0.956E-15 0.138E-10 0.687E-10 0.000E+00 0.000E+00 0.000E+00 0.000E+00
    71.0 0.000E+00 0.000E+00 0.000E+00 0.393E-14 0.126E-10 0.489E-10 0.000E+00 0.000E+00 0.000E+00 0.000E+00

  E*/MeV   182Po     183Po     184Po     185Po     186Po     187Po     188Po     189Po     190Po     191Po  
    56.0 0.000E+00 0.000E+00 0.000E+00 0.000E+00 0.000E+00 0.540E-10 0.341E-08 0.310E-08 0.000E+00 0.000E+00
    57.0 0.000E+00 0.000E+00 0.000E+00 0.000E+00 0.000E+00 0.101E-09 0.268E-08 0.184E-08 0.000E+00 0.000E+00
    58.0 0.000E+00 0.000E+00 0.000E+00 0.000E+00 0.000E+00 0.169E-09 0.206E-08 0.874E-09 0.000E+00 0.000E+00
    59.0 0.000E+00 0.000E+00 0.000E+00 0.000E+00 0.000E+00 0.256E-09 0.156E-08 0.123E-09 0.000E+00 0.000E+00
    60.0 0.000E+00 0.000E+00 0.000E+00 0.000E+00 0.000E+00 0.357E-09 0.116E-08 0.000E+00 0.000E+00 0.000E+00
    61.0 0.000E+00 0.000E+00 0.000E+00 0.000E+00 0.260E-15 0.462E-09 0.854E-09 0.000E+00 0.000E+00 0.000E+00
    62.0 0.000E+00 0.000E+00 0.000E+00 0.000E+00 0.124E-14 0.559E-09 0.621E-09 0.000E+00 0.000E+00 0.000E+00
    63.0 0.000E+00 0.000E+00 0.000E+00 0.000E+00 0.484E-14 0.638E-09 0.447E-09 0.000E+00 0.000E+00 0.000E+00
    64.0 0.000E+00 0.000E+00 0.000E+00 0.000E+00 0.159E-13 0.692E-09 0.316E-09 0.000E+00 0.000E+00 0.000E+00
    65.0 0.000E+00 0.000E+00 0.000E+00 0.000E+00 0.445E-13 0.718E-09 0.220E-09 0.000E+00 0.000E+00 0.000E+00
    66.0 0.000E+00 0.000E+00 0.000E+00 0.000E+00 0.108E-12 0.716E-09 0.153E-09 0.000E+00 0.000E+00 0.000E+00
    67.0 0.000E+00 0.000E+00 0.000E+00 0.000E+00 0.233E-12 0.689E-09 0.101E-09 0.000E+00 0.000E+00 0.000E+00
    68.0 0.000E+00 0.000E+00 0.000E+00 0.000E+00 0.448E-12 0.643E-09 0.600E-10 0.000E+00 0.000E+00 0.000E+00
    69.0 0.000E+00 0.000E+00 0.000E+00 0.000E+00 0.778E-12 0.584E-09 0.261E-10 0.000E+00 0.000E+00 0.000E+00
    70.0 0.000E+00 0.000E+00 0.000E+00 0.000E+00 0.124E-11 0.518E-09 0.107E-10 0.000E+00 0.000E+00 0.000E+00
    71.0 0.000E+00 0.000E+00 0.000E+00 0.000E+00 0.182E-11 0.449E-09 0.284E-11 0.000E+00 0.000E+00 0.000E+00

  E*/MeV   181Bi     182Bi     183Bi     184Bi     185Bi     186Bi     187Bi     188Bi     189Bi     190Bi  
    56.0 0.000E+00 0.000E+00 0.000E+00 0.264E-11 0.562E-07 0.779E-07 0.162E-07 0.166E-05 0.475E-07 0.000E+00
    57.0 0.000E+00 0.000E+00 0.000E+00 0.786E-11 0.529E-07 0.529E-07 0.250E-07 0.144E-05 0.305E-07 0.000E+00
    58.0 0.000E+00 0.000E+00 0.000E+00 0.209E-10 0.479E-07 0.357E-07 0.359E-07 0.121E-05 0.194E-07 0.000E+00
    59.0 0.000E+00 0.000E+00 0.000E+00 0.501E-10 0.418E-07 0.239E-07 0.480E-07 0.996E-06 0.121E-07 0.000E+00
    60.0 0.000E+00 0.000E+00 0.000E+00 0.109E-09 0.353E-07 0.159E-07 0.599E-07 0.803E-06 0.744E-08 0.000E+00
    61.0 0.000E+00 0.000E+00 0.000E+00 0.216E-09 0.291E-07 0.105E-07 0.709E-07 0.632E-06 0.416E-08 0.000E+00
    62.0 0.000E+00 0.000E+00 0.000E+00 0.392E-09 0.234E-07 0.692E-08 0.800E-07 0.482E-06 0.220E-08 0.000E+00
    63.0 0.000E+00 0.000E+00 0.000E+00 0.653E-09 0.185E-07 0.455E-08 0.861E-07 0.367E-06 0.821E-09 0.000E+00
    64.0 0.000E+00 0.000E+00 0.000E+00 0.101E-08 0.143E-07 0.300E-08 0.889E-07 0.265E-06 0.000E+00 0.000E+00
    65.0 0.000E+00 0.000E+00 0.000E+00 0.144E-08 0.109E-07 0.200E-08 0.885E-07 0.185E-06 0.000E+00 0.000E+00
    66.0 0.000E+00 0.000E+00 0.115E-13 0.192E-08 0.822E-08 0.141E-08 0.852E-07 0.114E-06 0.000E+00 0.000E+00
    67.0 0.000E+00 0.000E+00 0.395E-13 0.241E-08 0.611E-08 0.109E-08 0.799E-07 0.537E-07 0.000E+00 0.000E+00
    68.0 0.000E+00 0.000E+00 0.121E-12 0.286E-08 0.450E-08 0.103E-08 0.725E-07 0.617E-08 0.000E+00 0.000E+00
    69.0 0.000E+00 0.000E+00 0.332E-12 0.321E-08 0.328E-08 0.119E-08 0.641E-07 0.000E+00 0.000E+00 0.000E+00
    70.0 0.000E+00 0.000E+00 0.824E-12 0.345E-08 0.237E-08 0.157E-08 0.556E-07 0.000E+00 0.000E+00 0.000E+00
    71.0 0.000E+00 0.000E+00 0.186E-11 0.356E-08 0.170E-08 0.220E-08 0.471E-07 0.000E+00 0.000E+00 0.000E+00

  E*/MeV   180Pb     181Pb     182Pb     183Pb     184Pb     185Pb     186Pb     187Pb     188Pb     189Pb  
    56.0 0.000E+00 0.000E+00 0.000E+00 0.000E+00 0.102E-07 0.164E-05 0.135E-06 0.305E-06 0.180E-05 0.189E-06
    57.0 0.000E+00 0.000E+00 0.000E+00 0.000E+00 0.167E-07 0.149E-05 0.886E-07 0.394E-06 0.145E-05 0.127E-06
    58.0 0.000E+00 0.000E+00 0.000E+00 0.530E-12 0.259E-07 0.132E-05 0.580E-07 0.490E-06 0.114E-05 0.842E-07
    59.0 0.000E+00 0.000E+00 0.000E+00 0.166E-11 0.377E-07 0.113E-05 0.380E-07 0.584E-06 0.890E-06 0.556E-07
    60.0 0.000E+00 0.000E+00 0.000E+00 0.458E-11 0.517E-07 0.949E-06 0.251E-07 0.671E-06 0.683E-06 0.365E-07
    61.0 0.000E+00 0.000E+00 0.000E+00 0.113E-10 0.671E-07 0.779E-06 0.172E-07 0.744E-06 0.517E-06 0.238E-07
    62.0 0.000E+00 0.000E+00 0.000E+00 0.250E-10 0.824E-07 0.627E-06 0.128E-07 0.796E-06 0.386E-06 0.154E-07
    63.0 0.000E+00 0.000E+00 0.000E+00 0.502E-10 0.963E-07 0.496E-06 0.113E-07 0.825E-06 0.286E-06 0.984E-08
    64.0 0.000E+00 0.000E+00 0.000E+00 0.927E-10 0.107E-06 0.387E-06 0.121E-07 0.829E-06 0.210E-06 0.625E-08
    65.0 0.000E+00 0.000E+00 0.000E+00 0.159E-09 0.115E-06 0.297E-06 0.151E-07 0.809E-06 0.152E-06 0.392E-08
    66.0 0.000E+00 0.000E+00 0.000E+00 0.258E-09 0.118E-06 0.225E-06 0.202E-07 0.770E-06 0.110E-06 0.242E-08
    67.0 0.000E+00 0.000E+00 0.000E+00 0.402E-09 0.117E-06 0.169E-06 0.271E-07 0.715E-06 0.784E-07 0.145E-08
    68.0 0.000E+00 0.000E+00 0.000E+00 0.610E-09 0.113E-06 0.126E-06 0.356E-07 0.649E-06 0.556E-07 0.809E-09
    69.0 0.000E+00 0.000E+00 0.000E+00 0.909E-09 0.106E-06 0.924E-07 0.453E-07 0.578E-06 0.392E-07 0.398E-09
    70.0 0.000E+00 0.000E+00 0.000E+00 0.133E-08 0.962E-07 0.675E-07 0.554E-07 0.505E-06 0.274E-07 0.000E+00
    71.0 0.000E+00 0.000E+00 0.492E-13 0.192E-08 0.856E-07 0.490E-07 0.654E-07 0.433E-06 0.191E-07 0.000E+00

 Z-Verteilung  
 E*/MeV     Pb         Bi         Po         At  
   56.0  0.408E-05 0.185E-05 0.657E-08 0.230E-08
   57.0  0.356E-05 0.160E-05 0.462E-08 0.203E-08
   58.0  0.312E-05 0.135E-05 0.310E-08 0.170E-08
   59.0  0.274E-05 0.112E-05 0.194E-08 0.142E-08
   60.0  0.242E-05 0.921E-06 0.152E-08 0.117E-08
   61.0  0.215E-05 0.747E-06 0.132E-08 0.944E-09
   62.0  0.192E-05 0.595E-06 0.118E-08 0.749E-09
   63.0  0.172E-05 0.477E-06 0.109E-08 0.585E-09
   64.0  0.155E-05 0.373E-06 0.101E-08 0.451E-09
   65.0  0.139E-05 0.288E-06 0.938E-09 0.344E-09
   66.0  0.125E-05 0.211E-06 0.869E-09 0.261E-09
   67.0  0.111E-05 0.143E-06 0.790E-09 0.196E-09
   68.0  0.980E-06 0.870E-07 0.704E-09 0.147E-09
   69.0  0.862E-06 0.718E-07 0.611E-09 0.110E-09
   70.0  0.753E-06 0.630E-07 0.530E-09 0.825E-10
   71.0  0.654E-06 0.545E-07 0.454E-09 0.615E-10

 Z und A Mittelwerte    
   E*/MeV     MW.Z  St.Abw.Z      MW.A  St.Abw.A
    56.0     82.32      0.47    187.05      1.39
    57.0     82.31      0.47    186.99      1.39
    58.0     82.30      0.46    186.93      1.38
    59.0     82.29      0.46    186.87      1.36
    60.0     82.28      0.45    186.82      1.34
    61.0     82.26      0.44    186.78      1.31
    62.0     82.24      0.43    186.74      1.28
    63.0     82.22      0.42    186.70      1.25
    64.0     82.20      0.40    186.66      1.22
    65.0     82.17      0.38    186.62      1.20
    66.0     82.15      0.36    186.57      1.17
    67.0     82.12      0.32    186.52      1.15
    68.0     82.08      0.28    186.45      1.13
    69.0     82.08      0.27    186.44      1.12
    70.0     82.08      0.27    186.42      1.11
    71.0     82.08      0.27    186.40      1.11

 HIVAP  CASOUT

   93Nb 99Ru 192At IFUS10 barfac0.45 sigr3.0 05/04/2023 15:54 Sitarcik  


     E_lab  A*MeV   E*/MeV     SI_fus      SI_VR     SI_Spalt  L_krit     b_Spalt

   483.769    5.20    72.0  0.2319E+03  0.6139E-06  0.2248E+03    65.0       96.93
   485.708    5.22    73.0  0.2310E+03  0.5290E-06  0.2239E+03    65.0       96.94
   487.647    5.24    74.0  0.2301E+03  0.4539E-06  0.2231E+03    65.0       96.96
   489.587    5.26    75.0  0.2292E+03  0.3873E-06  0.2223E+03    65.0       96.98
   491.526    5.29    76.0  0.2283E+03  0.3271E-06  0.2214E+03    65.0       96.99
   493.466    5.31    77.0  0.2274E+03  0.2691E-06  0.2206E+03    65.0       97.01
   495.405    5.33    78.0  0.2265E+03  0.2145E-06  0.2198E+03    65.0       97.03
   497.344    5.35    79.0  0.2256E+03  0.1763E-06  0.2189E+03    65.0       97.05
   499.284    5.37    80.0  0.2247E+03  0.1423E-06  0.2181E+03    65.0       97.07
   501.223    5.39    81.0  0.2239E+03  0.1206E-06  0.2173E+03    65.0       97.08
   503.163    5.41    82.0  0.2230E+03  0.1051E-06  0.2165E+03    65.0       97.10
   505.102    5.43    83.0  0.2221E+03  0.9230E-07  0.2157E+03    65.0       97.12
   507.041    5.45    84.0  0.2213E+03  0.8126E-07  0.2150E+03    65.0       97.14
   508.981    5.47    85.0  0.2204E+03  0.1522E+01  0.2106E+03    65.0       95.52
   510.920    5.49    86.0  0.2196E+03  0.1484E+01  0.2097E+03    65.0       95.49
   512.860    5.51    87.0  0.2188E+03  0.1447E+01  0.2088E+03    65.0       95.45

     Querschnitte / mbarn

  E*/MeV   183At     184At     185At     186At     187At     188At     189At     190At     191At     192At  
    72.0 0.000E+00 0.000E+00 0.000E+00 0.128E-13 0.112E-10 0.347E-10 0.000E+00 0.000E+00 0.000E+00 0.000E+00
    73.0 0.000E+00 0.000E+00 0.000E+00 0.340E-13 0.976E-11 0.244E-10 0.000E+00 0.000E+00 0.000E+00 0.000E+00
    74.0 0.000E+00 0.000E+00 0.000E+00 0.762E-13 0.831E-11 0.166E-10 0.000E+00 0.000E+00 0.000E+00 0.000E+00
    75.0 0.000E+00 0.000E+00 0.000E+00 0.148E-12 0.695E-11 0.112E-10 0.000E+00 0.000E+00 0.000E+00 0.000E+00
    76.0 0.000E+00 0.000E+00 0.000E+00 0.255E-12 0.572E-11 0.687E-11 0.000E+00 0.000E+00 0.000E+00 0.000E+00
    77.0 0.000E+00 0.000E+00 0.000E+00 0.398E-12 0.464E-11 0.240E-11 0.000E+00 0.000E+00 0.000E+00 0.000E+00
    78.0 0.000E+00 0.000E+00 0.000E+00 0.569E-12 0.372E-11 0.152E-12 0.000E+00 0.000E+00 0.000E+00 0.000E+00
    79.0 0.000E+00 0.000E+00 0.000E+00 0.757E-12 0.294E-11 0.000E+00 0.000E+00 0.000E+00 0.000E+00 0.000E+00
    80.0 0.000E+00 0.000E+00 0.420E-18 0.945E-12 0.231E-11 0.000E+00 0.000E+00 0.000E+00 0.000E+00 0.000E+00
    81.0 0.000E+00 0.000E+00 0.228E-17 0.112E-11 0.179E-11 0.000E+00 0.000E+00 0.000E+00 0.000E+00 0.000E+00
    82.0 0.000E+00 0.000E+00 0.971E-17 0.126E-11 0.138E-11 0.000E+00 0.000E+00 0.000E+00 0.000E+00 0.000E+00
    83.0 0.000E+00 0.000E+00 0.333E-16 0.137E-11 0.105E-11 0.000E+00 0.000E+00 0.000E+00 0.000E+00 0.000E+00
    84.0 0.000E+00 0.000E+00 0.948E-16 0.144E-11 0.788E-12 0.000E+00 0.000E+00 0.000E+00 0.000E+00 0.000E+00
    85.0 0.000E+00 0.000E+00 0.000E+00 0.000E+00 0.581E-12 0.000E+00 0.000E+00 0.000E+00 0.000E+00 0.152E+01
    86.0 0.000E+00 0.000E+00 0.000E+00 0.000E+00 0.427E-12 0.000E+00 0.000E+00 0.000E+00 0.000E+00 0.148E+01
    87.0 0.000E+00 0.000E+00 0.000E+00 0.000E+00 0.289E-12 0.000E+00 0.000E+00 0.000E+00 0.000E+00 0.145E+01

  E*/MeV   182Po     183Po     184Po     185Po     186Po     187Po     188Po     189Po     190Po     191Po  
    72.0 0.000E+00 0.000E+00 0.000E+00 0.000E+00 0.250E-11 0.382E-09 0.000E+00 0.000E+00 0.000E+00 0.000E+00
    73.0 0.000E+00 0.000E+00 0.000E+00 0.000E+00 0.323E-11 0.320E-09 0.000E+00 0.000E+00 0.000E+00 0.000E+00
    74.0 0.000E+00 0.000E+00 0.000E+00 0.000E+00 0.395E-11 0.263E-09 0.000E+00 0.000E+00 0.000E+00 0.000E+00
    75.0 0.000E+00 0.000E+00 0.000E+00 0.859E-16 0.461E-11 0.214E-09 0.000E+00 0.000E+00 0.000E+00 0.000E+00
    76.0 0.000E+00 0.000E+00 0.000E+00 0.318E-15 0.514E-11 0.171E-09 0.000E+00 0.000E+00 0.000E+00 0.000E+00
    77.0 0.000E+00 0.000E+00 0.000E+00 0.103E-14 0.553E-11 0.136E-09 0.000E+00 0.000E+00 0.000E+00 0.000E+00
    78.0 0.000E+00 0.000E+00 0.000E+00 0.294E-14 0.574E-11 0.107E-09 0.000E+00 0.000E+00 0.000E+00 0.000E+00
    79.0 0.000E+00 0.000E+00 0.000E+00 0.747E-14 0.578E-11 0.830E-10 0.000E+00 0.000E+00 0.000E+00 0.000E+00
    80.0 0.000E+00 0.000E+00 0.000E+00 0.171E-13 0.566E-11 0.639E-10 0.000E+00 0.000E+00 0.000E+00 0.000E+00
    81.0 0.000E+00 0.000E+00 0.000E+00 0.355E-13 0.541E-11 0.489E-10 0.000E+00 0.000E+00 0.000E+00 0.000E+00
    82.0 0.000E+00 0.000E+00 0.000E+00 0.675E-13 0.506E-11 0.370E-10 0.000E+00 0.000E+00 0.000E+00 0.000E+00
    83.0 0.000E+00 0.000E+00 0.000E+00 0.118E-12 0.463E-11 0.279E-10 0.000E+00 0.000E+00 0.000E+00 0.000E+00
    84.0 0.000E+00 0.000E+00 0.000E+00 0.193E-12 0.416E-11 0.206E-10 0.000E+00 0.000E+00 0.000E+00 0.000E+00
    85.0 0.000E+00 0.000E+00 0.000E+00 0.183E-12 0.322E-11 0.149E-10 0.000E+00 0.000E+00 0.000E+00 0.000E+00
    86.0 0.000E+00 0.000E+00 0.000E+00 0.269E-12 0.281E-11 0.106E-10 0.000E+00 0.000E+00 0.000E+00 0.000E+00
    87.0 0.000E+00 0.000E+00 0.384E-18 0.373E-12 0.242E-11 0.628E-11 0.000E+00 0.000E+00 0.000E+00 0.000E+00

  E*/MeV   181Bi     182Bi     183Bi     184Bi     185Bi     186Bi     187Bi     188Bi     189Bi     190Bi  
    72.0 0.000E+00 0.000E+00 0.383E-11 0.354E-08 0.121E-08 0.301E-08 0.390E-07 0.000E+00 0.000E+00 0.000E+00
    73.0 0.000E+00 0.000E+00 0.723E-11 0.341E-08 0.858E-09 0.397E-08 0.319E-07 0.000E+00 0.000E+00 0.000E+00
    74.0 0.000E+00 0.000E+00 0.126E-10 0.319E-08 0.605E-09 0.501E-08 0.253E-07 0.000E+00 0.000E+00 0.000E+00
    75.0 0.000E+00 0.000E+00 0.203E-10 0.291E-08 0.424E-09 0.608E-08 0.194E-07 0.000E+00 0.000E+00 0.000E+00
    76.0 0.000E+00 0.000E+00 0.304E-10 0.259E-08 0.297E-09 0.709E-08 0.145E-07 0.000E+00 0.000E+00 0.000E+00
    77.0 0.000E+00 0.000E+00 0.427E-10 0.226E-08 0.208E-09 0.795E-08 0.851E-08 0.000E+00 0.000E+00 0.000E+00
    78.0 0.000E+00 0.000E+00 0.565E-10 0.194E-08 0.149E-09 0.865E-08 0.482E-08 0.000E+00 0.000E+00 0.000E+00
    79.0 0.000E+00 0.000E+00 0.709E-10 0.163E-08 0.113E-09 0.910E-08 0.000E+00 0.000E+00 0.000E+00 0.000E+00
    80.0 0.000E+00 0.000E+00 0.847E-10 0.135E-08 0.930E-10 0.930E-08 0.000E+00 0.000E+00 0.000E+00 0.000E+00
    81.0 0.000E+00 0.197E-14 0.969E-10 0.111E-08 0.885E-10 0.927E-08 0.000E+00 0.000E+00 0.000E+00 0.000E+00
    82.0 0.000E+00 0.536E-14 0.107E-09 0.897E-09 0.971E-10 0.902E-08 0.000E+00 0.000E+00 0.000E+00 0.000E+00
    83.0 0.000E+00 0.134E-13 0.113E-09 0.718E-09 0.121E-09 0.858E-08 0.000E+00 0.000E+00 0.000E+00 0.000E+00
    84.0 0.000E+00 0.306E-13 0.117E-09 0.569E-09 0.155E-09 0.801E-08 0.000E+00 0.000E+00 0.000E+00 0.000E+00
    85.0 0.000E+00 0.000E+00 0.000E+00 0.000E+00 0.000E+00 0.000E+00 0.000E+00 0.000E+00 0.000E+00 0.000E+00
    86.0 0.000E+00 0.000E+00 0.000E+00 0.000E+00 0.000E+00 0.000E+00 0.000E+00 0.000E+00 0.000E+00 0.000E+00
    87.0 0.000E+00 0.000E+00 0.000E+00 0.000E+00 0.000E+00 0.000E+00 0.000E+00 0.000E+00 0.000E+00 0.000E+00

  E*/MeV   180Pb     181Pb     182Pb     183Pb     184Pb     185Pb     186Pb     187Pb     188Pb     189Pb  
    72.0 0.000E+00 0.000E+00 0.121E-12 0.269E-08 0.746E-07 0.353E-07 0.746E-07 0.366E-06 0.132E-07 0.000E+00
    73.0 0.000E+00 0.000E+00 0.274E-12 0.367E-08 0.638E-07 0.254E-07 0.823E-07 0.304E-06 0.903E-08 0.000E+00
    74.0 0.000E+00 0.000E+00 0.571E-12 0.485E-08 0.536E-07 0.182E-07 0.879E-07 0.249E-06 0.614E-08 0.000E+00
    75.0 0.000E+00 0.000E+00 0.112E-11 0.619E-08 0.444E-07 0.131E-07 0.914E-07 0.199E-06 0.414E-08 0.000E+00
    76.0 0.000E+00 0.000E+00 0.210E-11 0.762E-08 0.362E-07 0.958E-08 0.925E-07 0.154E-06 0.277E-08 0.000E+00
    77.0 0.000E+00 0.000E+00 0.380E-11 0.905E-08 0.292E-07 0.723E-08 0.914E-07 0.111E-06 0.183E-08 0.000E+00
    78.0 0.000E+00 0.000E+00 0.668E-11 0.104E-07 0.233E-07 0.576E-08 0.882E-07 0.700E-07 0.117E-08 0.000E+00
    79.0 0.000E+00 0.000E+00 0.115E-10 0.116E-07 0.183E-07 0.501E-08 0.834E-07 0.463E-07 0.717E-09 0.000E+00
    80.0 0.000E+00 0.000E+00 0.192E-10 0.125E-07 0.143E-07 0.480E-08 0.773E-07 0.221E-07 0.400E-09 0.000E+00
    81.0 0.000E+00 0.000E+00 0.312E-10 0.131E-07 0.111E-07 0.504E-08 0.704E-07 0.102E-07 0.139E-09 0.000E+00
    82.0 0.000E+00 0.000E+00 0.490E-10 0.133E-07 0.849E-08 0.565E-08 0.630E-07 0.441E-08 0.377E-10 0.000E+00
    83.0 0.000E+00 0.000E+00 0.740E-10 0.133E-07 0.647E-08 0.652E-08 0.552E-07 0.119E-08 0.000E+00 0.000E+00
    84.0 0.000E+00 0.480E-14 0.108E-09 0.129E-07 0.490E-08 0.758E-08 0.469E-07 0.000E+00 0.000E+00 0.000E+00
    85.0 0.000E+00 0.000E+00 0.000E+00 0.000E+00 0.000E+00 0.000E+00 0.000E+00 0.000E+00 0.000E+00 0.000E+00
    86.0 0.000E+00 0.000E+00 0.000E+00 0.000E+00 0.000E+00 0.000E+00 0.000E+00 0.000E+00 0.000E+00 0.000E+00
    87.0 0.000E+00 0.000E+00 0.000E+00 0.000E+00 0.000E+00 0.000E+00 0.000E+00 0.000E+00 0.000E+00 0.000E+00

 Z-Verteilung  
 E*/MeV     Pb         Bi         Po         At  
   72.0  0.567E-06 0.468E-07 0.385E-09 0.459E-10
   73.0  0.489E-06 0.402E-07 0.323E-09 0.342E-10
   74.0  0.420E-06 0.341E-07 0.267E-09 0.250E-10
   75.0  0.358E-06 0.289E-07 0.218E-09 0.183E-10
   76.0  0.302E-06 0.245E-07 0.176E-09 0.128E-10
   77.0  0.250E-06 0.190E-07 0.141E-09 0.745E-11
   78.0  0.199E-06 0.156E-07 0.112E-09 0.444E-11
   79.0  0.165E-06 0.109E-07 0.888E-10 0.370E-11
   80.0  0.131E-06 0.108E-07 0.696E-10 0.325E-11
   81.0  0.110E-06 0.106E-07 0.544E-10 0.291E-11
   82.0  0.949E-07 0.101E-07 0.422E-10 0.264E-11
   83.0  0.827E-07 0.953E-08 0.326E-10 0.242E-11
   84.0  0.724E-07 0.885E-08 0.250E-10 0.222E-11
   85.0  0.000E+00 0.000E+00 0.183E-10 0.152E+01
   86.0  0.000E+00 0.000E+00 0.137E-10 0.148E+01
   87.0  0.000E+00 0.000E+00 0.908E-11 0.145E+01

 Z und A Mittelwerte    
   E*/MeV     MW.Z  St.Abw.Z      MW.A  St.Abw.A
    72.0     82.08      0.27    186.38      1.10
    73.0     82.08      0.27    186.35      1.10
    74.0     82.08      0.27    186.31      1.10
    75.0     82.08      0.27    186.26      1.10
    76.0     82.08      0.27    186.19      1.11
    77.0     82.07      0.26    186.10      1.12
    78.0     82.07      0.26    185.95      1.14
    79.0     82.06      0.25    185.82      1.15
    80.0     82.08      0.27    185.64      1.14
    81.0     82.09      0.29    185.51      1.13
    82.0     82.10      0.30    185.42      1.13
    83.0     82.10      0.31    185.35      1.13
    84.0     82.11      0.31    185.28      1.15
    85.0     85.00      0.00    192.00      0.00
    86.0     85.00      0.00    192.00      0.00
    87.0     85.00      0.00    192.00      0.00

 HIVAP  CASOUT

   93Nb 99Ru 192At IFUS10 barfac0.45 sigr3.0 05/04/2023 15:54 Sitarcik  


     E_lab  A*MeV   E*/MeV     SI_fus      SI_VR     SI_Spalt  L_krit     b_Spalt

   514.799    5.54    88.0  0.2180E+03  0.1411E+01  0.2080E+03    65.0       95.41
   516.738    5.56    89.0  0.2171E+03  0.1376E+01  0.2071E+03    65.0       95.37
   518.678    5.58    90.0  0.2163E+03  0.1342E+01  0.2062E+03    65.0       95.34
   520.617    5.60    91.0  0.2155E+03  0.1308E+01  0.2054E+03    65.0       95.30

     Querschnitte / mbarn

  E*/MeV   183At     184At     185At     186At     187At     188At     189At     190At     191At     192At  
    88.0 0.000E+00 0.000E+00 0.000E+00 0.000E+00 0.151E-12 0.000E+00 0.000E+00 0.000E+00 0.000E+00 0.141E+01
    89.0 0.000E+00 0.000E+00 0.000E+00 0.000E+00 0.825E-13 0.000E+00 0.000E+00 0.000E+00 0.000E+00 0.138E+01
    90.0 0.000E+00 0.000E+00 0.000E+00 0.000E+00 0.000E+00 0.000E+00 0.000E+00 0.000E+00 0.000E+00 0.134E+01
    91.0 0.000E+00 0.000E+00 0.000E+00 0.000E+00 0.000E+00 0.000E+00 0.000E+00 0.000E+00 0.000E+00 0.131E+01

  E*/MeV   182Po     183Po     184Po     185Po     186Po     187Po     188Po     189Po     190Po     191Po  
    88.0 0.000E+00 0.000E+00 0.138E-17 0.493E-12 0.206E-11 0.304E-11 0.000E+00 0.000E+00 0.000E+00 0.000E+00
    89.0 0.000E+00 0.000E+00 0.430E-17 0.622E-12 0.173E-11 0.131E-11 0.000E+00 0.000E+00 0.000E+00 0.000E+00
    90.0 0.000E+00 0.000E+00 0.119E-16 0.753E-12 0.144E-11 0.236E-12 0.000E+00 0.000E+00 0.000E+00 0.000E+00
    91.0 0.000E+00 0.000E+00 0.294E-16 0.878E-12 0.118E-11 0.000E+00 0.000E+00 0.000E+00 0.000E+00 0.000E+00

  E*/MeV   181Bi     182Bi     183Bi     184Bi     185Bi     186Bi     187Bi     188Bi     189Bi     190Bi  
    88.0 0.000E+00 0.000E+00 0.000E+00 0.000E+00 0.000E+00 0.000E+00 0.000E+00 0.000E+00 0.000E+00 0.000E+00
    89.0 0.000E+00 0.000E+00 0.000E+00 0.000E+00 0.000E+00 0.000E+00 0.000E+00 0.000E+00 0.000E+00 0.000E+00
    90.0 0.000E+00 0.000E+00 0.000E+00 0.000E+00 0.000E+00 0.000E+00 0.000E+00 0.000E+00 0.000E+00 0.000E+00
    91.0 0.000E+00 0.000E+00 0.000E+00 0.000E+00 0.000E+00 0.000E+00 0.000E+00 0.000E+00 0.000E+00 0.000E+00

  E*/MeV   180Pb     181Pb     182Pb     183Pb     184Pb     185Pb     186Pb     187Pb     188Pb     189Pb  
    88.0 0.000E+00 0.000E+00 0.000E+00 0.000E+00 0.000E+00 0.000E+00 0.000E+00 0.000E+00 0.000E+00 0.000E+00
    89.0 0.000E+00 0.000E+00 0.000E+00 0.000E+00 0.000E+00 0.000E+00 0.000E+00 0.000E+00 0.000E+00 0.000E+00
    90.0 0.000E+00 0.000E+00 0.000E+00 0.000E+00 0.000E+00 0.000E+00 0.000E+00 0.000E+00 0.000E+00 0.000E+00
    91.0 0.000E+00 0.000E+00 0.000E+00 0.000E+00 0.000E+00 0.000E+00 0.000E+00 0.000E+00 0.000E+00 0.000E+00

 Z-Verteilung  
 E*/MeV     Pb         Bi         Po         At  
   88.0  0.000E+00 0.000E+00 0.559E-11 0.141E+01
   89.0  0.000E+00 0.000E+00 0.366E-11 0.138E+01
   90.0  0.000E+00 0.000E+00 0.242E-11 0.134E+01
   91.0  0.000E+00 0.000E+00 0.206E-11 0.131E+01

 Z und A Mittelwerte    
   E*/MeV     MW.Z  St.Abw.Z      MW.A  St.Abw.A
    88.0     85.00      0.00    192.00      0.00
    89.0     85.00      0.00    192.00      0.00
    90.0     85.00      0.00    192.00      0.00
    91.0     85.00      0.00    192.00      0.00
                                                                        
           



 Ende HIVAP 
