          Programm HIVAP,  Autor  W.Reisdorf   Version fuer "rzri6f" vom  7. 6. 1994

           Bearbeitung F.P.Heﬂberger
           
   93Nb 99Ru 192At IFUS10 barfac0.53 sigr3.0 09/02/2023 13:44 Sitarcik  
           

 Unterprogramm SEPENF

 benutzt Sierks Programm BARFIT 
 Q-Wert  -177.443 MeV
 Massen aus der Datei "mlz.dat" 

         Exp. Schaleneffekte,  SHELL0=    0.00
          At  183   At  184   At  185   At  186   At  187   At  188   At  189   At  190   At  191   At  192
             -0.16     -0.96     -0.15     -0.95     -0.13     -0.92     -0.10     -0.88     -0.07     -0.87
          Po  182   Po  183   Po  184   Po  185   Po  186   Po  187   Po  188   Po  189   Po  190   Po  191
              0.25     -0.41      0.51     -0.23      0.60     -0.21      0.55     -0.34      0.34     -0.63
          Bi  181   Bi  182   Bi  183   Bi  184   Bi  185   Bi  186   Bi  187   Bi  188   Bi  189   Bi  190
             -1.37     -2.02     -1.09     -1.82     -0.98     -1.79     -1.03     -1.92     -1.24     -2.20

           BARFAC=   0.530      BAR0=   0.000

          Separationsenergien (BN,BP,BA) und Spaltbarrieren
          At  183   At  184   At  185   At  186   At  187   At  188   At  189   At  190   At  191   At  192
             12.65     10.83     12.24     10.41     11.81     10.00     11.40      9.60     11.01      9.25
             -3.05     -2.63     -2.25     -1.92     -1.64     -1.40     -1.20     -1.04     -0.93     -0.82
            -10.29     -9.93     -9.63     -9.36     -9.14     -8.96     -8.83     -8.72     -8.66     -8.59
              2.26      3.19      2.50      3.44      2.75      3.66      2.97      3.88      3.20      4.13
             -0.81     -1.62     -0.81     -1.61     -0.80     -1.60     -0.80     -1.60     -0.80     -1.59
          Po  182   Po  183   Po  184   Po  185   Po  186   Po  187   Po  188   Po  189   Po  190   Po  191
             12.21     10.41     11.86     10.08     11.54      9.75     11.20      9.44     10.89      9.14
             -1.35     -1.08     -0.82     -0.54     -0.28     -0.02      0.24      0.50      0.75      1.01
            -10.37    -10.16     -9.96     -9.74     -9.53     -9.32     -9.12     -8.90     -8.69     -8.47
              2.34      3.14      2.35      3.24      2.55      3.50      2.87      3.90      3.36      4.46
              0.00     -0.81      0.00     -0.81      0.00     -0.80      0.00     -0.80      0.00     -0.80
          Bi  181   Bi  182   Bi  183   Bi  184   Bi  185   Bi  186   Bi  187   Bi  188   Bi  189   Bi  190
             11.94     10.14     11.60      9.81     11.27      9.49     10.95      9.18     10.64      8.88
             -2.58     -2.30     -2.03     -1.76     -1.49     -1.22     -0.96     -0.69     -0.43     -0.17
             -8.40     -8.19     -7.99     -7.78     -7.58     -7.36     -7.16     -6.93     -6.73     -6.50
              4.49      5.30      4.52      5.41      4.71      5.67      5.06      6.09      5.55      6.65
             -0.82     -1.63     -0.81     -1.62     -0.81     -1.61     -0.80     -1.60     -0.80     -1.60

 benutzter Q-Wert  -177.443 MeV    effektiver Q-Wert  -177.443 MeV

 HIVAP  CASOUT

   93Nb 99Ru 192At IFUS10 barfac0.53 sigr3.0 09/02/2023 13:44 Sitarcik  


     E_lab  A*MeV   E*/MeV     SI_fus      SI_VR     SI_Spalt  L_krit     b_Spalt

   359.647    3.87     8.0  0.1378E-04  0.1438E-06  0.1364E-04     0.0       98.96
   361.587    3.89     9.0  0.7079E-04  0.1124E-06  0.7068E-04     0.0       99.84
   363.526    3.91    10.0  0.3534E-03  0.5377E-06  0.3529E-03     0.0       99.85
   365.466    3.93    11.0  0.1674E-02  0.2795E-05  0.1671E-02     0.0       99.83
   367.405    3.95    12.0  0.6929E-02  0.1188E-04  0.6917E-02     0.0       99.83
   369.344    3.97    13.0  0.2273E-01  0.3492E-04  0.2269E-01     0.0       99.85
   371.284    3.99    14.0  0.5918E-01  0.7113E-04  0.5911E-01     0.0       99.88
   373.223    4.01    15.0  0.1313E+00  0.1042E-03  0.1312E+00     0.0       99.92
   375.163    4.03    16.0  0.2639E+00  0.1294E-03  0.2637E+00     0.0       99.95
   377.102    4.05    17.0  0.4849E+00  0.1484E-03  0.4847E+00     0.0       99.97
   379.041    4.08    18.0  0.8351E+00  0.1668E-03  0.8349E+00     0.0       99.98
   380.981    4.10    19.0  0.1369E+01  0.1861E-03  0.1368E+01     0.0       99.99
   382.920    4.12    20.0  0.2149E+01  0.2034E-03  0.2149E+01     0.0       99.99
   384.860    4.14    21.0  0.3260E+01  0.2168E-03  0.3260E+01     0.0       99.99
   386.799    4.16    22.0  0.4784E+01  0.2278E-03  0.4782E+01     0.0       99.98
   388.738    4.18    23.0  0.6814E+01  0.2431E-03  0.6810E+01     0.0       99.94

     Querschnitte / mbarn

  E*/MeV   183At     184At     185At     186At     187At     188At     189At     190At     191At     192At  
     8.0 0.000E+00 0.000E+00 0.000E+00 0.000E+00 0.000E+00 0.000E+00 0.000E+00 0.000E+00 0.000E+00 0.137E-06
     9.0 0.000E+00 0.000E+00 0.000E+00 0.000E+00 0.000E+00 0.000E+00 0.000E+00 0.000E+00 0.000E+00 0.524E-07
    10.0 0.000E+00 0.000E+00 0.000E+00 0.000E+00 0.000E+00 0.000E+00 0.000E+00 0.000E+00 0.558E-09 0.982E-07
    11.0 0.000E+00 0.000E+00 0.000E+00 0.000E+00 0.000E+00 0.000E+00 0.000E+00 0.000E+00 0.378E-07 0.171E-06
    12.0 0.000E+00 0.000E+00 0.000E+00 0.000E+00 0.000E+00 0.000E+00 0.000E+00 0.000E+00 0.650E-06 0.247E-06
    13.0 0.000E+00 0.000E+00 0.000E+00 0.000E+00 0.000E+00 0.000E+00 0.000E+00 0.000E+00 0.429E-05 0.262E-06
    14.0 0.000E+00 0.000E+00 0.000E+00 0.000E+00 0.000E+00 0.000E+00 0.000E+00 0.000E+00 0.136E-04 0.253E-06
    15.0 0.000E+00 0.000E+00 0.000E+00 0.000E+00 0.000E+00 0.000E+00 0.000E+00 0.000E+00 0.201E-04 0.238E-06
    16.0 0.000E+00 0.000E+00 0.000E+00 0.000E+00 0.000E+00 0.000E+00 0.000E+00 0.000E+00 0.215E-04 0.173E-06
    17.0 0.000E+00 0.000E+00 0.000E+00 0.000E+00 0.000E+00 0.000E+00 0.000E+00 0.000E+00 0.201E-04 0.143E-06
    18.0 0.000E+00 0.000E+00 0.000E+00 0.000E+00 0.000E+00 0.000E+00 0.000E+00 0.000E+00 0.172E-04 0.141E-06
    19.0 0.000E+00 0.000E+00 0.000E+00 0.000E+00 0.000E+00 0.000E+00 0.000E+00 0.000E+00 0.137E-04 0.121E-06
    20.0 0.000E+00 0.000E+00 0.000E+00 0.000E+00 0.000E+00 0.000E+00 0.000E+00 0.000E+00 0.104E-04 0.783E-07
    21.0 0.000E+00 0.000E+00 0.000E+00 0.000E+00 0.000E+00 0.000E+00 0.000E+00 0.301E-09 0.761E-05 0.252E-07
    22.0 0.000E+00 0.000E+00 0.000E+00 0.000E+00 0.000E+00 0.000E+00 0.000E+00 0.109E-07 0.534E-05 0.000E+00
    23.0 0.000E+00 0.000E+00 0.000E+00 0.000E+00 0.000E+00 0.000E+00 0.000E+00 0.138E-06 0.354E-05 0.000E+00

  E*/MeV   182Po     183Po     184Po     185Po     186Po     187Po     188Po     189Po     190Po     191Po  
     8.0 0.000E+00 0.000E+00 0.000E+00 0.000E+00 0.000E+00 0.000E+00 0.000E+00 0.000E+00 0.000E+00 0.703E-08
     9.0 0.000E+00 0.000E+00 0.000E+00 0.000E+00 0.000E+00 0.000E+00 0.000E+00 0.000E+00 0.000E+00 0.595E-07
    10.0 0.000E+00 0.000E+00 0.000E+00 0.000E+00 0.000E+00 0.000E+00 0.000E+00 0.000E+00 0.000E+00 0.434E-06
    11.0 0.000E+00 0.000E+00 0.000E+00 0.000E+00 0.000E+00 0.000E+00 0.000E+00 0.000E+00 0.000E+00 0.255E-05
    12.0 0.000E+00 0.000E+00 0.000E+00 0.000E+00 0.000E+00 0.000E+00 0.000E+00 0.000E+00 0.000E+00 0.107E-04
    13.0 0.000E+00 0.000E+00 0.000E+00 0.000E+00 0.000E+00 0.000E+00 0.000E+00 0.000E+00 0.000E+00 0.293E-04
    14.0 0.000E+00 0.000E+00 0.000E+00 0.000E+00 0.000E+00 0.000E+00 0.000E+00 0.000E+00 0.781E-11 0.536E-04
    15.0 0.000E+00 0.000E+00 0.000E+00 0.000E+00 0.000E+00 0.000E+00 0.000E+00 0.000E+00 0.369E-09 0.743E-04
    16.0 0.000E+00 0.000E+00 0.000E+00 0.000E+00 0.000E+00 0.000E+00 0.000E+00 0.000E+00 0.490E-08 0.854E-04
    17.0 0.000E+00 0.000E+00 0.000E+00 0.000E+00 0.000E+00 0.000E+00 0.000E+00 0.000E+00 0.386E-07 0.844E-04
    18.0 0.000E+00 0.000E+00 0.000E+00 0.000E+00 0.000E+00 0.000E+00 0.000E+00 0.000E+00 0.216E-06 0.750E-04
    19.0 0.000E+00 0.000E+00 0.000E+00 0.000E+00 0.000E+00 0.000E+00 0.000E+00 0.000E+00 0.863E-06 0.617E-04
    20.0 0.000E+00 0.000E+00 0.000E+00 0.000E+00 0.000E+00 0.000E+00 0.000E+00 0.000E+00 0.260E-05 0.478E-04
    21.0 0.000E+00 0.000E+00 0.000E+00 0.000E+00 0.000E+00 0.000E+00 0.000E+00 0.000E+00 0.609E-05 0.353E-04
    22.0 0.000E+00 0.000E+00 0.000E+00 0.000E+00 0.000E+00 0.000E+00 0.000E+00 0.000E+00 0.113E-04 0.250E-04
    23.0 0.000E+00 0.000E+00 0.000E+00 0.000E+00 0.000E+00 0.000E+00 0.000E+00 0.000E+00 0.170E-04 0.172E-04

  E*/MeV   181Bi     182Bi     183Bi     184Bi     185Bi     186Bi     187Bi     188Bi     189Bi     190Bi  
     8.0 0.000E+00 0.000E+00 0.000E+00 0.000E+00 0.000E+00 0.000E+00 0.000E+00 0.404E-10 0.000E+00 0.000E+00
     9.0 0.000E+00 0.000E+00 0.000E+00 0.000E+00 0.000E+00 0.000E+00 0.000E+00 0.464E-09 0.000E+00 0.000E+00
    10.0 0.000E+00 0.000E+00 0.000E+00 0.000E+00 0.000E+00 0.000E+00 0.000E+00 0.458E-08 0.000E+00 0.000E+00
    11.0 0.000E+00 0.000E+00 0.000E+00 0.000E+00 0.000E+00 0.000E+00 0.000E+00 0.364E-07 0.000E+00 0.300E-11
    12.0 0.000E+00 0.000E+00 0.000E+00 0.000E+00 0.000E+00 0.000E+00 0.000E+00 0.237E-06 0.000E+00 0.897E-10
    13.0 0.000E+00 0.000E+00 0.000E+00 0.000E+00 0.000E+00 0.000E+00 0.000E+00 0.107E-05 0.000E+00 0.116E-08
    14.0 0.000E+00 0.000E+00 0.000E+00 0.000E+00 0.000E+00 0.000E+00 0.000E+00 0.360E-05 0.000E+00 0.863E-08
    15.0 0.000E+00 0.000E+00 0.000E+00 0.000E+00 0.000E+00 0.000E+00 0.000E+00 0.962E-05 0.000E+00 0.465E-07
    16.0 0.000E+00 0.000E+00 0.000E+00 0.000E+00 0.000E+00 0.000E+00 0.000E+00 0.221E-04 0.000E+00 0.196E-06
    17.0 0.000E+00 0.000E+00 0.000E+00 0.000E+00 0.000E+00 0.000E+00 0.144E-09 0.430E-04 0.000E+00 0.663E-06
    18.0 0.000E+00 0.000E+00 0.000E+00 0.000E+00 0.000E+00 0.000E+00 0.244E-08 0.722E-04 0.000E+00 0.192E-05
    19.0 0.000E+00 0.000E+00 0.000E+00 0.000E+00 0.000E+00 0.000E+00 0.167E-07 0.105E-03 0.000E+00 0.490E-05
    20.0 0.000E+00 0.000E+00 0.000E+00 0.000E+00 0.000E+00 0.000E+00 0.810E-07 0.131E-03 0.000E+00 0.112E-04
    21.0 0.000E+00 0.000E+00 0.000E+00 0.000E+00 0.000E+00 0.000E+00 0.316E-06 0.144E-03 0.128E-10 0.233E-04
    22.0 0.000E+00 0.000E+00 0.000E+00 0.000E+00 0.000E+00 0.000E+00 0.103E-05 0.141E-03 0.158E-09 0.441E-04
    23.0 0.000E+00 0.000E+00 0.000E+00 0.000E+00 0.000E+00 0.000E+00 0.284E-05 0.126E-03 0.131E-08 0.763E-04

 Z-Verteilung  
 E*/MeV     Bi         Po         At  
    8.0  0.404E-10 0.703E-08 0.137E-06
    9.0  0.464E-09 0.595E-07 0.524E-07
   10.0  0.458E-08 0.434E-06 0.987E-07
   11.0  0.364E-07 0.255E-05 0.209E-06
   12.0  0.237E-06 0.107E-04 0.897E-06
   13.0  0.108E-05 0.293E-04 0.455E-05
   14.0  0.361E-05 0.536E-04 0.139E-04
   15.0  0.967E-05 0.743E-04 0.203E-04
   16.0  0.223E-04 0.854E-04 0.217E-04
   17.0  0.437E-04 0.844E-04 0.202E-04
   18.0  0.742E-04 0.753E-04 0.174E-04
   19.0  0.110E-03 0.626E-04 0.138E-04
   20.0  0.143E-03 0.504E-04 0.105E-04
   21.0  0.168E-03 0.414E-04 0.764E-05
   22.0  0.186E-03 0.363E-04 0.535E-05
   23.0  0.205E-03 0.342E-04 0.368E-05

 Z und A Mittelwerte    
   E*/MeV     MW.Z  St.Abw.Z      MW.A  St.Abw.A
     8.0     84.95      0.22    191.95      0.23
     9.0     84.46      0.51    191.45      0.55
    10.0     84.18      0.40    191.16      0.48
    11.0     84.06      0.29    191.02      0.42
    12.0     84.06      0.30    190.96      0.45
    13.0     84.10      0.39    190.92      0.53
    14.0     84.14      0.47    190.85      0.66
    15.0     84.10      0.53    190.72      0.87
    16.0     83.99      0.58    190.49      1.13
    17.0     83.84      0.64    190.13      1.36
    18.0     83.66      0.66    189.69      1.48
    19.0     83.48      0.63    189.28      1.46
    20.0     83.35      0.58    188.99      1.36
    21.0     83.26      0.51    188.86      1.26
    22.0     83.21      0.46    188.88      1.18
    23.0     83.17      0.41    189.01      1.14

 HIVAP  CASOUT

   93Nb 99Ru 192At IFUS10 barfac0.53 sigr3.0 09/02/2023 13:44 Sitarcik  


     E_lab  A*MeV   E*/MeV     SI_fus      SI_VR     SI_Spalt  L_krit     b_Spalt

   390.678    4.20    24.0  0.9442E+01  0.2682E-03  0.9431E+01     2.0       99.88
   392.617    4.22    25.0  0.1275E+02  0.3047E-03  0.1273E+02    17.0       99.81
   394.557    4.24    26.0  0.1685E+02  0.3511E-03  0.1680E+02    24.0       99.74
   396.496    4.26    27.0  0.2177E+02  0.3968E-03  0.2170E+02    30.0       99.65
   398.435    4.28    28.0  0.2760E+02  0.4294E-03  0.2747E+02    35.0       99.54
   400.375    4.31    29.0  0.3438E+02  0.4403E-03  0.3418E+02    65.0       99.43
   402.314    4.33    30.0  0.4207E+02  0.4255E-03  0.4178E+02    65.0       99.31
   404.253    4.35    31.0  0.5069E+02  0.3916E-03  0.5028E+02    65.0       99.18
   406.193    4.37    32.0  0.6019E+02  0.3471E-03  0.5961E+02    65.0       99.04
   408.132    4.39    33.0  0.7042E+02  0.3024E-03  0.6964E+02    65.0       98.89
   410.072    4.41    34.0  0.8136E+02  0.2646E-03  0.8031E+02    65.0       98.71
   412.011    4.43    35.0  0.9279E+02  0.2357E-03  0.9144E+02    65.0       98.55
   413.950    4.45    36.0  0.1046E+03  0.2144E-03  0.1029E+03    65.0       98.37
   415.890    4.47    37.0  0.1166E+03  0.1973E-03  0.1145E+03    65.0       98.21
   417.829    4.49    38.0  0.1286E+03  0.1809E-03  0.1261E+03    65.0       98.04
   419.769    4.51    39.0  0.1405E+03  0.1635E-03  0.1376E+03    65.0       97.88

     Querschnitte / mbarn

  E*/MeV   183At     184At     185At     186At     187At     188At     189At     190At     191At     192At  
    24.0 0.000E+00 0.000E+00 0.000E+00 0.000E+00 0.000E+00 0.000E+00 0.000E+00 0.805E-06 0.233E-05 0.000E+00
    25.0 0.000E+00 0.000E+00 0.000E+00 0.000E+00 0.000E+00 0.000E+00 0.000E+00 0.276E-05 0.158E-05 0.000E+00
    26.0 0.000E+00 0.000E+00 0.000E+00 0.000E+00 0.000E+00 0.000E+00 0.000E+00 0.674E-05 0.115E-05 0.000E+00
    27.0 0.000E+00 0.000E+00 0.000E+00 0.000E+00 0.000E+00 0.000E+00 0.000E+00 0.117E-04 0.885E-06 0.000E+00
    28.0 0.000E+00 0.000E+00 0.000E+00 0.000E+00 0.000E+00 0.000E+00 0.000E+00 0.151E-04 0.574E-06 0.000E+00
    29.0 0.000E+00 0.000E+00 0.000E+00 0.000E+00 0.000E+00 0.000E+00 0.000E+00 0.159E-04 0.325E-06 0.000E+00
    30.0 0.000E+00 0.000E+00 0.000E+00 0.000E+00 0.000E+00 0.000E+00 0.000E+00 0.146E-04 0.168E-06 0.000E+00
    31.0 0.000E+00 0.000E+00 0.000E+00 0.000E+00 0.000E+00 0.000E+00 0.452E-11 0.122E-04 0.840E-07 0.000E+00
    32.0 0.000E+00 0.000E+00 0.000E+00 0.000E+00 0.000E+00 0.000E+00 0.138E-09 0.946E-05 0.443E-07 0.000E+00
    33.0 0.000E+00 0.000E+00 0.000E+00 0.000E+00 0.000E+00 0.000E+00 0.161E-08 0.695E-05 0.239E-07 0.000E+00
    34.0 0.000E+00 0.000E+00 0.000E+00 0.000E+00 0.000E+00 0.000E+00 0.991E-08 0.489E-05 0.128E-07 0.000E+00
    35.0 0.000E+00 0.000E+00 0.000E+00 0.000E+00 0.000E+00 0.000E+00 0.369E-07 0.331E-05 0.000E+00 0.000E+00
    36.0 0.000E+00 0.000E+00 0.000E+00 0.000E+00 0.000E+00 0.000E+00 0.910E-07 0.218E-05 0.000E+00 0.000E+00
    37.0 0.000E+00 0.000E+00 0.000E+00 0.000E+00 0.000E+00 0.000E+00 0.161E-06 0.140E-05 0.000E+00 0.000E+00
    38.0 0.000E+00 0.000E+00 0.000E+00 0.000E+00 0.000E+00 0.000E+00 0.225E-06 0.886E-06 0.000E+00 0.000E+00
    39.0 0.000E+00 0.000E+00 0.000E+00 0.000E+00 0.000E+00 0.000E+00 0.262E-06 0.552E-06 0.000E+00 0.000E+00

  E*/MeV   182Po     183Po     184Po     185Po     186Po     187Po     188Po     189Po     190Po     191Po  
    24.0 0.000E+00 0.000E+00 0.000E+00 0.000E+00 0.000E+00 0.000E+00 0.000E+00 0.000E+00 0.215E-04 0.115E-04
    25.0 0.000E+00 0.000E+00 0.000E+00 0.000E+00 0.000E+00 0.000E+00 0.000E+00 0.681E-11 0.234E-04 0.754E-05
    26.0 0.000E+00 0.000E+00 0.000E+00 0.000E+00 0.000E+00 0.000E+00 0.000E+00 0.119E-09 0.227E-04 0.488E-05
    27.0 0.000E+00 0.000E+00 0.000E+00 0.000E+00 0.000E+00 0.000E+00 0.000E+00 0.963E-09 0.200E-04 0.308E-05
    28.0 0.000E+00 0.000E+00 0.000E+00 0.000E+00 0.000E+00 0.000E+00 0.000E+00 0.532E-08 0.163E-04 0.190E-05
    29.0 0.000E+00 0.000E+00 0.000E+00 0.000E+00 0.000E+00 0.000E+00 0.000E+00 0.234E-07 0.125E-04 0.113E-05
    30.0 0.000E+00 0.000E+00 0.000E+00 0.000E+00 0.000E+00 0.000E+00 0.000E+00 0.844E-07 0.910E-05 0.640E-06
    31.0 0.000E+00 0.000E+00 0.000E+00 0.000E+00 0.000E+00 0.000E+00 0.000E+00 0.254E-06 0.637E-05 0.331E-06
    32.0 0.000E+00 0.000E+00 0.000E+00 0.000E+00 0.000E+00 0.000E+00 0.000E+00 0.638E-06 0.430E-05 0.107E-06
    33.0 0.000E+00 0.000E+00 0.000E+00 0.000E+00 0.000E+00 0.000E+00 0.000E+00 0.136E-05 0.283E-05 0.469E-07
    34.0 0.000E+00 0.000E+00 0.000E+00 0.000E+00 0.000E+00 0.000E+00 0.000E+00 0.246E-05 0.181E-05 0.212E-07
    35.0 0.000E+00 0.000E+00 0.000E+00 0.000E+00 0.000E+00 0.000E+00 0.000E+00 0.385E-05 0.114E-05 0.114E-07
    36.0 0.000E+00 0.000E+00 0.000E+00 0.000E+00 0.000E+00 0.000E+00 0.000E+00 0.525E-05 0.705E-06 0.000E+00
    37.0 0.000E+00 0.000E+00 0.000E+00 0.000E+00 0.000E+00 0.000E+00 0.347E-11 0.635E-05 0.429E-06 0.000E+00
    38.0 0.000E+00 0.000E+00 0.000E+00 0.000E+00 0.000E+00 0.000E+00 0.251E-10 0.692E-05 0.258E-06 0.000E+00
    39.0 0.000E+00 0.000E+00 0.000E+00 0.000E+00 0.000E+00 0.000E+00 0.134E-09 0.689E-05 0.153E-06 0.000E+00

  E*/MeV   181Bi     182Bi     183Bi     184Bi     185Bi     186Bi     187Bi     188Bi     189Bi     190Bi  
    24.0 0.000E+00 0.000E+00 0.000E+00 0.000E+00 0.000E+00 0.000E+00 0.684E-05 0.105E-03 0.799E-08 0.120E-03
    25.0 0.000E+00 0.000E+00 0.000E+00 0.000E+00 0.000E+00 0.000E+00 0.143E-04 0.820E-04 0.383E-07 0.173E-03
    26.0 0.000E+00 0.000E+00 0.000E+00 0.000E+00 0.000E+00 0.000E+00 0.264E-04 0.613E-04 0.150E-06 0.228E-03
    27.0 0.000E+00 0.000E+00 0.000E+00 0.000E+00 0.000E+00 0.000E+00 0.428E-04 0.440E-04 0.495E-06 0.274E-03
    28.0 0.000E+00 0.000E+00 0.000E+00 0.000E+00 0.000E+00 0.000E+00 0.606E-04 0.305E-04 0.140E-05 0.303E-03
    29.0 0.000E+00 0.000E+00 0.000E+00 0.000E+00 0.000E+00 0.902E-10 0.754E-04 0.205E-04 0.349E-05 0.311E-03
    30.0 0.000E+00 0.000E+00 0.000E+00 0.000E+00 0.000E+00 0.708E-09 0.828E-04 0.135E-04 0.767E-05 0.297E-03
    31.0 0.000E+00 0.000E+00 0.000E+00 0.000E+00 0.000E+00 0.359E-08 0.816E-04 0.873E-05 0.151E-04 0.267E-03
    32.0 0.000E+00 0.000E+00 0.000E+00 0.000E+00 0.000E+00 0.141E-07 0.734E-04 0.556E-05 0.268E-04 0.227E-03
    33.0 0.000E+00 0.000E+00 0.000E+00 0.000E+00 0.000E+00 0.465E-07 0.611E-04 0.348E-05 0.431E-04 0.183E-03
    34.0 0.000E+00 0.000E+00 0.000E+00 0.000E+00 0.000E+00 0.133E-06 0.479E-04 0.214E-05 0.629E-04 0.142E-03
    35.0 0.000E+00 0.000E+00 0.000E+00 0.000E+00 0.000E+00 0.331E-06 0.357E-04 0.128E-05 0.838E-04 0.106E-03
    36.0 0.000E+00 0.000E+00 0.000E+00 0.000E+00 0.000E+00 0.735E-06 0.255E-04 0.741E-06 0.102E-03 0.768E-04
    37.0 0.000E+00 0.000E+00 0.000E+00 0.000E+00 0.000E+00 0.146E-05 0.176E-04 0.423E-06 0.116E-03 0.539E-04
    38.0 0.000E+00 0.000E+00 0.000E+00 0.000E+00 0.000E+00 0.260E-05 0.118E-04 0.249E-06 0.121E-03 0.369E-04
    39.0 0.000E+00 0.000E+00 0.000E+00 0.000E+00 0.000E+00 0.420E-05 0.768E-05 0.182E-06 0.119E-03 0.246E-04

 Z-Verteilung  
 E*/MeV     Bi         Po         At  
   24.0  0.232E-03 0.330E-04 0.313E-05
   25.0  0.269E-03 0.310E-04 0.434E-05
   26.0  0.316E-03 0.276E-04 0.788E-05
   27.0  0.361E-03 0.231E-04 0.126E-04
   28.0  0.396E-03 0.182E-04 0.157E-04
   29.0  0.410E-03 0.136E-04 0.163E-04
   30.0  0.401E-03 0.983E-05 0.148E-04
   31.0  0.372E-03 0.695E-05 0.123E-04
   32.0  0.333E-03 0.505E-05 0.950E-05
   33.0  0.291E-03 0.423E-05 0.697E-05
   34.0  0.255E-03 0.430E-05 0.491E-05
   35.0  0.227E-03 0.500E-05 0.335E-05
   36.0  0.206E-03 0.596E-05 0.227E-05
   37.0  0.189E-03 0.678E-05 0.157E-05
   38.0  0.173E-03 0.717E-05 0.111E-05
   39.0  0.156E-03 0.704E-05 0.814E-06

 Z und A Mittelwerte    
   E*/MeV     MW.Z  St.Abw.Z      MW.A  St.Abw.A
    24.0     83.15      0.39    189.19      1.09
    25.0     83.13      0.38    189.35      1.05
    26.0     83.12      0.39    189.44      1.04
    27.0     83.12      0.41    189.46      1.07
    28.0     83.12      0.42    189.44      1.12
    29.0     83.10      0.41    189.39      1.17
    30.0     83.09      0.39    189.34      1.21
    31.0     83.08      0.37    189.29      1.23
    32.0     83.07      0.35    189.26      1.22
    33.0     83.06      0.32    189.22      1.19
    34.0     83.05      0.30    189.19      1.12
    35.0     83.05      0.27    189.16      1.03
    36.0     83.05      0.26    189.12      0.93
    37.0     83.05      0.25    189.08      0.84
    38.0     83.05      0.25    189.04      0.77
    39.0     83.05      0.25    188.98      0.76

 HIVAP  CASOUT

   93Nb 99Ru 192At IFUS10 barfac0.53 sigr3.0 09/02/2023 13:44 Sitarcik  


     E_lab  A*MeV   E*/MeV     SI_fus      SI_VR     SI_Spalt  L_krit     b_Spalt

   421.708    4.53    40.0  0.1522E+03  0.1445E-03  0.1487E+03    65.0       97.73
   423.647    4.56    41.0  0.1634E+03  0.1247E-03  0.1594E+03    65.0       97.59
   425.587    4.58    42.0  0.1740E+03  0.1052E-03  0.1696E+03    65.0       97.45
   427.526    4.60    43.0  0.1839E+03  0.8707E-04  0.1790E+03    65.0       97.34
   429.466    4.62    44.0  0.1931E+03  0.7098E-04  0.1878E+03    65.0       97.24
   431.405    4.64    45.0  0.2015E+03  0.5760E-04  0.1958E+03    65.0       97.13
   433.344    4.66    46.0  0.2090E+03  0.4709E-04  0.2029E+03    65.0       97.06
   435.284    4.68    47.0  0.2157E+03  0.3939E-04  0.2092E+03    65.0       96.99
   437.223    4.70    48.0  0.2215E+03  0.3417E-04  0.2147E+03    65.0       96.93
   439.163    4.72    49.0  0.2265E+03  0.3089E-04  0.2194E+03    65.0       96.88
   441.102    4.74    50.0  0.2307E+03  0.2890E-04  0.2234E+03    65.0       96.84
   443.041    4.76    51.0  0.2341E+03  0.2759E-04  0.2266E+03    65.0       96.79
   444.981    4.78    52.0  0.2368E+03  0.2644E-04  0.2292E+03    65.0       96.77
   446.920    4.81    53.0  0.2390E+03  0.2512E-04  0.2312E+03    65.0       96.74
   448.860    4.83    54.0  0.2406E+03  0.2345E-04  0.2327E+03    65.0       96.72
   450.799    4.85    55.0  0.2416E+03  0.2145E-04  0.2337E+03    65.0       96.71

     Querschnitte / mbarn

  E*/MeV   183At     184At     185At     186At     187At     188At     189At     190At     191At     192At  
    40.0 0.000E+00 0.000E+00 0.000E+00 0.000E+00 0.000E+00 0.000E+00 0.269E-06 0.341E-06 0.000E+00 0.000E+00
    41.0 0.000E+00 0.000E+00 0.000E+00 0.000E+00 0.000E+00 0.000E+00 0.250E-06 0.210E-06 0.000E+00 0.000E+00
    42.0 0.000E+00 0.000E+00 0.000E+00 0.000E+00 0.000E+00 0.000E+00 0.215E-06 0.128E-06 0.000E+00 0.000E+00
    43.0 0.000E+00 0.000E+00 0.000E+00 0.000E+00 0.000E+00 0.295E-13 0.175E-06 0.775E-07 0.000E+00 0.000E+00
    44.0 0.000E+00 0.000E+00 0.000E+00 0.000E+00 0.000E+00 0.886E-12 0.135E-06 0.465E-07 0.000E+00 0.000E+00
    45.0 0.000E+00 0.000E+00 0.000E+00 0.000E+00 0.000E+00 0.108E-10 0.101E-06 0.275E-07 0.000E+00 0.000E+00
    46.0 0.000E+00 0.000E+00 0.000E+00 0.000E+00 0.000E+00 0.727E-10 0.731E-07 0.160E-07 0.000E+00 0.000E+00
    47.0 0.000E+00 0.000E+00 0.000E+00 0.000E+00 0.000E+00 0.316E-09 0.515E-07 0.707E-08 0.000E+00 0.000E+00
    48.0 0.000E+00 0.000E+00 0.000E+00 0.000E+00 0.000E+00 0.989E-09 0.356E-07 0.164E-08 0.000E+00 0.000E+00
    49.0 0.000E+00 0.000E+00 0.000E+00 0.000E+00 0.000E+00 0.238E-08 0.241E-07 0.103E-08 0.000E+00 0.000E+00
    50.0 0.000E+00 0.000E+00 0.000E+00 0.000E+00 0.000E+00 0.462E-08 0.161E-07 0.631E-09 0.000E+00 0.000E+00
    51.0 0.000E+00 0.000E+00 0.000E+00 0.000E+00 0.000E+00 0.745E-08 0.107E-07 0.000E+00 0.000E+00 0.000E+00
    52.0 0.000E+00 0.000E+00 0.000E+00 0.000E+00 0.000E+00 0.103E-07 0.700E-08 0.000E+00 0.000E+00 0.000E+00
    53.0 0.000E+00 0.000E+00 0.000E+00 0.000E+00 0.000E+00 0.127E-07 0.455E-08 0.000E+00 0.000E+00 0.000E+00
    54.0 0.000E+00 0.000E+00 0.000E+00 0.000E+00 0.000E+00 0.142E-07 0.294E-08 0.000E+00 0.000E+00 0.000E+00
    55.0 0.000E+00 0.000E+00 0.000E+00 0.000E+00 0.106E-13 0.148E-07 0.189E-08 0.000E+00 0.000E+00 0.000E+00

  E*/MeV   182Po     183Po     184Po     185Po     186Po     187Po     188Po     189Po     190Po     191Po  
    40.0 0.000E+00 0.000E+00 0.000E+00 0.000E+00 0.000E+00 0.000E+00 0.558E-09 0.636E-05 0.893E-07 0.000E+00
    41.0 0.000E+00 0.000E+00 0.000E+00 0.000E+00 0.000E+00 0.000E+00 0.185E-08 0.551E-05 0.475E-07 0.000E+00
    42.0 0.000E+00 0.000E+00 0.000E+00 0.000E+00 0.000E+00 0.000E+00 0.498E-08 0.453E-05 0.111E-07 0.000E+00
    43.0 0.000E+00 0.000E+00 0.000E+00 0.000E+00 0.000E+00 0.000E+00 0.112E-07 0.357E-05 0.000E+00 0.000E+00
    44.0 0.000E+00 0.000E+00 0.000E+00 0.000E+00 0.000E+00 0.000E+00 0.213E-07 0.271E-05 0.000E+00 0.000E+00
    45.0 0.000E+00 0.000E+00 0.000E+00 0.000E+00 0.000E+00 0.000E+00 0.352E-07 0.199E-05 0.000E+00 0.000E+00
    46.0 0.000E+00 0.000E+00 0.000E+00 0.000E+00 0.000E+00 0.000E+00 0.510E-07 0.143E-05 0.000E+00 0.000E+00
    47.0 0.000E+00 0.000E+00 0.000E+00 0.000E+00 0.000E+00 0.000E+00 0.662E-07 0.100E-05 0.000E+00 0.000E+00
    48.0 0.000E+00 0.000E+00 0.000E+00 0.000E+00 0.000E+00 0.000E+00 0.782E-07 0.691E-06 0.000E+00 0.000E+00
    49.0 0.000E+00 0.000E+00 0.000E+00 0.000E+00 0.000E+00 0.131E-12 0.852E-07 0.469E-06 0.000E+00 0.000E+00
    50.0 0.000E+00 0.000E+00 0.000E+00 0.000E+00 0.000E+00 0.734E-12 0.867E-07 0.314E-06 0.000E+00 0.000E+00
    51.0 0.000E+00 0.000E+00 0.000E+00 0.000E+00 0.000E+00 0.334E-11 0.832E-07 0.208E-06 0.000E+00 0.000E+00
    52.0 0.000E+00 0.000E+00 0.000E+00 0.000E+00 0.000E+00 0.128E-10 0.761E-07 0.137E-06 0.000E+00 0.000E+00
    53.0 0.000E+00 0.000E+00 0.000E+00 0.000E+00 0.000E+00 0.424E-10 0.666E-07 0.890E-07 0.000E+00 0.000E+00
    54.0 0.000E+00 0.000E+00 0.000E+00 0.000E+00 0.000E+00 0.121E-09 0.563E-07 0.576E-07 0.000E+00 0.000E+00
    55.0 0.000E+00 0.000E+00 0.000E+00 0.000E+00 0.000E+00 0.302E-09 0.462E-07 0.369E-07 0.000E+00 0.000E+00

  E*/MeV   181Bi     182Bi     183Bi     184Bi     185Bi     186Bi     187Bi     188Bi     189Bi     190Bi  
    40.0 0.000E+00 0.000E+00 0.000E+00 0.000E+00 0.000E+00 0.615E-05 0.492E-05 0.199E-06 0.110E-03 0.162E-04
    41.0 0.000E+00 0.000E+00 0.000E+00 0.000E+00 0.575E-10 0.819E-05 0.309E-05 0.362E-06 0.967E-04 0.104E-04
    42.0 0.000E+00 0.000E+00 0.000E+00 0.000E+00 0.245E-09 0.995E-05 0.192E-05 0.717E-06 0.812E-04 0.661E-05
    43.0 0.000E+00 0.000E+00 0.000E+00 0.000E+00 0.870E-09 0.111E-04 0.117E-05 0.133E-05 0.655E-04 0.414E-05
    44.0 0.000E+00 0.000E+00 0.000E+00 0.000E+00 0.267E-08 0.114E-04 0.710E-06 0.229E-05 0.511E-04 0.257E-05
    45.0 0.000E+00 0.000E+00 0.000E+00 0.000E+00 0.718E-08 0.109E-04 0.427E-06 0.380E-05 0.387E-04 0.157E-05
    46.0 0.000E+00 0.000E+00 0.000E+00 0.000E+00 0.172E-07 0.985E-05 0.255E-06 0.585E-05 0.286E-04 0.956E-06
    47.0 0.000E+00 0.000E+00 0.000E+00 0.000E+00 0.368E-07 0.844E-05 0.151E-06 0.840E-05 0.207E-04 0.576E-06
    48.0 0.000E+00 0.000E+00 0.000E+00 0.000E+00 0.708E-07 0.693E-05 0.891E-07 0.113E-04 0.146E-04 0.344E-06
    49.0 0.000E+00 0.000E+00 0.000E+00 0.000E+00 0.123E-06 0.549E-05 0.532E-07 0.142E-04 0.102E-04 0.203E-06
    50.0 0.000E+00 0.000E+00 0.000E+00 0.000E+00 0.194E-06 0.421E-05 0.335E-07 0.169E-04 0.702E-05 0.119E-06
    51.0 0.000E+00 0.000E+00 0.000E+00 0.000E+00 0.277E-06 0.315E-05 0.252E-07 0.190E-04 0.477E-05 0.670E-07
    52.0 0.000E+00 0.000E+00 0.000E+00 0.000E+00 0.363E-06 0.230E-05 0.291E-07 0.203E-04 0.321E-05 0.358E-07
    53.0 0.000E+00 0.000E+00 0.000E+00 0.000E+00 0.439E-06 0.165E-05 0.484E-07 0.207E-04 0.214E-05 0.180E-07
    54.0 0.000E+00 0.000E+00 0.000E+00 0.215E-11 0.493E-06 0.117E-05 0.899E-07 0.202E-04 0.141E-05 0.548E-08
    55.0 0.000E+00 0.000E+00 0.000E+00 0.822E-11 0.520E-06 0.812E-06 0.160E-06 0.189E-04 0.926E-06 0.000E+00

 Z-Verteilung  
 E*/MeV     Bi         Po         At  
   40.0  0.137E-03 0.645E-05 0.610E-06
   41.0  0.119E-03 0.556E-05 0.459E-06
   42.0  0.100E-03 0.455E-05 0.343E-06
   43.0  0.832E-04 0.358E-05 0.252E-06
   44.0  0.681E-04 0.273E-05 0.182E-06
   45.0  0.554E-04 0.203E-05 0.129E-06
   46.0  0.455E-04 0.148E-05 0.891E-07
   47.0  0.383E-04 0.107E-05 0.589E-07
   48.0  0.334E-04 0.770E-06 0.382E-07
   49.0  0.303E-04 0.554E-06 0.275E-07
   50.0  0.285E-04 0.401E-06 0.214E-07
   51.0  0.273E-04 0.291E-06 0.181E-07
   52.0  0.262E-04 0.213E-06 0.173E-07
   53.0  0.249E-04 0.156E-06 0.173E-07
   54.0  0.233E-04 0.114E-06 0.172E-07
   55.0  0.213E-04 0.834E-07 0.166E-07

 Z und A Mittelwerte    
   E*/MeV     MW.Z  St.Abw.Z      MW.A  St.Abw.A
    40.0     83.05      0.24    188.92      0.79
    41.0     83.05      0.24    188.84      0.87
    42.0     83.05      0.23    188.74      0.96
    43.0     83.05      0.22    188.62      1.06
    44.0     83.04      0.22    188.50      1.14
    45.0     83.04      0.21    188.38      1.20
    46.0     83.04      0.19    188.26      1.23
    47.0     83.03      0.18    188.15      1.21
    48.0     83.02      0.16    188.06      1.15
    49.0     83.02      0.15    187.99      1.06
    50.0     83.02      0.13    187.95      0.96
    51.0     83.01      0.11    187.93      0.86
    52.0     83.01      0.10    187.91      0.77
    53.0     83.01      0.09    187.90      0.71
    54.0     83.01      0.09    187.90      0.67
    55.0     83.01      0.08    187.89      0.64

 HIVAP  CASOUT

   93Nb 99Ru 192At IFUS10 barfac0.53 sigr3.0 09/02/2023 13:44 Sitarcik  


     E_lab  A*MeV   E*/MeV     SI_fus      SI_VR     SI_Spalt  L_krit     b_Spalt

   452.738    4.87    56.0  0.2423E+03  0.1921E-04  0.2343E+03    65.0       96.70
   454.678    4.89    57.0  0.2427E+03  0.1686E-04  0.2346E+03    65.0       96.69
   456.617    4.91    58.0  0.2427E+03  0.1454E-04  0.2347E+03    65.0       96.69
   458.557    4.93    59.0  0.2425E+03  0.1238E-04  0.2345E+03    65.0       96.69
   460.496    4.95    60.0  0.2421E+03  0.1045E-04  0.2341E+03    65.0       96.69
   462.435    4.97    61.0  0.2416E+03  0.8767E-05  0.2336E+03    65.0       96.70
   464.375    4.99    62.0  0.2409E+03  0.7338E-05  0.2330E+03    65.0       96.71
   466.314    5.01    63.0  0.2402E+03  0.6139E-05  0.2323E+03    65.0       96.71
   468.253    5.03    64.0  0.2394E+03  0.5135E-05  0.2315E+03    65.0       96.72
   470.193    5.06    65.0  0.2385E+03  0.4302E-05  0.2307E+03    65.0       96.73
   472.132    5.08    66.0  0.2376E+03  0.3587E-05  0.2298E+03    65.0       96.74
   474.072    5.10    67.0  0.2366E+03  0.2995E-05  0.2290E+03    65.0       96.76
   476.011    5.12    68.0  0.2357E+03  0.2483E-05  0.2281E+03    65.0       96.77
   477.950    5.14    69.0  0.2348E+03  0.2048E-05  0.2272E+03    65.0       96.78
   479.890    5.16    70.0  0.2338E+03  0.1684E-05  0.2263E+03    65.0       96.79
   481.829    5.18    71.0  0.2329E+03  0.1363E-05  0.2254E+03    65.0       96.80

     Querschnitte / mbarn

  E*/MeV   183At     184At     185At     186At     187At     188At     189At     190At     191At     192At  
    56.0 0.000E+00 0.000E+00 0.000E+00 0.000E+00 0.941E-13 0.143E-07 0.120E-08 0.000E+00 0.000E+00 0.000E+00
    57.0 0.000E+00 0.000E+00 0.000E+00 0.000E+00 0.545E-12 0.133E-07 0.733E-09 0.000E+00 0.000E+00 0.000E+00
    58.0 0.000E+00 0.000E+00 0.000E+00 0.000E+00 0.223E-11 0.117E-07 0.393E-09 0.000E+00 0.000E+00 0.000E+00
    59.0 0.000E+00 0.000E+00 0.000E+00 0.000E+00 0.685E-11 0.100E-07 0.162E-09 0.000E+00 0.000E+00 0.000E+00
    60.0 0.000E+00 0.000E+00 0.000E+00 0.000E+00 0.166E-10 0.828E-08 0.000E+00 0.000E+00 0.000E+00 0.000E+00
    61.0 0.000E+00 0.000E+00 0.000E+00 0.000E+00 0.329E-10 0.668E-08 0.000E+00 0.000E+00 0.000E+00 0.000E+00
    62.0 0.000E+00 0.000E+00 0.000E+00 0.000E+00 0.556E-10 0.527E-08 0.000E+00 0.000E+00 0.000E+00 0.000E+00
    63.0 0.000E+00 0.000E+00 0.000E+00 0.000E+00 0.825E-10 0.408E-08 0.000E+00 0.000E+00 0.000E+00 0.000E+00
    64.0 0.000E+00 0.000E+00 0.000E+00 0.000E+00 0.110E-09 0.311E-08 0.000E+00 0.000E+00 0.000E+00 0.000E+00
    65.0 0.000E+00 0.000E+00 0.000E+00 0.000E+00 0.135E-09 0.233E-08 0.000E+00 0.000E+00 0.000E+00 0.000E+00
    66.0 0.000E+00 0.000E+00 0.000E+00 0.000E+00 0.154E-09 0.173E-08 0.000E+00 0.000E+00 0.000E+00 0.000E+00
    67.0 0.000E+00 0.000E+00 0.000E+00 0.000E+00 0.165E-09 0.126E-08 0.000E+00 0.000E+00 0.000E+00 0.000E+00
    68.0 0.000E+00 0.000E+00 0.000E+00 0.187E-15 0.169E-09 0.918E-09 0.000E+00 0.000E+00 0.000E+00 0.000E+00
    69.0 0.000E+00 0.000E+00 0.000E+00 0.139E-14 0.165E-09 0.660E-09 0.000E+00 0.000E+00 0.000E+00 0.000E+00
    70.0 0.000E+00 0.000E+00 0.000E+00 0.741E-14 0.155E-09 0.472E-09 0.000E+00 0.000E+00 0.000E+00 0.000E+00
    71.0 0.000E+00 0.000E+00 0.000E+00 0.300E-13 0.142E-09 0.335E-09 0.000E+00 0.000E+00 0.000E+00 0.000E+00

  E*/MeV   182Po     183Po     184Po     185Po     186Po     187Po     188Po     189Po     190Po     191Po  
    56.0 0.000E+00 0.000E+00 0.000E+00 0.000E+00 0.000E+00 0.661E-09 0.369E-07 0.235E-07 0.000E+00 0.000E+00
    57.0 0.000E+00 0.000E+00 0.000E+00 0.000E+00 0.000E+00 0.128E-08 0.288E-07 0.146E-07 0.000E+00 0.000E+00
    58.0 0.000E+00 0.000E+00 0.000E+00 0.000E+00 0.000E+00 0.223E-08 0.220E-07 0.873E-08 0.000E+00 0.000E+00
    59.0 0.000E+00 0.000E+00 0.000E+00 0.000E+00 0.000E+00 0.350E-08 0.166E-07 0.501E-08 0.000E+00 0.000E+00
    60.0 0.000E+00 0.000E+00 0.000E+00 0.000E+00 0.000E+00 0.501E-08 0.123E-07 0.213E-08 0.000E+00 0.000E+00
    61.0 0.000E+00 0.000E+00 0.000E+00 0.000E+00 0.441E-14 0.664E-08 0.897E-08 0.530E-09 0.000E+00 0.000E+00
    62.0 0.000E+00 0.000E+00 0.000E+00 0.000E+00 0.219E-13 0.819E-08 0.649E-08 0.000E+00 0.000E+00 0.000E+00
    63.0 0.000E+00 0.000E+00 0.000E+00 0.000E+00 0.902E-13 0.949E-08 0.464E-08 0.000E+00 0.000E+00 0.000E+00
    64.0 0.000E+00 0.000E+00 0.000E+00 0.000E+00 0.312E-12 0.104E-07 0.329E-08 0.000E+00 0.000E+00 0.000E+00
    65.0 0.000E+00 0.000E+00 0.000E+00 0.000E+00 0.923E-12 0.109E-07 0.231E-08 0.000E+00 0.000E+00 0.000E+00
    66.0 0.000E+00 0.000E+00 0.000E+00 0.000E+00 0.236E-11 0.109E-07 0.160E-08 0.000E+00 0.000E+00 0.000E+00
    67.0 0.000E+00 0.000E+00 0.000E+00 0.000E+00 0.531E-11 0.106E-07 0.110E-08 0.000E+00 0.000E+00 0.000E+00
    68.0 0.000E+00 0.000E+00 0.000E+00 0.000E+00 0.106E-10 0.991E-08 0.737E-09 0.000E+00 0.000E+00 0.000E+00
    69.0 0.000E+00 0.000E+00 0.000E+00 0.000E+00 0.191E-10 0.901E-08 0.470E-09 0.000E+00 0.000E+00 0.000E+00
    70.0 0.000E+00 0.000E+00 0.000E+00 0.000E+00 0.312E-10 0.799E-08 0.276E-09 0.000E+00 0.000E+00 0.000E+00
    71.0 0.000E+00 0.000E+00 0.000E+00 0.000E+00 0.470E-10 0.693E-08 0.888E-10 0.000E+00 0.000E+00 0.000E+00

  E*/MeV   181Bi     182Bi     183Bi     184Bi     185Bi     186Bi     187Bi     188Bi     189Bi     190Bi  
    56.0 0.000E+00 0.000E+00 0.000E+00 0.272E-10 0.518E-06 0.559E-06 0.267E-06 0.172E-04 0.603E-06 0.000E+00
    57.0 0.000E+00 0.000E+00 0.000E+00 0.795E-10 0.491E-06 0.381E-06 0.414E-06 0.151E-04 0.390E-06 0.000E+00
    58.0 0.000E+00 0.000E+00 0.000E+00 0.208E-09 0.447E-06 0.257E-06 0.598E-06 0.129E-04 0.251E-06 0.000E+00
    59.0 0.000E+00 0.000E+00 0.000E+00 0.492E-09 0.392E-06 0.173E-06 0.810E-06 0.108E-04 0.160E-06 0.000E+00
    60.0 0.000E+00 0.000E+00 0.000E+00 0.105E-08 0.333E-06 0.115E-06 0.103E-05 0.884E-05 0.101E-06 0.000E+00
    61.0 0.000E+00 0.000E+00 0.000E+00 0.206E-08 0.275E-06 0.763E-07 0.124E-05 0.708E-05 0.629E-07 0.000E+00
    62.0 0.000E+00 0.000E+00 0.000E+00 0.371E-08 0.222E-06 0.504E-07 0.143E-05 0.558E-05 0.391E-07 0.000E+00
    63.0 0.000E+00 0.000E+00 0.000E+00 0.613E-08 0.175E-06 0.333E-07 0.156E-05 0.432E-05 0.234E-07 0.000E+00
    64.0 0.000E+00 0.000E+00 0.000E+00 0.939E-08 0.136E-06 0.222E-07 0.164E-05 0.330E-05 0.132E-07 0.000E+00
    65.0 0.000E+00 0.000E+00 0.000E+00 0.134E-07 0.104E-06 0.154E-07 0.166E-05 0.249E-05 0.694E-08 0.000E+00
    66.0 0.000E+00 0.000E+00 0.000E+00 0.178E-07 0.783E-07 0.117E-07 0.162E-05 0.185E-05 0.165E-08 0.000E+00
    67.0 0.000E+00 0.000E+00 0.526E-12 0.223E-07 0.583E-07 0.108E-07 0.153E-05 0.136E-05 0.000E+00 0.000E+00
    68.0 0.000E+00 0.000E+00 0.159E-11 0.264E-07 0.429E-07 0.126E-07 0.141E-05 0.980E-06 0.000E+00 0.000E+00
    69.0 0.000E+00 0.000E+00 0.431E-11 0.298E-07 0.312E-07 0.170E-07 0.127E-05 0.694E-06 0.000E+00 0.000E+00
    70.0 0.000E+00 0.000E+00 0.106E-10 0.320E-07 0.226E-07 0.245E-07 0.111E-05 0.485E-06 0.000E+00 0.000E+00
    71.0 0.000E+00 0.000E+00 0.236E-10 0.330E-07 0.162E-07 0.351E-07 0.956E-06 0.315E-06 0.000E+00 0.000E+00

 Z-Verteilung  
 E*/MeV     Bi         Po         At  
   56.0  0.191E-04 0.610E-07 0.155E-07
   57.0  0.168E-04 0.447E-07 0.140E-07
   58.0  0.145E-04 0.330E-07 0.121E-07
   59.0  0.123E-04 0.251E-07 0.102E-07
   60.0  0.104E-04 0.194E-07 0.830E-08
   61.0  0.874E-05 0.161E-07 0.672E-08
   62.0  0.732E-05 0.147E-07 0.533E-08
   63.0  0.612E-05 0.141E-07 0.416E-08
   64.0  0.512E-05 0.137E-07 0.322E-08
   65.0  0.429E-05 0.132E-07 0.246E-08
   66.0  0.357E-05 0.125E-07 0.188E-08
   67.0  0.298E-05 0.117E-07 0.143E-08
   68.0  0.247E-05 0.107E-07 0.109E-08
   69.0  0.204E-05 0.950E-08 0.825E-09
   70.0  0.168E-05 0.830E-08 0.627E-09
   71.0  0.136E-05 0.706E-08 0.476E-09

 Z und A Mittelwerte    
   E*/MeV     MW.Z  St.Abw.Z      MW.A  St.Abw.A
    56.0     83.00      0.08    187.88      0.63
    57.0     83.00      0.08    187.87      0.62
    58.0     83.00      0.07    187.85      0.62
    59.0     83.00      0.07    187.82      0.62
    60.0     83.00      0.07    187.79      0.63
    61.0     83.00      0.07    187.75      0.64
    62.0     83.00      0.07    187.70      0.65
    63.0     83.00      0.07    187.65      0.66
    64.0     83.00      0.07    187.59      0.66
    65.0     83.00      0.07    187.52      0.67
    66.0     83.00      0.07    187.45      0.67
    67.0     83.00      0.08    187.39      0.67
    68.0     83.01      0.08    187.32      0.68
    69.0     83.01      0.08    187.26      0.69
    70.0     83.01      0.08    187.19      0.70
    71.0     83.01      0.08    187.11      0.71

 HIVAP  CASOUT

   93Nb 99Ru 192At IFUS10 barfac0.53 sigr3.0 09/02/2023 13:44 Sitarcik  


     E_lab  A*MeV   E*/MeV     SI_fus      SI_VR     SI_Spalt  L_krit     b_Spalt

   483.769    5.20    72.0  0.2319E+03  0.1105E-05  0.2245E+03    65.0       96.81
   485.708    5.22    73.0  0.2310E+03  0.8699E-06  0.2237E+03    65.0       96.82
   487.647    5.24    74.0  0.2301E+03  0.6914E-06  0.2228E+03    65.0       96.83
   489.587    5.26    75.0  0.2292E+03  0.5811E-06  0.2219E+03    65.0       96.84
   491.526    5.29    76.0  0.2283E+03  0.5011E-06  0.2211E+03    65.0       96.85
   493.466    5.31    77.0  0.2274E+03  0.4381E-06  0.2202E+03    65.0       96.86
   495.405    5.33    78.0  0.2265E+03  0.3837E-06  0.2194E+03    65.0       96.87
   497.344    5.35    79.0  0.2256E+03  0.3369E-06  0.2185E+03    65.0       96.87
   499.284    5.37    80.0  0.2247E+03  0.2919E-06  0.2177E+03    65.0       96.88
   501.223    5.39    81.0  0.2239E+03  0.2473E-06  0.2169E+03    65.0       96.89
   503.163    5.41    82.0  0.2230E+03  0.1911E-06  0.2161E+03    65.0       96.90
   505.102    5.43    83.0  0.2221E+03  0.1663E-06  0.2153E+03    65.0       96.91
   507.041    5.45    84.0  0.2213E+03  0.1534E-06  0.2145E+03    65.0       96.92
   508.981    5.47    85.0  0.2204E+03  0.1531E+01  0.2099E+03    65.0       95.20
   510.920    5.49    86.0  0.2196E+03  0.1494E+01  0.2090E+03    65.0       95.15
   512.860    5.51    87.0  0.2188E+03  0.1457E+01  0.2081E+03    65.0       95.11

     Querschnitte / mbarn

  E*/MeV   183At     184At     185At     186At     187At     188At     189At     190At     191At     192At  
    72.0 0.000E+00 0.000E+00 0.000E+00 0.962E-13 0.126E-09 0.236E-09 0.000E+00 0.000E+00 0.000E+00 0.000E+00
    73.0 0.000E+00 0.000E+00 0.000E+00 0.253E-12 0.109E-09 0.165E-09 0.000E+00 0.000E+00 0.000E+00 0.000E+00
    74.0 0.000E+00 0.000E+00 0.000E+00 0.564E-12 0.928E-10 0.114E-09 0.000E+00 0.000E+00 0.000E+00 0.000E+00
    75.0 0.000E+00 0.000E+00 0.000E+00 0.109E-11 0.774E-10 0.783E-10 0.000E+00 0.000E+00 0.000E+00 0.000E+00
    76.0 0.000E+00 0.000E+00 0.000E+00 0.187E-11 0.634E-10 0.526E-10 0.000E+00 0.000E+00 0.000E+00 0.000E+00
    77.0 0.000E+00 0.000E+00 0.000E+00 0.290E-11 0.512E-10 0.333E-10 0.000E+00 0.000E+00 0.000E+00 0.000E+00
    78.0 0.000E+00 0.000E+00 0.000E+00 0.412E-11 0.408E-10 0.169E-10 0.000E+00 0.000E+00 0.000E+00 0.000E+00
    79.0 0.000E+00 0.000E+00 0.000E+00 0.546E-11 0.322E-10 0.724E-11 0.000E+00 0.000E+00 0.000E+00 0.000E+00
    80.0 0.000E+00 0.000E+00 0.438E-17 0.679E-11 0.251E-10 0.307E-11 0.000E+00 0.000E+00 0.000E+00 0.000E+00
    81.0 0.000E+00 0.000E+00 0.242E-16 0.800E-11 0.194E-10 0.000E+00 0.000E+00 0.000E+00 0.000E+00 0.000E+00
    82.0 0.000E+00 0.000E+00 0.104E-15 0.900E-11 0.148E-10 0.000E+00 0.000E+00 0.000E+00 0.000E+00 0.000E+00
    83.0 0.000E+00 0.000E+00 0.363E-15 0.972E-11 0.113E-10 0.000E+00 0.000E+00 0.000E+00 0.000E+00 0.000E+00
    84.0 0.000E+00 0.000E+00 0.105E-14 0.101E-10 0.847E-11 0.000E+00 0.000E+00 0.000E+00 0.000E+00 0.000E+00
    85.0 0.000E+00 0.000E+00 0.000E+00 0.000E+00 0.632E-11 0.000E+00 0.000E+00 0.000E+00 0.000E+00 0.153E+01
    86.0 0.000E+00 0.000E+00 0.000E+00 0.000E+00 0.470E-11 0.000E+00 0.000E+00 0.000E+00 0.000E+00 0.149E+01
    87.0 0.000E+00 0.000E+00 0.000E+00 0.000E+00 0.340E-11 0.000E+00 0.000E+00 0.000E+00 0.000E+00 0.146E+01

  E*/MeV   182Po     183Po     184Po     185Po     186Po     187Po     188Po     189Po     190Po     191Po  
    72.0 0.000E+00 0.000E+00 0.000E+00 0.000E+00 0.656E-10 0.589E-08 0.000E+00 0.000E+00 0.000E+00 0.000E+00
    73.0 0.000E+00 0.000E+00 0.000E+00 0.813E-15 0.860E-10 0.491E-08 0.000E+00 0.000E+00 0.000E+00 0.000E+00
    74.0 0.000E+00 0.000E+00 0.000E+00 0.237E-14 0.106E-09 0.403E-08 0.000E+00 0.000E+00 0.000E+00 0.000E+00
    75.0 0.000E+00 0.000E+00 0.000E+00 0.596E-14 0.125E-09 0.327E-08 0.000E+00 0.000E+00 0.000E+00 0.000E+00
    76.0 0.000E+00 0.000E+00 0.000E+00 0.137E-13 0.140E-09 0.261E-08 0.000E+00 0.000E+00 0.000E+00 0.000E+00
    77.0 0.000E+00 0.000E+00 0.000E+00 0.302E-13 0.151E-09 0.206E-08 0.000E+00 0.000E+00 0.000E+00 0.000E+00
    78.0 0.000E+00 0.000E+00 0.000E+00 0.654E-13 0.157E-09 0.161E-08 0.000E+00 0.000E+00 0.000E+00 0.000E+00
    79.0 0.000E+00 0.000E+00 0.000E+00 0.138E-12 0.158E-09 0.125E-08 0.000E+00 0.000E+00 0.000E+00 0.000E+00
    80.0 0.000E+00 0.000E+00 0.000E+00 0.283E-12 0.155E-09 0.956E-09 0.000E+00 0.000E+00 0.000E+00 0.000E+00
    81.0 0.000E+00 0.000E+00 0.000E+00 0.548E-12 0.148E-09 0.727E-09 0.000E+00 0.000E+00 0.000E+00 0.000E+00
    82.0 0.000E+00 0.000E+00 0.000E+00 0.999E-12 0.138E-09 0.549E-09 0.000E+00 0.000E+00 0.000E+00 0.000E+00
    83.0 0.000E+00 0.000E+00 0.000E+00 0.171E-11 0.126E-09 0.411E-09 0.000E+00 0.000E+00 0.000E+00 0.000E+00
    84.0 0.000E+00 0.000E+00 0.000E+00 0.274E-11 0.113E-09 0.305E-09 0.000E+00 0.000E+00 0.000E+00 0.000E+00
    85.0 0.000E+00 0.000E+00 0.000E+00 0.273E-11 0.897E-10 0.226E-09 0.000E+00 0.000E+00 0.000E+00 0.000E+00
    86.0 0.000E+00 0.000E+00 0.000E+00 0.401E-11 0.780E-10 0.164E-09 0.000E+00 0.000E+00 0.000E+00 0.000E+00
    87.0 0.000E+00 0.000E+00 0.720E-17 0.554E-11 0.668E-10 0.118E-09 0.000E+00 0.000E+00 0.000E+00 0.000E+00

  E*/MeV   181Bi     182Bi     183Bi     184Bi     185Bi     186Bi     187Bi     188Bi     189Bi     190Bi  
    72.0 0.000E+00 0.000E+00 0.481E-10 0.328E-07 0.115E-07 0.487E-07 0.807E-06 0.198E-06 0.000E+00 0.000E+00
    73.0 0.000E+00 0.000E+00 0.901E-10 0.316E-07 0.816E-08 0.648E-07 0.671E-06 0.894E-07 0.000E+00 0.000E+00
    74.0 0.000E+00 0.000E+00 0.156E-09 0.296E-07 0.575E-08 0.827E-07 0.548E-06 0.207E-07 0.000E+00 0.000E+00
    75.0 0.000E+00 0.000E+00 0.249E-09 0.269E-07 0.404E-08 0.101E-06 0.442E-06 0.357E-08 0.000E+00 0.000E+00
    76.0 0.000E+00 0.000E+00 0.372E-09 0.240E-07 0.286E-08 0.119E-06 0.352E-06 0.000E+00 0.000E+00 0.000E+00
    77.0 0.000E+00 0.000E+00 0.520E-09 0.209E-07 0.206E-08 0.135E-06 0.278E-06 0.000E+00 0.000E+00 0.000E+00
    78.0 0.000E+00 0.000E+00 0.687E-09 0.179E-07 0.157E-08 0.148E-06 0.214E-06 0.000E+00 0.000E+00 0.000E+00
    79.0 0.000E+00 0.000E+00 0.858E-09 0.151E-07 0.133E-08 0.157E-06 0.162E-06 0.000E+00 0.000E+00 0.000E+00
    80.0 0.000E+00 0.000E+00 0.102E-08 0.125E-07 0.132E-08 0.161E-06 0.114E-06 0.000E+00 0.000E+00 0.000E+00
    81.0 0.000E+00 0.277E-13 0.117E-08 0.102E-07 0.151E-08 0.162E-06 0.714E-07 0.000E+00 0.000E+00 0.000E+00
    82.0 0.000E+00 0.744E-13 0.128E-08 0.826E-08 0.192E-08 0.159E-06 0.200E-07 0.000E+00 0.000E+00 0.000E+00
    83.0 0.000E+00 0.183E-12 0.136E-08 0.660E-08 0.252E-08 0.152E-06 0.296E-08 0.000E+00 0.000E+00 0.000E+00
    84.0 0.000E+00 0.414E-12 0.139E-08 0.522E-08 0.329E-08 0.143E-06 0.000E+00 0.000E+00 0.000E+00 0.000E+00
    85.0 0.000E+00 0.000E+00 0.000E+00 0.000E+00 0.000E+00 0.000E+00 0.000E+00 0.000E+00 0.000E+00 0.000E+00
    86.0 0.000E+00 0.000E+00 0.000E+00 0.000E+00 0.000E+00 0.000E+00 0.000E+00 0.000E+00 0.000E+00 0.000E+00
    87.0 0.000E+00 0.000E+00 0.000E+00 0.000E+00 0.000E+00 0.000E+00 0.000E+00 0.000E+00 0.000E+00 0.000E+00

 Z-Verteilung  
 E*/MeV     Bi         Po         At  
   72.0  0.110E-05 0.595E-08 0.362E-09
   73.0  0.865E-06 0.500E-08 0.275E-09
   74.0  0.687E-06 0.414E-08 0.207E-09
   75.0  0.578E-06 0.339E-08 0.157E-09
   76.0  0.498E-06 0.275E-08 0.118E-09
   77.0  0.436E-06 0.221E-08 0.874E-10
   78.0  0.382E-06 0.177E-08 0.619E-10
   79.0  0.335E-06 0.140E-08 0.449E-10
   80.0  0.291E-06 0.111E-08 0.349E-10
   81.0  0.246E-06 0.875E-09 0.274E-10
   82.0  0.190E-06 0.688E-09 0.238E-10
   83.0  0.166E-06 0.538E-09 0.210E-10
   84.0  0.153E-06 0.421E-09 0.186E-10
   85.0  0.000E+00 0.318E-09 0.153E+01
   86.0  0.000E+00 0.246E-09 0.149E+01
   87.0  0.000E+00 0.190E-09 0.146E+01

 Z und A Mittelwerte    
   E*/MeV     MW.Z  St.Abw.Z      MW.A  St.Abw.A
    72.0     83.01      0.08    187.03      0.73
    73.0     83.01      0.08    186.90      0.73
    74.0     83.01      0.08    186.76      0.72
    75.0     83.01      0.08    186.68      0.73
    76.0     83.01      0.08    186.60      0.74
    77.0     83.01      0.08    186.53      0.75
    78.0     83.00      0.07    186.46      0.75
    79.0     83.00      0.07    186.38      0.74
    80.0     83.00      0.07    186.29      0.72
    81.0     83.00      0.06    186.19      0.69
    82.0     83.00      0.06    185.99      0.59
    83.0     83.00      0.06    185.90      0.51
    84.0     83.00      0.06    185.89      0.48
    85.0     85.00      0.00    192.00      0.00
    86.0     85.00      0.00    192.00      0.00
    87.0     85.00      0.00    192.00      0.00

 HIVAP  CASOUT

   93Nb 99Ru 192At IFUS10 barfac0.53 sigr3.0 09/02/2023 13:44 Sitarcik  


     E_lab  A*MeV   E*/MeV     SI_fus      SI_VR     SI_Spalt  L_krit     b_Spalt

   514.799    5.54    88.0  0.2180E+03  0.1422E+01  0.2072E+03    65.0       95.06
   516.738    5.56    89.0  0.2171E+03  0.1387E+01  0.2063E+03    65.0       95.01
   518.678    5.58    90.0  0.2163E+03  0.1353E+01  0.2054E+03    65.0       94.97
   520.617    5.60    91.0  0.2155E+03  0.1320E+01  0.2046E+03    65.0       94.92

     Querschnitte / mbarn

  E*/MeV   183At     184At     185At     186At     187At     188At     189At     190At     191At     192At  
    88.0 0.000E+00 0.000E+00 0.000E+00 0.000E+00 0.245E-11 0.000E+00 0.000E+00 0.000E+00 0.000E+00 0.142E+01
    89.0 0.000E+00 0.000E+00 0.000E+00 0.000E+00 0.163E-11 0.000E+00 0.000E+00 0.000E+00 0.000E+00 0.139E+01
    90.0 0.000E+00 0.000E+00 0.000E+00 0.000E+00 0.983E-12 0.000E+00 0.000E+00 0.000E+00 0.000E+00 0.135E+01
    91.0 0.000E+00 0.000E+00 0.000E+00 0.000E+00 0.463E-12 0.000E+00 0.000E+00 0.000E+00 0.000E+00 0.132E+01

  E*/MeV   182Po     183Po     184Po     185Po     186Po     187Po     188Po     189Po     190Po     191Po  
    88.0 0.000E+00 0.000E+00 0.257E-16 0.729E-11 0.565E-10 0.828E-10 0.000E+00 0.000E+00 0.000E+00 0.000E+00
    89.0 0.000E+00 0.000E+00 0.800E-16 0.915E-11 0.472E-10 0.564E-10 0.000E+00 0.000E+00 0.000E+00 0.000E+00
    90.0 0.000E+00 0.000E+00 0.250E-15 0.122E-10 0.428E-10 0.319E-10 0.000E+00 0.000E+00 0.000E+00 0.000E+00
    91.0 0.000E+00 0.000E+00 0.615E-15 0.141E-10 0.350E-10 0.105E-10 0.000E+00 0.000E+00 0.000E+00 0.000E+00

  E*/MeV   181Bi     182Bi     183Bi     184Bi     185Bi     186Bi     187Bi     188Bi     189Bi     190Bi  
    88.0 0.000E+00 0.000E+00 0.000E+00 0.000E+00 0.000E+00 0.000E+00 0.000E+00 0.000E+00 0.000E+00 0.000E+00
    89.0 0.000E+00 0.000E+00 0.000E+00 0.000E+00 0.000E+00 0.000E+00 0.000E+00 0.000E+00 0.000E+00 0.000E+00
    90.0 0.000E+00 0.000E+00 0.000E+00 0.000E+00 0.000E+00 0.000E+00 0.000E+00 0.000E+00 0.000E+00 0.000E+00
    91.0 0.000E+00 0.000E+00 0.000E+00 0.000E+00 0.000E+00 0.000E+00 0.000E+00 0.000E+00 0.000E+00 0.000E+00

 Z-Verteilung  
 E*/MeV     Bi         Po         At  
   88.0  0.000E+00 0.147E-09 0.142E+01
   89.0  0.000E+00 0.113E-09 0.139E+01
   90.0  0.000E+00 0.869E-10 0.135E+01
   91.0  0.000E+00 0.596E-10 0.132E+01

 Z und A Mittelwerte    
   E*/MeV     MW.Z  St.Abw.Z      MW.A  St.Abw.A
    88.0     85.00      0.00    192.00      0.00
    89.0     85.00      0.00    192.00      0.00
    90.0     85.00      0.00    192.00      0.00
    91.0     85.00      0.00    192.00      0.00
                                                                        
           



 Ende HIVAP 
