          Programm HIVAP,  Autor  W.Reisdorf   Version fuer "rzri6f" vom  7. 6. 1994

           Bearbeitung F.P.Heﬂberger
           
   93Nb 99Ru 192At IFUS10 barfac0.59 sigr3.0 10/02/2023 10:34 Sitarcik  
           

 Unterprogramm SEPENF

 benutzt Sierks Programm BARFIT 
 Q-Wert  -177.443 MeV
 Massen aus der Datei "mlz.dat" 

         Exp. Schaleneffekte,  SHELL0=    0.00
          At  183   At  184   At  185   At  186   At  187   At  188   At  189   At  190   At  191   At  192
             -0.16     -0.96     -0.15     -0.95     -0.13     -0.92     -0.10     -0.88     -0.07     -0.87
          Po  182   Po  183   Po  184   Po  185   Po  186   Po  187   Po  188   Po  189   Po  190   Po  191
              0.25     -0.41      0.51     -0.23      0.60     -0.21      0.55     -0.34      0.34     -0.63
          Bi  181   Bi  182   Bi  183   Bi  184   Bi  185   Bi  186   Bi  187   Bi  188   Bi  189   Bi  190
             -1.37     -2.02     -1.09     -1.82     -0.98     -1.79     -1.03     -1.92     -1.24     -2.20

           BARFAC=   0.590      BAR0=   0.000

          Separationsenergien (BN,BP,BA) und Spaltbarrieren
          At  183   At  184   At  185   At  186   At  187   At  188   At  189   At  190   At  191   At  192
             12.65     10.83     12.24     10.41     11.81     10.00     11.40      9.60     11.01      9.25
             -3.05     -2.63     -2.25     -1.92     -1.64     -1.40     -1.20     -1.04     -0.93     -0.82
            -10.29     -9.93     -9.63     -9.36     -9.14     -8.96     -8.83     -8.72     -8.66     -8.59
              2.50      3.44      2.77      3.72      3.04      3.98      3.30      4.22      3.55      4.50
             -0.81     -1.62     -0.81     -1.61     -0.80     -1.60     -0.80     -1.60     -0.80     -1.59
          Po  182   Po  183   Po  184   Po  185   Po  186   Po  187   Po  188   Po  189   Po  190   Po  191
             12.21     10.41     11.86     10.08     11.54      9.75     11.20      9.44     10.89      9.14
             -1.35     -1.08     -0.82     -0.54     -0.28     -0.02      0.24      0.50      0.75      1.01
            -10.37    -10.16     -9.96     -9.74     -9.53     -9.32     -9.12     -8.90     -8.69     -8.47
              2.63      3.45      2.68      3.58      2.90      3.87      3.26      4.30      3.78      4.89
              0.00     -0.81      0.00     -0.81      0.00     -0.80      0.00     -0.80      0.00     -0.80
          Bi  181   Bi  182   Bi  183   Bi  184   Bi  185   Bi  186   Bi  187   Bi  188   Bi  189   Bi  190
             11.94     10.14     11.60      9.81     11.27      9.49     10.95      9.18     10.64      8.88
             -2.58     -2.30     -2.03     -1.76     -1.49     -1.22     -0.96     -0.69     -0.43     -0.17
             -8.40     -8.19     -7.99     -7.78     -7.58     -7.36     -7.16     -6.93     -6.73     -6.50
              4.85      5.68      4.91      5.82      5.14      6.11      5.51      6.56      6.04      7.15
             -0.82     -1.63     -0.81     -1.62     -0.81     -1.61     -0.80     -1.60     -0.80     -1.60

 benutzter Q-Wert  -177.443 MeV    effektiver Q-Wert  -177.443 MeV

 HIVAP  CASOUT

   93Nb 99Ru 192At IFUS10 barfac0.59 sigr3.0 10/02/2023 10:34 Sitarcik  


     E_lab  A*MeV   E*/MeV     SI_fus      SI_VR     SI_Spalt  L_krit     b_Spalt

   359.647    3.87     8.0  0.1378E-04  0.2654E-06  0.1352E-04     0.0       98.07
   361.587    3.89     9.0  0.7079E-04  0.2423E-06  0.7055E-04     0.0       99.66
   363.526    3.91    10.0  0.3534E-03  0.1045E-05  0.3524E-03     0.0       99.70
   365.466    3.93    11.0  0.1674E-02  0.5179E-05  0.1669E-02     0.0       99.69
   367.405    3.95    12.0  0.6929E-02  0.2202E-04  0.6907E-02     0.0       99.68
   369.344    3.97    13.0  0.2273E-01  0.6669E-04  0.2266E-01     0.0       99.71
   371.284    3.99    14.0  0.5918E-01  0.1429E-03  0.5904E-01     0.0       99.76
   373.223    4.01    15.0  0.1313E+00  0.2202E-03  0.1311E+00     0.0       99.83
   375.163    4.03    16.0  0.2639E+00  0.2832E-03  0.2636E+00     0.0       99.89
   377.102    4.05    17.0  0.4849E+00  0.3267E-03  0.4846E+00     0.0       99.93
   379.041    4.08    18.0  0.8351E+00  0.3637E-03  0.8347E+00     0.0       99.96
   380.981    4.10    19.0  0.1369E+01  0.4065E-03  0.1368E+01     0.0       99.97
   382.920    4.12    20.0  0.2149E+01  0.4544E-03  0.2148E+01     0.0       99.98
   384.860    4.14    21.0  0.3260E+01  0.5067E-03  0.3260E+01     0.0       99.98
   386.799    4.16    22.0  0.4784E+01  0.5623E-03  0.4782E+01     0.0       99.97
   388.738    4.18    23.0  0.6814E+01  0.6319E-03  0.6809E+01     0.0       99.93

     Querschnitte / mbarn

  E*/MeV   183At     184At     185At     186At     187At     188At     189At     190At     191At     192At  
     8.0 0.000E+00 0.000E+00 0.000E+00 0.000E+00 0.000E+00 0.000E+00 0.000E+00 0.000E+00 0.000E+00 0.251E-06
     9.0 0.000E+00 0.000E+00 0.000E+00 0.000E+00 0.000E+00 0.000E+00 0.000E+00 0.000E+00 0.000E+00 0.130E-06
    10.0 0.000E+00 0.000E+00 0.000E+00 0.000E+00 0.000E+00 0.000E+00 0.000E+00 0.000E+00 0.102E-08 0.243E-06
    11.0 0.000E+00 0.000E+00 0.000E+00 0.000E+00 0.000E+00 0.000E+00 0.000E+00 0.000E+00 0.668E-07 0.429E-06
    12.0 0.000E+00 0.000E+00 0.000E+00 0.000E+00 0.000E+00 0.000E+00 0.000E+00 0.000E+00 0.111E-05 0.651E-06
    13.0 0.000E+00 0.000E+00 0.000E+00 0.000E+00 0.000E+00 0.000E+00 0.000E+00 0.000E+00 0.764E-05 0.678E-06
    14.0 0.000E+00 0.000E+00 0.000E+00 0.000E+00 0.000E+00 0.000E+00 0.000E+00 0.000E+00 0.262E-04 0.634E-06
    15.0 0.000E+00 0.000E+00 0.000E+00 0.000E+00 0.000E+00 0.000E+00 0.000E+00 0.000E+00 0.414E-04 0.602E-06
    16.0 0.000E+00 0.000E+00 0.000E+00 0.000E+00 0.000E+00 0.000E+00 0.000E+00 0.000E+00 0.471E-04 0.494E-06
    17.0 0.000E+00 0.000E+00 0.000E+00 0.000E+00 0.000E+00 0.000E+00 0.000E+00 0.000E+00 0.446E-04 0.317E-06
    18.0 0.000E+00 0.000E+00 0.000E+00 0.000E+00 0.000E+00 0.000E+00 0.000E+00 0.000E+00 0.372E-04 0.250E-06
    19.0 0.000E+00 0.000E+00 0.000E+00 0.000E+00 0.000E+00 0.000E+00 0.000E+00 0.000E+00 0.292E-04 0.193E-06
    20.0 0.000E+00 0.000E+00 0.000E+00 0.000E+00 0.000E+00 0.000E+00 0.000E+00 0.000E+00 0.216E-04 0.135E-06
    21.0 0.000E+00 0.000E+00 0.000E+00 0.000E+00 0.000E+00 0.000E+00 0.000E+00 0.765E-09 0.152E-04 0.699E-07
    22.0 0.000E+00 0.000E+00 0.000E+00 0.000E+00 0.000E+00 0.000E+00 0.000E+00 0.266E-07 0.103E-04 0.333E-07
    23.0 0.000E+00 0.000E+00 0.000E+00 0.000E+00 0.000E+00 0.000E+00 0.000E+00 0.327E-06 0.694E-05 0.000E+00

  E*/MeV   182Po     183Po     184Po     185Po     186Po     187Po     188Po     189Po     190Po     191Po  
     8.0 0.000E+00 0.000E+00 0.000E+00 0.000E+00 0.000E+00 0.000E+00 0.000E+00 0.000E+00 0.000E+00 0.139E-07
     9.0 0.000E+00 0.000E+00 0.000E+00 0.000E+00 0.000E+00 0.000E+00 0.000E+00 0.000E+00 0.000E+00 0.112E-06
    10.0 0.000E+00 0.000E+00 0.000E+00 0.000E+00 0.000E+00 0.000E+00 0.000E+00 0.000E+00 0.000E+00 0.793E-06
    11.0 0.000E+00 0.000E+00 0.000E+00 0.000E+00 0.000E+00 0.000E+00 0.000E+00 0.000E+00 0.000E+00 0.462E-05
    12.0 0.000E+00 0.000E+00 0.000E+00 0.000E+00 0.000E+00 0.000E+00 0.000E+00 0.000E+00 0.000E+00 0.199E-04
    13.0 0.000E+00 0.000E+00 0.000E+00 0.000E+00 0.000E+00 0.000E+00 0.000E+00 0.000E+00 0.000E+00 0.566E-04
    14.0 0.000E+00 0.000E+00 0.000E+00 0.000E+00 0.000E+00 0.000E+00 0.000E+00 0.000E+00 0.378E-10 0.110E-03
    15.0 0.000E+00 0.000E+00 0.000E+00 0.000E+00 0.000E+00 0.000E+00 0.000E+00 0.000E+00 0.137E-08 0.162E-03
    16.0 0.000E+00 0.000E+00 0.000E+00 0.000E+00 0.000E+00 0.000E+00 0.000E+00 0.000E+00 0.164E-07 0.198E-03
    17.0 0.000E+00 0.000E+00 0.000E+00 0.000E+00 0.000E+00 0.000E+00 0.000E+00 0.000E+00 0.120E-06 0.205E-03
    18.0 0.000E+00 0.000E+00 0.000E+00 0.000E+00 0.000E+00 0.000E+00 0.000E+00 0.000E+00 0.645E-06 0.190E-03
    19.0 0.000E+00 0.000E+00 0.000E+00 0.000E+00 0.000E+00 0.000E+00 0.000E+00 0.000E+00 0.254E-05 0.162E-03
    20.0 0.000E+00 0.000E+00 0.000E+00 0.000E+00 0.000E+00 0.000E+00 0.000E+00 0.000E+00 0.769E-05 0.130E-03
    21.0 0.000E+00 0.000E+00 0.000E+00 0.000E+00 0.000E+00 0.000E+00 0.000E+00 0.000E+00 0.184E-04 0.982E-04
    22.0 0.000E+00 0.000E+00 0.000E+00 0.000E+00 0.000E+00 0.000E+00 0.000E+00 0.000E+00 0.353E-04 0.709E-04
    23.0 0.000E+00 0.000E+00 0.000E+00 0.000E+00 0.000E+00 0.000E+00 0.000E+00 0.000E+00 0.557E-04 0.492E-04

  E*/MeV   181Bi     182Bi     183Bi     184Bi     185Bi     186Bi     187Bi     188Bi     189Bi     190Bi  
     8.0 0.000E+00 0.000E+00 0.000E+00 0.000E+00 0.000E+00 0.000E+00 0.000E+00 0.797E-10 0.000E+00 0.000E+00
     9.0 0.000E+00 0.000E+00 0.000E+00 0.000E+00 0.000E+00 0.000E+00 0.000E+00 0.872E-09 0.000E+00 0.000E+00
    10.0 0.000E+00 0.000E+00 0.000E+00 0.000E+00 0.000E+00 0.000E+00 0.000E+00 0.828E-08 0.000E+00 0.000E+00
    11.0 0.000E+00 0.000E+00 0.000E+00 0.000E+00 0.000E+00 0.000E+00 0.000E+00 0.637E-07 0.000E+00 0.141E-10
    12.0 0.000E+00 0.000E+00 0.000E+00 0.000E+00 0.000E+00 0.000E+00 0.000E+00 0.403E-06 0.000E+00 0.398E-09
    13.0 0.000E+00 0.000E+00 0.000E+00 0.000E+00 0.000E+00 0.000E+00 0.000E+00 0.180E-05 0.000E+00 0.481E-08
    14.0 0.000E+00 0.000E+00 0.000E+00 0.000E+00 0.000E+00 0.000E+00 0.000E+00 0.597E-05 0.000E+00 0.337E-07
    15.0 0.000E+00 0.000E+00 0.000E+00 0.000E+00 0.000E+00 0.000E+00 0.000E+00 0.160E-04 0.000E+00 0.171E-06
    16.0 0.000E+00 0.000E+00 0.000E+00 0.000E+00 0.000E+00 0.000E+00 0.000E+00 0.373E-04 0.000E+00 0.681E-06
    17.0 0.000E+00 0.000E+00 0.000E+00 0.000E+00 0.000E+00 0.000E+00 0.466E-09 0.742E-04 0.000E+00 0.218E-05
    18.0 0.000E+00 0.000E+00 0.000E+00 0.000E+00 0.000E+00 0.000E+00 0.768E-08 0.129E-03 0.000E+00 0.604E-05
    19.0 0.000E+00 0.000E+00 0.000E+00 0.000E+00 0.000E+00 0.000E+00 0.508E-07 0.197E-03 0.000E+00 0.147E-04
    20.0 0.000E+00 0.000E+00 0.000E+00 0.000E+00 0.000E+00 0.000E+00 0.239E-06 0.263E-03 0.000E+00 0.324E-04
    21.0 0.000E+00 0.000E+00 0.000E+00 0.000E+00 0.000E+00 0.000E+00 0.909E-06 0.308E-03 0.809E-10 0.654E-04
    22.0 0.000E+00 0.000E+00 0.000E+00 0.000E+00 0.000E+00 0.000E+00 0.289E-05 0.322E-03 0.951E-09 0.121E-03
    23.0 0.000E+00 0.000E+00 0.000E+00 0.000E+00 0.000E+00 0.000E+00 0.791E-05 0.304E-03 0.751E-08 0.207E-03

 Z-Verteilung  
 E*/MeV     Bi         Po         At  
    8.0  0.797E-10 0.139E-07 0.251E-06
    9.0  0.872E-09 0.112E-06 0.130E-06
   10.0  0.828E-08 0.793E-06 0.244E-06
   11.0  0.637E-07 0.462E-05 0.496E-06
   12.0  0.403E-06 0.199E-04 0.176E-05
   13.0  0.180E-05 0.566E-04 0.832E-05
   14.0  0.601E-05 0.110E-03 0.268E-04
   15.0  0.162E-04 0.162E-03 0.420E-04
   16.0  0.380E-04 0.198E-03 0.476E-04
   17.0  0.764E-04 0.205E-03 0.449E-04
   18.0  0.135E-03 0.191E-03 0.374E-04
   19.0  0.212E-03 0.165E-03 0.294E-04
   20.0  0.295E-03 0.137E-03 0.217E-04
   21.0  0.375E-03 0.117E-03 0.153E-04
   22.0  0.446E-03 0.106E-03 0.104E-04
   23.0  0.520E-03 0.105E-03 0.727E-05

 Z und A Mittelwerte    
   E*/MeV     MW.Z  St.Abw.Z      MW.A  St.Abw.A
     8.0     84.95      0.23    191.95      0.23
     9.0     84.53      0.51    191.52      0.54
    10.0     84.23      0.44    191.21      0.51
    11.0     84.08      0.32    191.05      0.44
    12.0     84.06      0.31    190.97      0.44
    13.0     84.10      0.38    190.93      0.50
    14.0     84.15      0.46    190.88      0.61
    15.0     84.12      0.50    190.78      0.78
    16.0     84.03      0.55    190.60      1.02
    17.0     83.90      0.60    190.31      1.26
    18.0     83.73      0.63    189.92      1.43
    19.0     83.55      0.63    189.50      1.47
    20.0     83.40      0.58    189.17      1.40
    21.0     83.29      0.52    189.00      1.30
    22.0     83.23      0.46    188.98      1.20
    23.0     83.19      0.42    189.09      1.14

 HIVAP  CASOUT

   93Nb 99Ru 192At IFUS10 barfac0.59 sigr3.0 10/02/2023 10:34 Sitarcik  


     E_lab  A*MeV   E*/MeV     SI_fus      SI_VR     SI_Spalt  L_krit     b_Spalt

   390.678    4.20    24.0  0.9442E+01  0.7257E-03  0.9430E+01     2.0       99.87
   392.617    4.22    25.0  0.1275E+02  0.8492E-03  0.1273E+02    17.0       99.81
   394.557    4.24    26.0  0.1685E+02  0.1004E-02  0.1680E+02    24.0       99.73
   396.496    4.26    27.0  0.2177E+02  0.1168E-02  0.2170E+02    30.0       99.65
   398.435    4.28    28.0  0.2760E+02  0.1305E-02  0.2747E+02    35.0       99.53
   400.375    4.31    29.0  0.3438E+02  0.1388E-02  0.3418E+02    65.0       99.43
   402.314    4.33    30.0  0.4207E+02  0.1396E-02  0.4178E+02    65.0       99.30
   404.253    4.35    31.0  0.5069E+02  0.1340E-02  0.5028E+02    65.0       99.18
   406.193    4.37    32.0  0.6019E+02  0.1241E-02  0.5960E+02    65.0       99.03
   408.132    4.39    33.0  0.7042E+02  0.1128E-02  0.6963E+02    65.0       98.88
   410.072    4.41    34.0  0.8136E+02  0.1028E-02  0.8030E+02    65.0       98.70
   412.011    4.43    35.0  0.9279E+02  0.9501E-03  0.9143E+02    65.0       98.54
   413.950    4.45    36.0  0.1046E+03  0.8929E-03  0.1029E+03    65.0       98.36
   415.890    4.47    37.0  0.1166E+03  0.8468E-03  0.1145E+03    65.0       98.20
   417.829    4.49    38.0  0.1286E+03  0.7984E-03  0.1261E+03    65.0       98.03
   419.769    4.51    39.0  0.1405E+03  0.7406E-03  0.1375E+03    65.0       97.86

     Querschnitte / mbarn

  E*/MeV   183At     184At     185At     186At     187At     188At     189At     190At     191At     192At  
    24.0 0.000E+00 0.000E+00 0.000E+00 0.000E+00 0.000E+00 0.000E+00 0.000E+00 0.186E-05 0.449E-05 0.000E+00
    25.0 0.000E+00 0.000E+00 0.000E+00 0.000E+00 0.000E+00 0.000E+00 0.000E+00 0.639E-05 0.289E-05 0.000E+00
    26.0 0.000E+00 0.000E+00 0.000E+00 0.000E+00 0.000E+00 0.000E+00 0.000E+00 0.166E-04 0.192E-05 0.000E+00
    27.0 0.000E+00 0.000E+00 0.000E+00 0.000E+00 0.000E+00 0.000E+00 0.000E+00 0.316E-04 0.135E-05 0.000E+00
    28.0 0.000E+00 0.000E+00 0.000E+00 0.000E+00 0.000E+00 0.000E+00 0.000E+00 0.428E-04 0.836E-06 0.000E+00
    29.0 0.000E+00 0.000E+00 0.000E+00 0.000E+00 0.000E+00 0.000E+00 0.000E+00 0.463E-04 0.475E-06 0.000E+00
    30.0 0.000E+00 0.000E+00 0.000E+00 0.000E+00 0.000E+00 0.000E+00 0.000E+00 0.431E-04 0.210E-06 0.000E+00
    31.0 0.000E+00 0.000E+00 0.000E+00 0.000E+00 0.000E+00 0.000E+00 0.154E-10 0.362E-04 0.951E-07 0.000E+00
    32.0 0.000E+00 0.000E+00 0.000E+00 0.000E+00 0.000E+00 0.000E+00 0.455E-09 0.281E-04 0.483E-07 0.000E+00
    33.0 0.000E+00 0.000E+00 0.000E+00 0.000E+00 0.000E+00 0.000E+00 0.514E-08 0.206E-04 0.261E-07 0.000E+00
    34.0 0.000E+00 0.000E+00 0.000E+00 0.000E+00 0.000E+00 0.000E+00 0.314E-07 0.144E-04 0.139E-07 0.000E+00
    35.0 0.000E+00 0.000E+00 0.000E+00 0.000E+00 0.000E+00 0.000E+00 0.121E-06 0.976E-05 0.000E+00 0.000E+00
    36.0 0.000E+00 0.000E+00 0.000E+00 0.000E+00 0.000E+00 0.000E+00 0.319E-06 0.640E-05 0.000E+00 0.000E+00
    37.0 0.000E+00 0.000E+00 0.000E+00 0.000E+00 0.000E+00 0.000E+00 0.615E-06 0.409E-05 0.000E+00 0.000E+00
    38.0 0.000E+00 0.000E+00 0.000E+00 0.000E+00 0.000E+00 0.000E+00 0.906E-06 0.256E-05 0.000E+00 0.000E+00
    39.0 0.000E+00 0.000E+00 0.000E+00 0.000E+00 0.000E+00 0.000E+00 0.110E-05 0.158E-05 0.000E+00 0.000E+00

  E*/MeV   182Po     183Po     184Po     185Po     186Po     187Po     188Po     189Po     190Po     191Po  
    24.0 0.000E+00 0.000E+00 0.000E+00 0.000E+00 0.000E+00 0.000E+00 0.000E+00 0.000E+00 0.736E-04 0.330E-04
    25.0 0.000E+00 0.000E+00 0.000E+00 0.000E+00 0.000E+00 0.000E+00 0.000E+00 0.252E-08 0.835E-04 0.214E-04
    26.0 0.000E+00 0.000E+00 0.000E+00 0.000E+00 0.000E+00 0.000E+00 0.000E+00 0.250E-07 0.840E-04 0.135E-04
    27.0 0.000E+00 0.000E+00 0.000E+00 0.000E+00 0.000E+00 0.000E+00 0.000E+00 0.861E-07 0.762E-04 0.833E-05
    28.0 0.000E+00 0.000E+00 0.000E+00 0.000E+00 0.000E+00 0.000E+00 0.000E+00 0.147E-06 0.637E-04 0.499E-05
    29.0 0.000E+00 0.000E+00 0.000E+00 0.000E+00 0.000E+00 0.000E+00 0.000E+00 0.229E-06 0.499E-04 0.292E-05
    30.0 0.000E+00 0.000E+00 0.000E+00 0.000E+00 0.000E+00 0.000E+00 0.000E+00 0.447E-06 0.370E-04 0.166E-05
    31.0 0.000E+00 0.000E+00 0.000E+00 0.000E+00 0.000E+00 0.000E+00 0.000E+00 0.106E-05 0.263E-04 0.915E-06
    32.0 0.000E+00 0.000E+00 0.000E+00 0.000E+00 0.000E+00 0.000E+00 0.000E+00 0.250E-05 0.180E-04 0.488E-06
    33.0 0.000E+00 0.000E+00 0.000E+00 0.000E+00 0.000E+00 0.000E+00 0.000E+00 0.529E-05 0.120E-04 0.831E-07
    34.0 0.000E+00 0.000E+00 0.000E+00 0.000E+00 0.000E+00 0.000E+00 0.000E+00 0.978E-05 0.775E-05 0.230E-07
    35.0 0.000E+00 0.000E+00 0.000E+00 0.000E+00 0.000E+00 0.000E+00 0.000E+00 0.157E-04 0.490E-05 0.123E-07
    36.0 0.000E+00 0.000E+00 0.000E+00 0.000E+00 0.000E+00 0.000E+00 0.000E+00 0.219E-04 0.304E-05 0.000E+00
    37.0 0.000E+00 0.000E+00 0.000E+00 0.000E+00 0.000E+00 0.000E+00 0.205E-10 0.271E-04 0.185E-05 0.000E+00
    38.0 0.000E+00 0.000E+00 0.000E+00 0.000E+00 0.000E+00 0.000E+00 0.138E-09 0.301E-04 0.111E-05 0.000E+00
    39.0 0.000E+00 0.000E+00 0.000E+00 0.000E+00 0.000E+00 0.000E+00 0.701E-09 0.305E-04 0.658E-06 0.000E+00

  E*/MeV   181Bi     182Bi     183Bi     184Bi     185Bi     186Bi     187Bi     188Bi     189Bi     190Bi  
    24.0 0.000E+00 0.000E+00 0.000E+00 0.000E+00 0.000E+00 0.000E+00 0.188E-04 0.266E-03 0.438E-07 0.328E-03
    25.0 0.000E+00 0.000E+00 0.000E+00 0.000E+00 0.000E+00 0.000E+00 0.393E-04 0.217E-03 0.202E-06 0.479E-03
    26.0 0.000E+00 0.000E+00 0.000E+00 0.000E+00 0.000E+00 0.000E+00 0.728E-04 0.167E-03 0.763E-06 0.647E-03
    27.0 0.000E+00 0.000E+00 0.000E+00 0.000E+00 0.000E+00 0.000E+00 0.119E-03 0.123E-03 0.242E-05 0.805E-03
    28.0 0.000E+00 0.000E+00 0.000E+00 0.000E+00 0.000E+00 0.000E+00 0.173E-03 0.873E-04 0.664E-05 0.926E-03
    29.0 0.000E+00 0.000E+00 0.000E+00 0.000E+00 0.000E+00 0.368E-09 0.223E-03 0.595E-04 0.160E-04 0.990E-03
    30.0 0.000E+00 0.000E+00 0.000E+00 0.000E+00 0.000E+00 0.282E-08 0.255E-03 0.392E-04 0.341E-04 0.985E-03
    31.0 0.000E+00 0.000E+00 0.000E+00 0.000E+00 0.000E+00 0.140E-07 0.262E-03 0.251E-04 0.657E-04 0.923E-03
    32.0 0.000E+00 0.000E+00 0.000E+00 0.000E+00 0.000E+00 0.538E-07 0.245E-03 0.157E-04 0.115E-03 0.816E-03
    33.0 0.000E+00 0.000E+00 0.000E+00 0.000E+00 0.000E+00 0.174E-06 0.212E-03 0.961E-05 0.182E-03 0.686E-03
    34.0 0.000E+00 0.000E+00 0.000E+00 0.000E+00 0.000E+00 0.487E-06 0.172E-03 0.576E-05 0.266E-03 0.551E-03
    35.0 0.000E+00 0.000E+00 0.000E+00 0.000E+00 0.000E+00 0.120E-05 0.132E-03 0.338E-05 0.357E-03 0.425E-03
    36.0 0.000E+00 0.000E+00 0.000E+00 0.000E+00 0.000E+00 0.262E-05 0.971E-04 0.195E-05 0.443E-03 0.317E-03
    37.0 0.000E+00 0.000E+00 0.000E+00 0.000E+00 0.000E+00 0.514E-05 0.687E-04 0.114E-05 0.509E-03 0.229E-03
    38.0 0.000E+00 0.000E+00 0.000E+00 0.000E+00 0.000E+00 0.909E-05 0.470E-04 0.738E-06 0.546E-03 0.161E-03
    39.0 0.000E+00 0.000E+00 0.000E+00 0.000E+00 0.000E+00 0.146E-04 0.313E-04 0.694E-06 0.550E-03 0.110E-03

 Z-Verteilung  
 E*/MeV     Bi         Po         At  
   24.0  0.613E-03 0.107E-03 0.634E-05
   25.0  0.735E-03 0.105E-03 0.928E-05
   26.0  0.888E-03 0.975E-04 0.185E-04
   27.0  0.105E-02 0.846E-04 0.329E-04
   28.0  0.119E-02 0.688E-04 0.436E-04
   29.0  0.129E-02 0.530E-04 0.468E-04
   30.0  0.131E-02 0.391E-04 0.433E-04
   31.0  0.128E-02 0.283E-04 0.363E-04
   32.0  0.119E-02 0.210E-04 0.281E-04
   33.0  0.109E-02 0.173E-04 0.206E-04
   34.0  0.996E-03 0.176E-04 0.145E-04
   35.0  0.920E-03 0.206E-04 0.988E-05
   36.0  0.861E-03 0.250E-04 0.672E-05
   37.0  0.813E-03 0.290E-04 0.471E-05
   38.0  0.764E-03 0.312E-04 0.347E-05
   39.0  0.707E-03 0.311E-04 0.268E-05

 Z und A Mittelwerte    
   E*/MeV     MW.Z  St.Abw.Z      MW.A  St.Abw.A
    24.0     83.16      0.39    189.24      1.08
    25.0     83.15      0.38    189.38      1.04
    26.0     83.13      0.39    189.46      1.02
    27.0     83.13      0.41    189.49      1.04
    28.0     83.12      0.41    189.47      1.09
    29.0     83.11      0.40    189.42      1.14
    30.0     83.09      0.38    189.37      1.18
    31.0     83.08      0.35    189.33      1.20
    32.0     83.06      0.32    189.29      1.19
    33.0     83.05      0.29    189.25      1.16
    34.0     83.05      0.27    189.22      1.09
    35.0     83.04      0.25    189.18      1.00
    36.0     83.04      0.24    189.14      0.90
    37.0     83.05      0.23    189.10      0.81
    38.0     83.05      0.23    189.05      0.74
    39.0     83.05      0.23    189.01      0.71

 HIVAP  CASOUT

   93Nb 99Ru 192At IFUS10 barfac0.59 sigr3.0 10/02/2023 10:34 Sitarcik  


     E_lab  A*MeV   E*/MeV     SI_fus      SI_VR     SI_Spalt  L_krit     b_Spalt

   421.708    4.53    40.0  0.1522E+03  0.6706E-03  0.1487E+03    65.0       97.71
   423.647    4.56    41.0  0.1634E+03  0.5915E-03  0.1594E+03    65.0       97.57
   425.587    4.58    42.0  0.1740E+03  0.5085E-03  0.1695E+03    65.0       97.43
   427.526    4.60    43.0  0.1839E+03  0.4272E-03  0.1790E+03    65.0       97.31
   429.466    4.62    44.0  0.1931E+03  0.3532E-03  0.1877E+03    65.0       97.20
   431.405    4.64    45.0  0.2015E+03  0.2898E-03  0.1957E+03    65.0       97.10
   433.344    4.66    46.0  0.2090E+03  0.2389E-03  0.2028E+03    65.0       97.03
   435.284    4.68    47.0  0.2157E+03  0.2007E-03  0.2091E+03    65.0       96.95
   437.223    4.70    48.0  0.2215E+03  0.1743E-03  0.2146E+03    65.0       96.89
   439.163    4.72    49.0  0.2265E+03  0.1574E-03  0.2193E+03    65.0       96.84
   441.102    4.74    50.0  0.2307E+03  0.1472E-03  0.2233E+03    65.0       96.79
   443.041    4.76    51.0  0.2341E+03  0.1407E-03  0.2265E+03    65.0       96.75
   444.981    4.78    52.0  0.2368E+03  0.1354E-03  0.2291E+03    65.0       96.72
   446.920    4.81    53.0  0.2390E+03  0.1295E-03  0.2311E+03    65.0       96.70
   448.860    4.83    54.0  0.2406E+03  0.1222E-03  0.2326E+03    65.0       96.68
   450.799    4.85    55.0  0.2416E+03  0.1130E-03  0.2336E+03    65.0       96.66

     Querschnitte / mbarn

  E*/MeV   183At     184At     185At     186At     187At     188At     189At     190At     191At     192At  
    40.0 0.000E+00 0.000E+00 0.000E+00 0.000E+00 0.000E+00 0.000E+00 0.115E-05 0.961E-06 0.000E+00 0.000E+00
    41.0 0.000E+00 0.000E+00 0.000E+00 0.000E+00 0.000E+00 0.000E+00 0.108E-05 0.579E-06 0.000E+00 0.000E+00
    42.0 0.000E+00 0.000E+00 0.000E+00 0.000E+00 0.000E+00 0.000E+00 0.937E-06 0.346E-06 0.000E+00 0.000E+00
    43.0 0.000E+00 0.000E+00 0.000E+00 0.000E+00 0.000E+00 0.114E-12 0.762E-06 0.205E-06 0.000E+00 0.000E+00
    44.0 0.000E+00 0.000E+00 0.000E+00 0.000E+00 0.000E+00 0.332E-11 0.590E-06 0.121E-06 0.000E+00 0.000E+00
    45.0 0.000E+00 0.000E+00 0.000E+00 0.000E+00 0.000E+00 0.396E-10 0.439E-06 0.706E-07 0.000E+00 0.000E+00
    46.0 0.000E+00 0.000E+00 0.000E+00 0.000E+00 0.000E+00 0.263E-09 0.316E-06 0.407E-07 0.000E+00 0.000E+00
    47.0 0.000E+00 0.000E+00 0.000E+00 0.000E+00 0.000E+00 0.114E-08 0.222E-06 0.220E-07 0.000E+00 0.000E+00
    48.0 0.000E+00 0.000E+00 0.000E+00 0.000E+00 0.000E+00 0.359E-08 0.152E-06 0.474E-08 0.000E+00 0.000E+00
    49.0 0.000E+00 0.000E+00 0.000E+00 0.000E+00 0.000E+00 0.888E-08 0.103E-06 0.120E-08 0.000E+00 0.000E+00
    50.0 0.000E+00 0.000E+00 0.000E+00 0.000E+00 0.000E+00 0.178E-07 0.685E-07 0.735E-09 0.000E+00 0.000E+00
    51.0 0.000E+00 0.000E+00 0.000E+00 0.000E+00 0.000E+00 0.294E-07 0.450E-07 0.000E+00 0.000E+00 0.000E+00
    52.0 0.000E+00 0.000E+00 0.000E+00 0.000E+00 0.000E+00 0.416E-07 0.293E-07 0.000E+00 0.000E+00 0.000E+00
    53.0 0.000E+00 0.000E+00 0.000E+00 0.000E+00 0.000E+00 0.519E-07 0.189E-07 0.000E+00 0.000E+00 0.000E+00
    54.0 0.000E+00 0.000E+00 0.000E+00 0.000E+00 0.000E+00 0.586E-07 0.121E-07 0.000E+00 0.000E+00 0.000E+00
    55.0 0.000E+00 0.000E+00 0.000E+00 0.000E+00 0.476E-13 0.610E-07 0.775E-08 0.000E+00 0.000E+00 0.000E+00

  E*/MeV   182Po     183Po     184Po     185Po     186Po     187Po     188Po     189Po     190Po     191Po  
    40.0 0.000E+00 0.000E+00 0.000E+00 0.000E+00 0.000E+00 0.000E+00 0.282E-08 0.285E-04 0.384E-06 0.000E+00
    41.0 0.000E+00 0.000E+00 0.000E+00 0.000E+00 0.000E+00 0.000E+00 0.919E-08 0.250E-04 0.218E-06 0.000E+00
    42.0 0.000E+00 0.000E+00 0.000E+00 0.000E+00 0.000E+00 0.000E+00 0.247E-07 0.207E-04 0.111E-06 0.000E+00
    43.0 0.000E+00 0.000E+00 0.000E+00 0.000E+00 0.000E+00 0.000E+00 0.555E-07 0.165E-04 0.466E-07 0.000E+00
    44.0 0.000E+00 0.000E+00 0.000E+00 0.000E+00 0.000E+00 0.000E+00 0.107E-06 0.126E-04 0.000E+00 0.000E+00
    45.0 0.000E+00 0.000E+00 0.000E+00 0.000E+00 0.000E+00 0.000E+00 0.178E-06 0.930E-05 0.000E+00 0.000E+00
    46.0 0.000E+00 0.000E+00 0.000E+00 0.000E+00 0.000E+00 0.000E+00 0.261E-06 0.670E-05 0.000E+00 0.000E+00
    47.0 0.000E+00 0.000E+00 0.000E+00 0.000E+00 0.000E+00 0.916E-12 0.342E-06 0.472E-05 0.000E+00 0.000E+00
    48.0 0.000E+00 0.000E+00 0.000E+00 0.000E+00 0.000E+00 0.743E-11 0.409E-06 0.326E-05 0.000E+00 0.000E+00
    49.0 0.000E+00 0.000E+00 0.000E+00 0.000E+00 0.000E+00 0.340E-10 0.451E-06 0.222E-05 0.000E+00 0.000E+00
    50.0 0.000E+00 0.000E+00 0.000E+00 0.000E+00 0.000E+00 0.100E-09 0.463E-06 0.149E-05 0.000E+00 0.000E+00
    51.0 0.000E+00 0.000E+00 0.000E+00 0.000E+00 0.000E+00 0.216E-09 0.448E-06 0.990E-06 0.000E+00 0.000E+00
    52.0 0.000E+00 0.000E+00 0.000E+00 0.000E+00 0.000E+00 0.388E-09 0.412E-06 0.651E-06 0.000E+00 0.000E+00
    53.0 0.000E+00 0.000E+00 0.000E+00 0.000E+00 0.000E+00 0.658E-09 0.363E-06 0.425E-06 0.000E+00 0.000E+00
    54.0 0.000E+00 0.000E+00 0.000E+00 0.000E+00 0.000E+00 0.116E-08 0.309E-06 0.275E-06 0.000E+00 0.000E+00
    55.0 0.000E+00 0.000E+00 0.000E+00 0.000E+00 0.000E+00 0.214E-08 0.254E-06 0.177E-06 0.000E+00 0.000E+00

  E*/MeV   181Bi     182Bi     183Bi     184Bi     185Bi     186Bi     187Bi     188Bi     189Bi     190Bi  
    40.0 0.000E+00 0.000E+00 0.000E+00 0.000E+00 0.579E-10 0.215E-04 0.204E-04 0.107E-05 0.523E-03 0.737E-04
    41.0 0.000E+00 0.000E+00 0.000E+00 0.000E+00 0.304E-09 0.288E-04 0.130E-04 0.204E-05 0.472E-03 0.485E-04
    42.0 0.000E+00 0.000E+00 0.000E+00 0.000E+00 0.126E-08 0.355E-04 0.816E-05 0.395E-05 0.407E-03 0.313E-04
    43.0 0.000E+00 0.000E+00 0.000E+00 0.000E+00 0.440E-08 0.401E-04 0.505E-05 0.676E-05 0.338E-03 0.200E-04
    44.0 0.000E+00 0.000E+00 0.000E+00 0.000E+00 0.133E-07 0.420E-04 0.308E-05 0.118E-04 0.270E-03 0.126E-04
    45.0 0.000E+00 0.000E+00 0.000E+00 0.000E+00 0.354E-07 0.411E-04 0.186E-05 0.192E-04 0.210E-03 0.781E-05
    46.0 0.000E+00 0.000E+00 0.000E+00 0.000E+00 0.841E-07 0.377E-04 0.112E-05 0.292E-04 0.159E-03 0.481E-05
    47.0 0.000E+00 0.000E+00 0.000E+00 0.000E+00 0.179E-06 0.329E-04 0.667E-06 0.416E-04 0.117E-03 0.294E-05
    48.0 0.000E+00 0.000E+00 0.000E+00 0.000E+00 0.346E-06 0.275E-04 0.397E-06 0.558E-04 0.847E-04 0.178E-05
    49.0 0.000E+00 0.000E+00 0.000E+00 0.000E+00 0.607E-06 0.221E-04 0.241E-06 0.704E-04 0.602E-04 0.107E-05
    50.0 0.000E+00 0.000E+00 0.000E+00 0.000E+00 0.968E-06 0.172E-04 0.161E-06 0.840E-04 0.422E-04 0.636E-06
    51.0 0.000E+00 0.000E+00 0.000E+00 0.000E+00 0.141E-05 0.130E-04 0.143E-06 0.951E-04 0.291E-04 0.374E-06
    52.0 0.000E+00 0.000E+00 0.000E+00 0.000E+00 0.189E-05 0.965E-05 0.195E-06 0.102E-03 0.199E-04 0.217E-06
    53.0 0.000E+00 0.000E+00 0.000E+00 0.000E+00 0.234E-05 0.700E-05 0.343E-06 0.105E-03 0.134E-04 0.122E-06
    54.0 0.000E+00 0.000E+00 0.000E+00 0.124E-10 0.269E-05 0.500E-05 0.630E-06 0.104E-03 0.900E-05 0.677E-07
    55.0 0.000E+00 0.000E+00 0.000E+00 0.465E-10 0.289E-05 0.351E-05 0.111E-05 0.990E-04 0.598E-05 0.352E-07

 Z-Verteilung  
 E*/MeV     Bi         Po         At  
   40.0  0.640E-03 0.289E-04 0.211E-05
   41.0  0.565E-03 0.252E-04 0.166E-05
   42.0  0.486E-03 0.209E-04 0.128E-05
   43.0  0.410E-03 0.166E-04 0.967E-06
   44.0  0.340E-03 0.127E-04 0.710E-06
   45.0  0.280E-03 0.947E-05 0.509E-06
   46.0  0.232E-03 0.696E-05 0.357E-06
   47.0  0.195E-03 0.506E-05 0.245E-06
   48.0  0.170E-03 0.367E-05 0.161E-06
   49.0  0.155E-03 0.267E-05 0.113E-06
   50.0  0.145E-03 0.195E-05 0.870E-07
   51.0  0.139E-03 0.144E-05 0.744E-07
   52.0  0.134E-03 0.106E-05 0.709E-07
   53.0  0.129E-03 0.789E-06 0.708E-07
   54.0  0.122E-03 0.585E-06 0.707E-07
   55.0  0.113E-03 0.433E-06 0.688E-07

 Z und A Mittelwerte    
   E*/MeV     MW.Z  St.Abw.Z      MW.A  St.Abw.A
    40.0     83.05      0.23    188.95      0.72
    41.0     83.05      0.23    188.89      0.78
    42.0     83.05      0.22    188.81      0.85
    43.0     83.04      0.21    188.73      0.94
    44.0     83.04      0.21    188.63      1.02
    45.0     83.04      0.20    188.52      1.08
    46.0     83.03      0.18    188.41      1.12
    47.0     83.03      0.17    188.30      1.11
    48.0     83.02      0.16    188.20      1.08
    49.0     83.02      0.14    188.12      1.00
    50.0     83.01      0.12    188.05      0.92
    51.0     83.01      0.11    188.00      0.83
    52.0     83.01      0.10    187.97      0.75
    53.0     83.01      0.09    187.94      0.70
    54.0     83.01      0.08    187.92      0.66
    55.0     83.01      0.08    187.91      0.64

 HIVAP  CASOUT

   93Nb 99Ru 192At IFUS10 barfac0.59 sigr3.0 10/02/2023 10:34 Sitarcik  


     E_lab  A*MeV   E*/MeV     SI_fus      SI_VR     SI_Spalt  L_krit     b_Spalt

   452.738    4.87    56.0  0.2423E+03  0.1025E-03  0.2342E+03    65.0       96.65
   454.678    4.89    57.0  0.2427E+03  0.9126E-04  0.2345E+03    65.0       96.65
   456.617    4.91    58.0  0.2427E+03  0.7996E-04  0.2346E+03    65.0       96.64
   458.557    4.93    59.0  0.2425E+03  0.6921E-04  0.2344E+03    65.0       96.64
   460.496    4.95    60.0  0.2421E+03  0.5943E-04  0.2340E+03    65.0       96.65
   462.435    4.97    61.0  0.2416E+03  0.5080E-04  0.2335E+03    65.0       96.65
   464.375    4.99    62.0  0.2409E+03  0.4335E-04  0.2329E+03    65.0       96.66
   466.314    5.01    63.0  0.2402E+03  0.3699E-04  0.2322E+03    65.0       96.67
   468.253    5.03    64.0  0.2394E+03  0.3158E-04  0.2314E+03    65.0       96.67
   470.193    5.06    65.0  0.2385E+03  0.2696E-04  0.2306E+03    65.0       96.68
   472.132    5.08    66.0  0.2376E+03  0.2298E-04  0.2297E+03    65.0       96.69
   474.072    5.10    67.0  0.2366E+03  0.1953E-04  0.2288E+03    65.0       96.70
   476.011    5.12    68.0  0.2357E+03  0.1653E-04  0.2279E+03    65.0       96.71
   477.950    5.14    69.0  0.2348E+03  0.1392E-04  0.2271E+03    65.0       96.72
   479.890    5.16    70.0  0.2338E+03  0.1165E-04  0.2262E+03    65.0       96.73
   481.829    5.18    71.0  0.2329E+03  0.9732E-05  0.2253E+03    65.0       96.74

     Querschnitte / mbarn

  E*/MeV   183At     184At     185At     186At     187At     188At     189At     190At     191At     192At  
    56.0 0.000E+00 0.000E+00 0.000E+00 0.000E+00 0.420E-12 0.596E-07 0.489E-08 0.000E+00 0.000E+00 0.000E+00
    57.0 0.000E+00 0.000E+00 0.000E+00 0.000E+00 0.244E-11 0.551E-07 0.304E-08 0.000E+00 0.000E+00 0.000E+00
    58.0 0.000E+00 0.000E+00 0.000E+00 0.000E+00 0.101E-10 0.488E-07 0.181E-08 0.000E+00 0.000E+00 0.000E+00
    59.0 0.000E+00 0.000E+00 0.000E+00 0.000E+00 0.313E-10 0.416E-07 0.100E-08 0.000E+00 0.000E+00 0.000E+00
    60.0 0.000E+00 0.000E+00 0.000E+00 0.000E+00 0.766E-10 0.344E-07 0.409E-09 0.000E+00 0.000E+00 0.000E+00
    61.0 0.000E+00 0.000E+00 0.000E+00 0.000E+00 0.153E-09 0.277E-07 0.119E-09 0.000E+00 0.000E+00 0.000E+00
    62.0 0.000E+00 0.000E+00 0.000E+00 0.000E+00 0.260E-09 0.218E-07 0.000E+00 0.000E+00 0.000E+00 0.000E+00
    63.0 0.000E+00 0.000E+00 0.000E+00 0.000E+00 0.387E-09 0.168E-07 0.000E+00 0.000E+00 0.000E+00 0.000E+00
    64.0 0.000E+00 0.000E+00 0.000E+00 0.000E+00 0.518E-09 0.128E-07 0.000E+00 0.000E+00 0.000E+00 0.000E+00
    65.0 0.000E+00 0.000E+00 0.000E+00 0.000E+00 0.634E-09 0.957E-08 0.000E+00 0.000E+00 0.000E+00 0.000E+00
    66.0 0.000E+00 0.000E+00 0.000E+00 0.000E+00 0.722E-09 0.707E-08 0.000E+00 0.000E+00 0.000E+00 0.000E+00
    67.0 0.000E+00 0.000E+00 0.000E+00 0.000E+00 0.773E-09 0.517E-08 0.000E+00 0.000E+00 0.000E+00 0.000E+00
    68.0 0.000E+00 0.000E+00 0.000E+00 0.877E-15 0.788E-09 0.374E-08 0.000E+00 0.000E+00 0.000E+00 0.000E+00
    69.0 0.000E+00 0.000E+00 0.000E+00 0.642E-14 0.768E-09 0.268E-08 0.000E+00 0.000E+00 0.000E+00 0.000E+00
    70.0 0.000E+00 0.000E+00 0.000E+00 0.341E-13 0.721E-09 0.191E-08 0.000E+00 0.000E+00 0.000E+00 0.000E+00
    71.0 0.000E+00 0.000E+00 0.000E+00 0.138E-12 0.656E-09 0.135E-08 0.000E+00 0.000E+00 0.000E+00 0.000E+00

  E*/MeV   182Po     183Po     184Po     185Po     186Po     187Po     188Po     189Po     190Po     191Po  
    56.0 0.000E+00 0.000E+00 0.000E+00 0.000E+00 0.000E+00 0.400E-08 0.203E-06 0.113E-06 0.000E+00 0.000E+00
    57.0 0.000E+00 0.000E+00 0.000E+00 0.000E+00 0.000E+00 0.716E-08 0.159E-06 0.712E-07 0.000E+00 0.000E+00
    58.0 0.000E+00 0.000E+00 0.000E+00 0.000E+00 0.000E+00 0.120E-07 0.122E-06 0.445E-07 0.000E+00 0.000E+00
    59.0 0.000E+00 0.000E+00 0.000E+00 0.000E+00 0.000E+00 0.184E-07 0.920E-07 0.276E-07 0.000E+00 0.000E+00
    60.0 0.000E+00 0.000E+00 0.000E+00 0.000E+00 0.000E+00 0.262E-07 0.683E-07 0.162E-07 0.000E+00 0.000E+00
    61.0 0.000E+00 0.000E+00 0.000E+00 0.000E+00 0.316E-13 0.345E-07 0.500E-07 0.800E-08 0.000E+00 0.000E+00
    62.0 0.000E+00 0.000E+00 0.000E+00 0.000E+00 0.151E-12 0.425E-07 0.362E-07 0.191E-08 0.000E+00 0.000E+00
    63.0 0.000E+00 0.000E+00 0.000E+00 0.000E+00 0.607E-12 0.493E-07 0.259E-07 0.000E+00 0.000E+00 0.000E+00
    64.0 0.000E+00 0.000E+00 0.000E+00 0.000E+00 0.206E-11 0.542E-07 0.184E-07 0.000E+00 0.000E+00 0.000E+00
    65.0 0.000E+00 0.000E+00 0.000E+00 0.000E+00 0.601E-11 0.567E-07 0.129E-07 0.000E+00 0.000E+00 0.000E+00
    66.0 0.000E+00 0.000E+00 0.000E+00 0.000E+00 0.152E-10 0.570E-07 0.901E-08 0.000E+00 0.000E+00 0.000E+00
    67.0 0.000E+00 0.000E+00 0.000E+00 0.000E+00 0.339E-10 0.551E-07 0.623E-08 0.000E+00 0.000E+00 0.000E+00
    68.0 0.000E+00 0.000E+00 0.000E+00 0.000E+00 0.673E-10 0.516E-07 0.424E-08 0.000E+00 0.000E+00 0.000E+00
    69.0 0.000E+00 0.000E+00 0.000E+00 0.000E+00 0.120E-09 0.470E-07 0.283E-08 0.000E+00 0.000E+00 0.000E+00
    70.0 0.000E+00 0.000E+00 0.000E+00 0.000E+00 0.196E-09 0.417E-07 0.182E-08 0.000E+00 0.000E+00 0.000E+00
    71.0 0.000E+00 0.000E+00 0.000E+00 0.000E+00 0.294E-09 0.362E-07 0.116E-08 0.000E+00 0.000E+00 0.000E+00

  E*/MeV   181Bi     182Bi     183Bi     184Bi     185Bi     186Bi     187Bi     188Bi     189Bi     190Bi  
    56.0 0.000E+00 0.000E+00 0.000E+00 0.152E-09 0.294E-05 0.244E-05 0.183E-05 0.910E-04 0.395E-05 0.153E-07
    57.0 0.000E+00 0.000E+00 0.000E+00 0.438E-09 0.284E-05 0.168E-05 0.281E-05 0.811E-04 0.259E-05 0.000E+00
    58.0 0.000E+00 0.000E+00 0.000E+00 0.113E-08 0.263E-05 0.114E-05 0.404E-05 0.702E-04 0.168E-05 0.000E+00
    59.0 0.000E+00 0.000E+00 0.000E+00 0.264E-08 0.234E-05 0.770E-06 0.545E-05 0.594E-04 0.109E-05 0.000E+00
    60.0 0.000E+00 0.000E+00 0.000E+00 0.560E-08 0.201E-05 0.516E-06 0.696E-05 0.491E-04 0.700E-06 0.000E+00
    61.0 0.000E+00 0.000E+00 0.000E+00 0.109E-07 0.168E-05 0.344E-06 0.841E-05 0.398E-04 0.446E-06 0.000E+00
    62.0 0.000E+00 0.000E+00 0.000E+00 0.194E-07 0.137E-05 0.228E-06 0.967E-05 0.317E-04 0.282E-06 0.000E+00
    63.0 0.000E+00 0.000E+00 0.000E+00 0.319E-07 0.109E-05 0.152E-06 0.106E-04 0.248E-04 0.177E-06 0.000E+00
    64.0 0.000E+00 0.000E+00 0.000E+00 0.488E-07 0.854E-06 0.103E-06 0.112E-04 0.192E-04 0.110E-06 0.000E+00
    65.0 0.000E+00 0.000E+00 0.000E+00 0.700E-07 0.657E-06 0.745E-07 0.114E-04 0.146E-04 0.667E-07 0.000E+00
    66.0 0.000E+00 0.000E+00 0.000E+00 0.938E-07 0.498E-06 0.621E-07 0.112E-04 0.110E-04 0.392E-07 0.000E+00
    67.0 0.000E+00 0.000E+00 0.350E-11 0.118E-06 0.373E-06 0.650E-07 0.107E-04 0.818E-05 0.214E-07 0.000E+00
    68.0 0.000E+00 0.000E+00 0.105E-10 0.141E-06 0.276E-06 0.840E-07 0.992E-05 0.603E-05 0.998E-08 0.000E+00
    69.0 0.000E+00 0.000E+00 0.283E-10 0.160E-06 0.202E-06 0.121E-06 0.897E-05 0.441E-05 0.000E+00 0.000E+00
    70.0 0.000E+00 0.000E+00 0.692E-10 0.173E-06 0.147E-06 0.179E-06 0.793E-05 0.318E-05 0.000E+00 0.000E+00
    71.0 0.000E+00 0.000E+00 0.154E-09 0.180E-06 0.105E-06 0.258E-06 0.687E-05 0.228E-05 0.000E+00 0.000E+00

 Z-Verteilung  
 E*/MeV     Bi         Po         At  
   56.0  0.102E-03 0.320E-06 0.644E-07
   57.0  0.910E-04 0.238E-06 0.581E-07
   58.0  0.797E-04 0.179E-06 0.506E-07
   59.0  0.690E-04 0.138E-06 0.426E-07
   60.0  0.593E-04 0.111E-06 0.349E-07
   61.0  0.507E-04 0.925E-07 0.280E-07
   62.0  0.432E-04 0.806E-07 0.221E-07
   63.0  0.369E-04 0.752E-07 0.172E-07
   64.0  0.315E-04 0.725E-07 0.133E-07
   65.0  0.269E-04 0.696E-07 0.102E-07
   66.0  0.229E-04 0.660E-07 0.779E-08
   67.0  0.195E-04 0.614E-07 0.594E-08
   68.0  0.165E-04 0.560E-07 0.453E-08
   69.0  0.139E-04 0.500E-07 0.345E-08
   70.0  0.116E-04 0.437E-07 0.263E-08
   71.0  0.969E-05 0.376E-07 0.201E-08

 Z und A Mittelwerte    
   E*/MeV     MW.Z  St.Abw.Z      MW.A  St.Abw.A
    56.0     83.00      0.07    187.89      0.63
    57.0     83.00      0.07    187.87      0.63
    58.0     83.00      0.07    187.84      0.63
    59.0     83.00      0.07    187.81      0.64
    60.0     83.00      0.06    187.78      0.65
    61.0     83.00      0.06    187.73      0.66
    62.0     83.00      0.06    187.68      0.66
    63.0     83.00      0.06    187.62      0.66
    64.0     83.00      0.06    187.55      0.66
    65.0     83.00      0.06    187.49      0.66
    66.0     83.00      0.06    187.42      0.66
    67.0     83.00      0.07    187.36      0.65
    68.0     83.00      0.07    187.30      0.65
    69.0     83.00      0.07    187.25      0.65
    70.0     83.00      0.07    187.19      0.66
    71.0     83.00      0.07    187.13      0.67

 HIVAP  CASOUT

   93Nb 99Ru 192At IFUS10 barfac0.59 sigr3.0 10/02/2023 10:34 Sitarcik  


     E_lab  A*MeV   E*/MeV     SI_fus      SI_VR     SI_Spalt  L_krit     b_Spalt

   483.769    5.20    72.0  0.2319E+03  0.8099E-05  0.2244E+03    65.0       96.75
   485.708    5.22    73.0  0.2310E+03  0.6689E-05  0.2235E+03    65.0       96.75
   487.647    5.24    74.0  0.2301E+03  0.5384E-05  0.2226E+03    65.0       96.76
   489.587    5.26    75.0  0.2292E+03  0.4490E-05  0.2218E+03    65.0       96.76
   491.526    5.29    76.0  0.2283E+03  0.3806E-05  0.2209E+03    65.0       96.77
   493.466    5.31    77.0  0.2274E+03  0.3286E-05  0.2200E+03    65.0       96.78
   495.405    5.33    78.0  0.2265E+03  0.2878E-05  0.2192E+03    65.0       96.78
   497.344    5.35    79.0  0.2256E+03  0.2510E-05  0.2184E+03    65.0       96.79
   499.284    5.37    80.0  0.2247E+03  0.2211E-05  0.2175E+03    65.0       96.79
   501.223    5.39    81.0  0.2239E+03  0.1914E-05  0.2167E+03    65.0       96.80
   503.163    5.41    82.0  0.2230E+03  0.1603E-05  0.2159E+03    65.0       96.80
   505.102    5.43    83.0  0.2221E+03  0.1384E-05  0.2150E+03    65.0       96.81
   507.041    5.45    84.0  0.2213E+03  0.1211E-05  0.2142E+03    65.0       96.81
   508.981    5.47    85.0  0.2204E+03  0.1539E+01  0.2092E+03    65.0       94.90
   510.920    5.49    86.0  0.2196E+03  0.1501E+01  0.2083E+03    65.0       94.84
   512.860    5.51    87.0  0.2188E+03  0.1465E+01  0.2074E+03    65.0       94.79

     Querschnitte / mbarn

  E*/MeV   183At     184At     185At     186At     187At     188At     189At     190At     191At     192At  
    72.0 0.000E+00 0.000E+00 0.000E+00 0.448E-12 0.581E-09 0.950E-09 0.000E+00 0.000E+00 0.000E+00 0.000E+00
    73.0 0.000E+00 0.000E+00 0.000E+00 0.120E-11 0.502E-09 0.664E-09 0.000E+00 0.000E+00 0.000E+00 0.000E+00
    74.0 0.000E+00 0.000E+00 0.000E+00 0.275E-11 0.424E-09 0.460E-09 0.000E+00 0.000E+00 0.000E+00 0.000E+00
    75.0 0.000E+00 0.000E+00 0.000E+00 0.545E-11 0.352E-09 0.316E-09 0.000E+00 0.000E+00 0.000E+00 0.000E+00
    76.0 0.000E+00 0.000E+00 0.000E+00 0.957E-11 0.287E-09 0.216E-09 0.000E+00 0.000E+00 0.000E+00 0.000E+00
    77.0 0.000E+00 0.000E+00 0.000E+00 0.152E-10 0.231E-09 0.145E-09 0.000E+00 0.000E+00 0.000E+00 0.000E+00
    78.0 0.000E+00 0.000E+00 0.000E+00 0.220E-10 0.183E-09 0.927E-10 0.000E+00 0.000E+00 0.000E+00 0.000E+00
    79.0 0.000E+00 0.000E+00 0.000E+00 0.297E-10 0.144E-09 0.514E-10 0.000E+00 0.000E+00 0.000E+00 0.000E+00
    80.0 0.000E+00 0.000E+00 0.227E-16 0.375E-10 0.112E-09 0.137E-10 0.000E+00 0.000E+00 0.000E+00 0.000E+00
    81.0 0.000E+00 0.000E+00 0.123E-15 0.447E-10 0.859E-10 0.000E+00 0.000E+00 0.000E+00 0.000E+00 0.000E+00
    82.0 0.000E+00 0.000E+00 0.525E-15 0.508E-10 0.655E-10 0.000E+00 0.000E+00 0.000E+00 0.000E+00 0.000E+00
    83.0 0.000E+00 0.000E+00 0.181E-14 0.553E-10 0.495E-10 0.000E+00 0.000E+00 0.000E+00 0.000E+00 0.000E+00
    84.0 0.000E+00 0.000E+00 0.516E-14 0.580E-10 0.372E-10 0.000E+00 0.000E+00 0.000E+00 0.000E+00 0.000E+00
    85.0 0.000E+00 0.000E+00 0.000E+00 0.000E+00 0.278E-10 0.000E+00 0.000E+00 0.000E+00 0.000E+00 0.154E+01
    86.0 0.000E+00 0.000E+00 0.000E+00 0.000E+00 0.205E-10 0.000E+00 0.000E+00 0.000E+00 0.000E+00 0.150E+01
    87.0 0.000E+00 0.000E+00 0.000E+00 0.000E+00 0.150E-10 0.000E+00 0.000E+00 0.000E+00 0.000E+00 0.146E+01

  E*/MeV   182Po     183Po     184Po     185Po     186Po     187Po     188Po     189Po     190Po     191Po  
    72.0 0.000E+00 0.000E+00 0.000E+00 0.000E+00 0.409E-09 0.307E-07 0.467E-09 0.000E+00 0.000E+00 0.000E+00
    73.0 0.000E+00 0.000E+00 0.000E+00 0.109E-13 0.534E-09 0.256E-07 0.199E-09 0.000E+00 0.000E+00 0.000E+00
    74.0 0.000E+00 0.000E+00 0.000E+00 0.337E-13 0.658E-09 0.210E-07 0.000E+00 0.000E+00 0.000E+00 0.000E+00
    75.0 0.000E+00 0.000E+00 0.000E+00 0.860E-13 0.770E-09 0.170E-07 0.000E+00 0.000E+00 0.000E+00 0.000E+00
    76.0 0.000E+00 0.000E+00 0.000E+00 0.191E-12 0.861E-09 0.136E-07 0.000E+00 0.000E+00 0.000E+00 0.000E+00
    77.0 0.000E+00 0.000E+00 0.000E+00 0.387E-12 0.925E-09 0.107E-07 0.000E+00 0.000E+00 0.000E+00 0.000E+00
    78.0 0.000E+00 0.000E+00 0.000E+00 0.749E-12 0.959E-09 0.838E-08 0.000E+00 0.000E+00 0.000E+00 0.000E+00
    79.0 0.000E+00 0.000E+00 0.000E+00 0.142E-11 0.963E-09 0.648E-08 0.000E+00 0.000E+00 0.000E+00 0.000E+00
    80.0 0.000E+00 0.000E+00 0.000E+00 0.266E-11 0.940E-09 0.496E-08 0.000E+00 0.000E+00 0.000E+00 0.000E+00
    81.0 0.000E+00 0.000E+00 0.000E+00 0.489E-11 0.894E-09 0.377E-08 0.000E+00 0.000E+00 0.000E+00 0.000E+00
    82.0 0.000E+00 0.000E+00 0.000E+00 0.868E-11 0.831E-09 0.285E-08 0.000E+00 0.000E+00 0.000E+00 0.000E+00
    83.0 0.000E+00 0.000E+00 0.000E+00 0.147E-10 0.756E-09 0.213E-08 0.000E+00 0.000E+00 0.000E+00 0.000E+00
    84.0 0.000E+00 0.000E+00 0.000E+00 0.236E-10 0.675E-09 0.159E-08 0.000E+00 0.000E+00 0.000E+00 0.000E+00
    85.0 0.000E+00 0.000E+00 0.000E+00 0.247E-10 0.545E-09 0.117E-08 0.000E+00 0.000E+00 0.000E+00 0.000E+00
    86.0 0.000E+00 0.000E+00 0.000E+00 0.404E-10 0.513E-09 0.860E-09 0.000E+00 0.000E+00 0.000E+00 0.000E+00
    87.0 0.000E+00 0.000E+00 0.905E-16 0.569E-10 0.437E-09 0.621E-09 0.000E+00 0.000E+00 0.000E+00 0.000E+00

  E*/MeV   181Bi     182Bi     183Bi     184Bi     185Bi     186Bi     187Bi     188Bi     189Bi     190Bi  
    72.0 0.000E+00 0.000E+00 0.315E-09 0.180E-06 0.754E-07 0.359E-06 0.584E-05 0.161E-05 0.000E+00 0.000E+00
    73.0 0.000E+00 0.000E+00 0.593E-09 0.175E-06 0.535E-07 0.478E-06 0.488E-05 0.108E-05 0.000E+00 0.000E+00
    74.0 0.000E+00 0.000E+00 0.103E-08 0.164E-06 0.379E-07 0.610E-06 0.402E-05 0.534E-06 0.000E+00 0.000E+00
    75.0 0.000E+00 0.000E+00 0.167E-08 0.151E-06 0.268E-07 0.746E-06 0.326E-05 0.288E-06 0.000E+00 0.000E+00
    76.0 0.000E+00 0.000E+00 0.251E-08 0.135E-06 0.191E-07 0.878E-06 0.261E-05 0.144E-06 0.000E+00 0.000E+00
    77.0 0.000E+00 0.000E+00 0.356E-08 0.118E-06 0.141E-07 0.996E-06 0.207E-05 0.726E-07 0.000E+00 0.000E+00
    78.0 0.000E+00 0.000E+00 0.475E-08 0.102E-06 0.112E-07 0.109E-05 0.162E-05 0.412E-07 0.000E+00 0.000E+00
    79.0 0.000E+00 0.000E+00 0.601E-08 0.858E-07 0.102E-07 0.116E-05 0.124E-05 0.000E+00 0.000E+00 0.000E+00
    80.0 0.000E+00 0.000E+00 0.724E-08 0.714E-07 0.110E-07 0.120E-05 0.913E-06 0.000E+00 0.000E+00 0.000E+00
    81.0 0.000E+00 0.189E-12 0.834E-08 0.585E-07 0.137E-07 0.121E-05 0.619E-06 0.000E+00 0.000E+00 0.000E+00
    82.0 0.000E+00 0.503E-12 0.924E-08 0.474E-07 0.184E-07 0.119E-05 0.336E-06 0.000E+00 0.000E+00 0.000E+00
    83.0 0.000E+00 0.122E-11 0.987E-08 0.380E-07 0.249E-07 0.114E-05 0.167E-06 0.000E+00 0.000E+00 0.000E+00
    84.0 0.000E+00 0.273E-11 0.102E-07 0.301E-07 0.332E-07 0.107E-05 0.606E-07 0.000E+00 0.000E+00 0.000E+00
    85.0 0.000E+00 0.000E+00 0.000E+00 0.000E+00 0.000E+00 0.000E+00 0.000E+00 0.000E+00 0.000E+00 0.000E+00
    86.0 0.000E+00 0.000E+00 0.000E+00 0.000E+00 0.000E+00 0.000E+00 0.000E+00 0.000E+00 0.000E+00 0.000E+00
    87.0 0.000E+00 0.000E+00 0.000E+00 0.000E+00 0.000E+00 0.000E+00 0.000E+00 0.000E+00 0.000E+00 0.000E+00

 Z-Verteilung  
 E*/MeV     Bi         Po         At  
   72.0  0.807E-05 0.316E-07 0.153E-08
   73.0  0.666E-05 0.264E-07 0.117E-08
   74.0  0.536E-05 0.217E-07 0.887E-09
   75.0  0.447E-05 0.178E-07 0.674E-09
   76.0  0.379E-05 0.145E-07 0.513E-09
   77.0  0.327E-05 0.117E-07 0.391E-09
   78.0  0.287E-05 0.934E-08 0.298E-09
   79.0  0.250E-05 0.744E-08 0.225E-09
   80.0  0.220E-05 0.591E-08 0.163E-09
   81.0  0.191E-05 0.467E-08 0.131E-09
   82.0  0.160E-05 0.369E-08 0.116E-09
   83.0  0.138E-05 0.290E-08 0.105E-09
   84.0  0.121E-05 0.229E-08 0.952E-10
   85.0  0.000E+00 0.174E-08 0.154E+01
   86.0  0.000E+00 0.141E-08 0.150E+01
   87.0  0.000E+00 0.112E-08 0.146E+01

 Z und A Mittelwerte    
   E*/MeV     MW.Z  St.Abw.Z      MW.A  St.Abw.A
    72.0     83.00      0.07    187.07      0.69
    73.0     83.00      0.07    186.99      0.71
    74.0     83.00      0.07    186.88      0.71
    75.0     83.00      0.07    186.78      0.72
    76.0     83.00      0.07    186.69      0.72
    77.0     83.00      0.06    186.60      0.72
    78.0     83.00      0.06    186.51      0.72
    79.0     83.00      0.06    186.42      0.70
    80.0     83.00      0.05    186.34      0.68
    81.0     83.00      0.05    186.24      0.66
    82.0     83.00      0.05    186.12      0.61
    83.0     83.00      0.05    186.03      0.56
    84.0     83.00      0.05    185.95      0.50
    85.0     85.00      0.00    192.00      0.00
    86.0     85.00      0.00    192.00      0.00
    87.0     85.00      0.00    192.00      0.00

 HIVAP  CASOUT

   93Nb 99Ru 192At IFUS10 barfac0.59 sigr3.0 10/02/2023 10:34 Sitarcik  


     E_lab  A*MeV   E*/MeV     SI_fus      SI_VR     SI_Spalt  L_krit     b_Spalt

   514.799    5.54    88.0  0.2180E+03  0.1430E+01  0.2065E+03    65.0       94.73
   516.738    5.56    89.0  0.2171E+03  0.1395E+01  0.2056E+03    65.0       94.68
   518.678    5.58    90.0  0.2163E+03  0.1362E+01  0.2047E+03    65.0       94.62
   520.617    5.60    91.0  0.2155E+03  0.1329E+01  0.2038E+03    65.0       94.57

     Querschnitte / mbarn

  E*/MeV   183At     184At     185At     186At     187At     188At     189At     190At     191At     192At  
    88.0 0.000E+00 0.000E+00 0.000E+00 0.000E+00 0.109E-10 0.000E+00 0.000E+00 0.000E+00 0.000E+00 0.143E+01
    89.0 0.000E+00 0.000E+00 0.000E+00 0.000E+00 0.773E-11 0.000E+00 0.000E+00 0.000E+00 0.000E+00 0.140E+01
    90.0 0.000E+00 0.000E+00 0.000E+00 0.000E+00 0.529E-11 0.000E+00 0.000E+00 0.000E+00 0.000E+00 0.136E+01
    91.0 0.000E+00 0.000E+00 0.000E+00 0.000E+00 0.334E-11 0.000E+00 0.000E+00 0.000E+00 0.000E+00 0.133E+01

  E*/MeV   182Po     183Po     184Po     185Po     186Po     187Po     188Po     189Po     190Po     191Po  
    88.0 0.000E+00 0.000E+00 0.334E-15 0.759E-10 0.368E-09 0.443E-09 0.000E+00 0.000E+00 0.000E+00 0.000E+00
    89.0 0.000E+00 0.000E+00 0.108E-14 0.966E-10 0.306E-09 0.309E-09 0.000E+00 0.000E+00 0.000E+00 0.000E+00
    90.0 0.000E+00 0.000E+00 0.307E-14 0.118E-09 0.252E-09 0.213E-09 0.000E+00 0.000E+00 0.000E+00 0.000E+00
    91.0 0.000E+00 0.000E+00 0.781E-14 0.138E-09 0.205E-09 0.135E-09 0.000E+00 0.000E+00 0.000E+00 0.000E+00

  E*/MeV   181Bi     182Bi     183Bi     184Bi     185Bi     186Bi     187Bi     188Bi     189Bi     190Bi  
    88.0 0.000E+00 0.000E+00 0.000E+00 0.000E+00 0.000E+00 0.000E+00 0.000E+00 0.000E+00 0.000E+00 0.000E+00
    89.0 0.000E+00 0.000E+00 0.000E+00 0.000E+00 0.000E+00 0.000E+00 0.000E+00 0.000E+00 0.000E+00 0.000E+00
    90.0 0.000E+00 0.000E+00 0.000E+00 0.000E+00 0.000E+00 0.000E+00 0.000E+00 0.000E+00 0.000E+00 0.000E+00
    91.0 0.000E+00 0.000E+00 0.000E+00 0.000E+00 0.000E+00 0.000E+00 0.000E+00 0.000E+00 0.000E+00 0.000E+00

 Z-Verteilung  
 E*/MeV     Bi         Po         At  
   88.0  0.000E+00 0.886E-09 0.143E+01
   89.0  0.000E+00 0.711E-09 0.140E+01
   90.0  0.000E+00 0.583E-09 0.136E+01
   91.0  0.000E+00 0.479E-09 0.133E+01

 Z und A Mittelwerte    
   E*/MeV     MW.Z  St.Abw.Z      MW.A  St.Abw.A
    88.0     85.00      0.00    192.00      0.00
    89.0     85.00      0.00    192.00      0.00
    90.0     85.00      0.00    192.00      0.00
    91.0     85.00      0.00    192.00      0.00
                                                                        
           



 Ende HIVAP 
