          Programm HIVAP,  Autor  W.Reisdorf   Version fuer "rzri6f" vom  7. 6. 1994

           Bearbeitung F.P.Heﬂberger
           
   93Nb 99Ru 192At IFUS10 barfac0.44 sigr3.0 05/04/2023 15:54 Sitarcik  
           

 Unterprogramm SEPENF

 benutzt Sierks Programm BARFIT 
 Q-Wert  -177.443 MeV
 Massen aus der Datei "mlz.dat" 

         Exp. Schaleneffekte,  SHELL0=    0.00
          At  183   At  184   At  185   At  186   At  187   At  188   At  189   At  190   At  191   At  192
             -0.16     -0.96     -0.15     -0.95     -0.13     -0.92     -0.10     -0.88     -0.07     -0.87
          Po  182   Po  183   Po  184   Po  185   Po  186   Po  187   Po  188   Po  189   Po  190   Po  191
              0.25     -0.41      0.51     -0.23      0.60     -0.21      0.55     -0.34      0.34     -0.63
          Bi  181   Bi  182   Bi  183   Bi  184   Bi  185   Bi  186   Bi  187   Bi  188   Bi  189   Bi  190
             -1.37     -2.02     -1.09     -1.82     -0.98     -1.79     -1.03     -1.92     -1.24     -2.20
          Pb  180   Pb  181   Pb  182   Pb  183   Pb  184   Pb  185   Pb  186   Pb  187   Pb  188   Pb  189
             -1.40     -2.05     -1.11     -1.85     -1.00     -1.81     -1.05     -1.94     -1.26     -2.22

           BARFAC=   0.440      BAR0=   0.000

          Separationsenergien (BN,BP,BA) und Spaltbarrieren
          At  183   At  184   At  185   At  186   At  187   At  188   At  189   At  190   At  191   At  192
             12.65     10.83     12.24     10.41     11.81     10.00     11.40      9.60     11.01      9.25
             -3.05     -2.63     -2.25     -1.92     -1.64     -1.40     -1.20     -1.04     -0.93     -0.82
            -10.29     -9.93     -9.63     -9.36     -9.14     -8.96     -8.83     -8.72     -8.66     -8.59
              1.90      2.81      2.10      3.01      2.30      3.20      2.48      3.37      2.67      3.57
             -0.81     -1.62     -0.81     -1.61     -0.80     -1.60     -0.80     -1.60     -0.80     -1.59
          Po  182   Po  183   Po  184   Po  185   Po  186   Po  187   Po  188   Po  189   Po  190   Po  191
             12.21     10.41     11.86     10.08     11.54      9.75     11.20      9.44     10.89      9.14
             -1.35     -1.08     -0.82     -0.54     -0.28     -0.02      0.24      0.50      0.75      1.01
            -10.37    -10.16     -9.96     -9.74     -9.53     -9.32     -9.12     -8.90     -8.69     -8.47
              1.90      2.68      1.87      2.73      2.01      2.94      2.29      3.30      2.74      3.81
              0.00     -0.81      0.00     -0.81      0.00     -0.80      0.00     -0.80      0.00     -0.80
          Bi  181   Bi  182   Bi  183   Bi  184   Bi  185   Bi  186   Bi  187   Bi  188   Bi  189   Bi  190
             11.94     10.14     11.60      9.81     11.27      9.49     10.95      9.18     10.64      8.88
             -2.58     -2.30     -2.03     -1.76     -1.49     -1.22     -0.96     -0.69     -0.43     -0.17
             -8.40     -8.19     -7.99     -7.78     -7.58     -7.36     -7.16     -6.93     -6.73     -6.50
              3.96      4.75      3.94      4.80      4.08      5.01      4.37      5.38      4.82      5.89
             -0.82     -1.63     -0.81     -1.62     -0.81     -1.61     -0.80     -1.60     -0.80     -1.60
          Pb  180   Pb  181   Pb  182   Pb  183   Pb  184   Pb  185   Pb  186   Pb  187   Pb  188   Pb  189
             11.67      9.86     11.33      9.54     11.00      9.22     10.68      8.92     10.38      8.62
              1.15      1.42      1.68      1.94      2.20      2.46      2.71      2.97      3.22      3.47
             -6.44     -6.22     -6.03     -5.81     -5.61     -5.39     -5.19     -4.97     -4.76     -4.54
              4.49      5.28      4.48      5.35      4.63      5.57      4.93      5.94      5.38      6.46
              0.00     -0.82      0.00     -0.81      0.00     -0.81      0.00     -0.80      0.00     -0.80

 benutzter Q-Wert  -177.443 MeV    effektiver Q-Wert  -177.443 MeV

 HIVAP  CASOUT

   93Nb 99Ru 192At IFUS10 barfac0.44 sigr3.0 05/04/2023 15:54 Sitarcik  


     E_lab  A*MeV   E*/MeV     SI_fus      SI_VR     SI_Spalt  L_krit     b_Spalt

   359.647    3.87     8.0  0.1378E-04  0.9414E-08  0.1377E-04     0.0       99.93
   361.587    3.89     9.0  0.7079E-04  0.3630E-07  0.7076E-04     0.0       99.95
   363.526    3.91    10.0  0.3534E-03  0.1846E-06  0.3533E-03     0.0       99.95
   365.466    3.93    11.0  0.1674E-02  0.9116E-06  0.1673E-02     0.0       99.95
   367.405    3.95    12.0  0.6929E-02  0.3615E-05  0.6926E-02     0.0       99.95
   369.344    3.97    13.0  0.2273E-01  0.1000E-04  0.2272E-01     0.0       99.96
   371.284    3.99    14.0  0.5918E-01  0.1861E-04  0.5917E-01     0.0       99.97
   373.223    4.01    15.0  0.1313E+00  0.2699E-04  0.1312E+00     0.0       99.98
   375.163    4.03    16.0  0.2639E+00  0.3492E-04  0.2638E+00     0.0       99.99
   377.102    4.05    17.0  0.4849E+00  0.4270E-04  0.4849E+00     0.0       99.99
   379.041    4.08    18.0  0.8351E+00  0.5056E-04  0.8350E+00     0.0       99.99
   380.981    4.10    19.0  0.1369E+01  0.5726E-04  0.1369E+01     0.0      100.00
   382.920    4.12    20.0  0.2149E+01  0.6118E-04  0.2149E+01     0.0      100.00
   384.860    4.14    21.0  0.3260E+01  0.6278E-04  0.3260E+01     0.0      100.00
   386.799    4.16    22.0  0.4784E+01  0.6407E-04  0.4783E+01     0.0       99.98
   388.738    4.18    23.0  0.6814E+01  0.6766E-04  0.6810E+01     0.0       99.95

     Querschnitte / mbarn

  E*/MeV   183At     184At     185At     186At     187At     188At     189At     190At     191At     192At  
     8.0 0.000E+00 0.000E+00 0.000E+00 0.000E+00 0.000E+00 0.000E+00 0.000E+00 0.000E+00 0.000E+00 0.677E-08
     9.0 0.000E+00 0.000E+00 0.000E+00 0.000E+00 0.000E+00 0.000E+00 0.000E+00 0.000E+00 0.000E+00 0.135E-07
    10.0 0.000E+00 0.000E+00 0.000E+00 0.000E+00 0.000E+00 0.000E+00 0.000E+00 0.000E+00 0.231E-09 0.249E-07
    11.0 0.000E+00 0.000E+00 0.000E+00 0.000E+00 0.000E+00 0.000E+00 0.000E+00 0.000E+00 0.164E-07 0.414E-07
    12.0 0.000E+00 0.000E+00 0.000E+00 0.000E+00 0.000E+00 0.000E+00 0.000E+00 0.000E+00 0.296E-06 0.497E-07
    13.0 0.000E+00 0.000E+00 0.000E+00 0.000E+00 0.000E+00 0.000E+00 0.000E+00 0.000E+00 0.162E-05 0.564E-07
    14.0 0.000E+00 0.000E+00 0.000E+00 0.000E+00 0.000E+00 0.000E+00 0.000E+00 0.000E+00 0.353E-05 0.579E-07
    15.0 0.000E+00 0.000E+00 0.000E+00 0.000E+00 0.000E+00 0.000E+00 0.000E+00 0.000E+00 0.493E-05 0.616E-07
    16.0 0.000E+00 0.000E+00 0.000E+00 0.000E+00 0.000E+00 0.000E+00 0.000E+00 0.000E+00 0.529E-05 0.649E-07
    17.0 0.000E+00 0.000E+00 0.000E+00 0.000E+00 0.000E+00 0.000E+00 0.000E+00 0.000E+00 0.495E-05 0.611E-07
    18.0 0.000E+00 0.000E+00 0.000E+00 0.000E+00 0.000E+00 0.000E+00 0.000E+00 0.000E+00 0.422E-05 0.589E-07
    19.0 0.000E+00 0.000E+00 0.000E+00 0.000E+00 0.000E+00 0.000E+00 0.000E+00 0.000E+00 0.342E-05 0.408E-07
    20.0 0.000E+00 0.000E+00 0.000E+00 0.000E+00 0.000E+00 0.000E+00 0.000E+00 0.000E+00 0.272E-05 0.161E-07
    21.0 0.000E+00 0.000E+00 0.000E+00 0.000E+00 0.000E+00 0.000E+00 0.000E+00 0.754E-10 0.207E-05 0.000E+00
    22.0 0.000E+00 0.000E+00 0.000E+00 0.000E+00 0.000E+00 0.000E+00 0.000E+00 0.287E-08 0.162E-05 0.000E+00
    23.0 0.000E+00 0.000E+00 0.000E+00 0.000E+00 0.000E+00 0.000E+00 0.000E+00 0.382E-07 0.118E-05 0.000E+00

  E*/MeV   182Po     183Po     184Po     185Po     186Po     187Po     188Po     189Po     190Po     191Po  
     8.0 0.000E+00 0.000E+00 0.000E+00 0.000E+00 0.000E+00 0.000E+00 0.000E+00 0.000E+00 0.000E+00 0.263E-08
     9.0 0.000E+00 0.000E+00 0.000E+00 0.000E+00 0.000E+00 0.000E+00 0.000E+00 0.000E+00 0.000E+00 0.227E-07
    10.0 0.000E+00 0.000E+00 0.000E+00 0.000E+00 0.000E+00 0.000E+00 0.000E+00 0.000E+00 0.000E+00 0.158E-06
    11.0 0.000E+00 0.000E+00 0.000E+00 0.000E+00 0.000E+00 0.000E+00 0.000E+00 0.000E+00 0.000E+00 0.838E-06
    12.0 0.000E+00 0.000E+00 0.000E+00 0.000E+00 0.000E+00 0.000E+00 0.000E+00 0.000E+00 0.000E+00 0.316E-05
    13.0 0.000E+00 0.000E+00 0.000E+00 0.000E+00 0.000E+00 0.000E+00 0.000E+00 0.000E+00 0.000E+00 0.783E-05
    14.0 0.000E+00 0.000E+00 0.000E+00 0.000E+00 0.000E+00 0.000E+00 0.000E+00 0.000E+00 0.000E+00 0.133E-04
    15.0 0.000E+00 0.000E+00 0.000E+00 0.000E+00 0.000E+00 0.000E+00 0.000E+00 0.000E+00 0.576E-10 0.176E-04
    16.0 0.000E+00 0.000E+00 0.000E+00 0.000E+00 0.000E+00 0.000E+00 0.000E+00 0.000E+00 0.854E-09 0.197E-04
    17.0 0.000E+00 0.000E+00 0.000E+00 0.000E+00 0.000E+00 0.000E+00 0.000E+00 0.000E+00 0.689E-08 0.193E-04
    18.0 0.000E+00 0.000E+00 0.000E+00 0.000E+00 0.000E+00 0.000E+00 0.000E+00 0.000E+00 0.369E-07 0.172E-04
    19.0 0.000E+00 0.000E+00 0.000E+00 0.000E+00 0.000E+00 0.000E+00 0.000E+00 0.000E+00 0.137E-06 0.144E-04
    20.0 0.000E+00 0.000E+00 0.000E+00 0.000E+00 0.000E+00 0.000E+00 0.000E+00 0.000E+00 0.377E-06 0.114E-04
    21.0 0.000E+00 0.000E+00 0.000E+00 0.000E+00 0.000E+00 0.000E+00 0.000E+00 0.000E+00 0.810E-06 0.873E-05
    22.0 0.000E+00 0.000E+00 0.000E+00 0.000E+00 0.000E+00 0.000E+00 0.000E+00 0.000E+00 0.139E-05 0.651E-05
    23.0 0.000E+00 0.000E+00 0.000E+00 0.000E+00 0.000E+00 0.000E+00 0.000E+00 0.000E+00 0.197E-05 0.474E-05

  E*/MeV   181Bi     182Bi     183Bi     184Bi     185Bi     186Bi     187Bi     188Bi     189Bi     190Bi  
     8.0 0.000E+00 0.000E+00 0.000E+00 0.000E+00 0.000E+00 0.000E+00 0.000E+00 0.151E-10 0.000E+00 0.000E+00
     9.0 0.000E+00 0.000E+00 0.000E+00 0.000E+00 0.000E+00 0.000E+00 0.000E+00 0.185E-09 0.000E+00 0.000E+00
    10.0 0.000E+00 0.000E+00 0.000E+00 0.000E+00 0.000E+00 0.000E+00 0.000E+00 0.193E-08 0.000E+00 0.000E+00
    11.0 0.000E+00 0.000E+00 0.000E+00 0.000E+00 0.000E+00 0.000E+00 0.000E+00 0.160E-07 0.000E+00 0.314E-12
    12.0 0.000E+00 0.000E+00 0.000E+00 0.000E+00 0.000E+00 0.000E+00 0.000E+00 0.109E-06 0.000E+00 0.103E-10
    13.0 0.000E+00 0.000E+00 0.000E+00 0.000E+00 0.000E+00 0.000E+00 0.000E+00 0.497E-06 0.000E+00 0.147E-09
    14.0 0.000E+00 0.000E+00 0.000E+00 0.000E+00 0.000E+00 0.000E+00 0.000E+00 0.167E-05 0.000E+00 0.120E-08
    15.0 0.000E+00 0.000E+00 0.000E+00 0.000E+00 0.000E+00 0.000E+00 0.000E+00 0.439E-05 0.000E+00 0.707E-08
    16.0 0.000E+00 0.000E+00 0.000E+00 0.000E+00 0.000E+00 0.000E+00 0.000E+00 0.978E-05 0.000E+00 0.323E-07
    17.0 0.000E+00 0.000E+00 0.000E+00 0.000E+00 0.000E+00 0.000E+00 0.252E-10 0.181E-04 0.000E+00 0.117E-06
    18.0 0.000E+00 0.000E+00 0.000E+00 0.000E+00 0.000E+00 0.000E+00 0.447E-09 0.283E-04 0.000E+00 0.362E-06
    19.0 0.000E+00 0.000E+00 0.000E+00 0.000E+00 0.000E+00 0.000E+00 0.320E-08 0.376E-04 0.000E+00 0.974E-06
    20.0 0.000E+00 0.000E+00 0.000E+00 0.000E+00 0.000E+00 0.000E+00 0.162E-07 0.430E-04 0.000E+00 0.232E-05
    21.0 0.000E+00 0.000E+00 0.000E+00 0.000E+00 0.000E+00 0.000E+00 0.643E-07 0.435E-04 0.000E+00 0.494E-05
    22.0 0.000E+00 0.000E+00 0.000E+00 0.000E+00 0.000E+00 0.000E+00 0.208E-06 0.399E-04 0.111E-10 0.938E-05
    23.0 0.000E+00 0.000E+00 0.000E+00 0.000E+00 0.000E+00 0.000E+00 0.573E-06 0.339E-04 0.983E-10 0.160E-04

  E*/MeV   180Pb     181Pb     182Pb     183Pb     184Pb     185Pb     186Pb     187Pb     188Pb     189Pb  
     8.0 0.000E+00 0.000E+00 0.000E+00 0.000E+00 0.000E+00 0.000E+00 0.000E+00 0.000E+00 0.000E+00 0.000E+00
     9.0 0.000E+00 0.000E+00 0.000E+00 0.000E+00 0.000E+00 0.000E+00 0.000E+00 0.000E+00 0.000E+00 0.000E+00
    10.0 0.000E+00 0.000E+00 0.000E+00 0.000E+00 0.000E+00 0.000E+00 0.000E+00 0.000E+00 0.000E+00 0.000E+00
    11.0 0.000E+00 0.000E+00 0.000E+00 0.000E+00 0.000E+00 0.000E+00 0.000E+00 0.217E-11 0.000E+00 0.000E+00
    12.0 0.000E+00 0.000E+00 0.000E+00 0.000E+00 0.000E+00 0.000E+00 0.000E+00 0.145E-09 0.000E+00 0.000E+00
    13.0 0.000E+00 0.000E+00 0.000E+00 0.000E+00 0.000E+00 0.000E+00 0.000E+00 0.112E-08 0.000E+00 0.000E+00
    14.0 0.000E+00 0.000E+00 0.000E+00 0.000E+00 0.000E+00 0.000E+00 0.000E+00 0.547E-08 0.000E+00 0.000E+00
    15.0 0.000E+00 0.000E+00 0.000E+00 0.000E+00 0.000E+00 0.000E+00 0.000E+00 0.203E-07 0.000E+00 0.000E+00
    16.0 0.000E+00 0.000E+00 0.000E+00 0.000E+00 0.000E+00 0.000E+00 0.000E+00 0.618E-07 0.000E+00 0.256E-12
    17.0 0.000E+00 0.000E+00 0.000E+00 0.000E+00 0.000E+00 0.000E+00 0.000E+00 0.155E-06 0.000E+00 0.512E-11
    18.0 0.000E+00 0.000E+00 0.000E+00 0.000E+00 0.000E+00 0.000E+00 0.000E+00 0.344E-06 0.000E+00 0.505E-10
    19.0 0.000E+00 0.000E+00 0.000E+00 0.000E+00 0.000E+00 0.000E+00 0.000E+00 0.698E-06 0.000E+00 0.321E-09
    20.0 0.000E+00 0.000E+00 0.000E+00 0.000E+00 0.000E+00 0.000E+00 0.000E+00 0.137E-05 0.000E+00 0.149E-08
    21.0 0.000E+00 0.000E+00 0.000E+00 0.000E+00 0.000E+00 0.000E+00 0.885E-11 0.269E-05 0.000E+00 0.540E-08
    22.0 0.000E+00 0.000E+00 0.000E+00 0.000E+00 0.000E+00 0.000E+00 0.459E-10 0.510E-05 0.000E+00 0.158E-07
    23.0 0.000E+00 0.000E+00 0.000E+00 0.000E+00 0.000E+00 0.000E+00 0.190E-09 0.916E-05 0.000E+00 0.393E-07

 Z-Verteilung  
 E*/MeV     Pb         Bi         Po         At  
    8.0  0.000E+00 0.151E-10 0.263E-08 0.677E-08
    9.0  0.000E+00 0.185E-09 0.227E-07 0.135E-07
   10.0  0.000E+00 0.193E-08 0.158E-06 0.251E-07
   11.0  0.217E-11 0.160E-07 0.838E-06 0.579E-07
   12.0  0.145E-09 0.109E-06 0.316E-05 0.345E-06
   13.0  0.112E-08 0.497E-06 0.783E-05 0.167E-05
   14.0  0.547E-08 0.167E-05 0.133E-04 0.359E-05
   15.0  0.203E-07 0.440E-05 0.176E-04 0.499E-05
   16.0  0.618E-07 0.982E-05 0.197E-04 0.536E-05
   17.0  0.155E-06 0.182E-04 0.193E-04 0.502E-05
   18.0  0.344E-06 0.287E-04 0.173E-04 0.428E-05
   19.0  0.698E-06 0.386E-04 0.145E-04 0.346E-05
   20.0  0.138E-05 0.453E-04 0.118E-04 0.273E-05
   21.0  0.270E-05 0.485E-04 0.954E-05 0.207E-05
   22.0  0.511E-05 0.494E-04 0.790E-05 0.162E-05
   23.0  0.920E-05 0.505E-04 0.672E-05 0.122E-05

 Z und A Mittelwerte    
   E*/MeV     MW.Z  St.Abw.Z      MW.A  St.Abw.A
     8.0     84.72      0.45    191.71      0.47
     9.0     84.37      0.49    191.36      0.54
    10.0     84.13      0.36    191.10      0.47
    11.0     84.05      0.28    190.99      0.45
    12.0     84.07      0.35    190.92      0.53
    13.0     84.12      0.45    190.86      0.66
    14.0     84.10      0.52    190.73      0.86
    15.0     84.02      0.59    190.51      1.11
    16.0     83.87      0.65    190.15      1.35
    17.0     83.68      0.68    189.71      1.49
    18.0     83.50      0.66    189.29      1.49
    19.0     83.36      0.61    188.96      1.40
    20.0     83.26      0.57    188.76      1.30
    21.0     83.17      0.54    188.66      1.24
    22.0     83.09      0.54    188.63      1.22
    23.0     83.00      0.55    188.65      1.25

 HIVAP  CASOUT

   93Nb 99Ru 192At IFUS10 barfac0.44 sigr3.0 05/04/2023 15:54 Sitarcik  


     E_lab  A*MeV   E*/MeV     SI_fus      SI_VR     SI_Spalt  L_krit     b_Spalt

   390.678    4.20    24.0  0.9442E+01  0.7550E-04  0.9431E+01     2.0       99.88
   392.617    4.22    25.0  0.1275E+02  0.8783E-04  0.1273E+02    17.0       99.82
   394.557    4.24    26.0  0.1685E+02  0.1035E-03  0.1680E+02    24.0       99.74
   396.496    4.26    27.0  0.2177E+02  0.1184E-03  0.2170E+02    30.0       99.66
   398.435    4.28    28.0  0.2760E+02  0.1289E-03  0.2747E+02    35.0       99.54
   400.375    4.31    29.0  0.3438E+02  0.1326E-03  0.3418E+02    65.0       99.44
   402.314    4.33    30.0  0.4207E+02  0.1288E-03  0.4178E+02    65.0       99.31
   404.253    4.35    31.0  0.5069E+02  0.1192E-03  0.5028E+02    65.0       99.19
   406.193    4.37    32.0  0.6019E+02  0.1062E-03  0.5961E+02    65.0       99.04
   408.132    4.39    33.0  0.7042E+02  0.9258E-04  0.6964E+02    65.0       98.89
   410.072    4.41    34.0  0.8136E+02  0.8040E-04  0.8032E+02    65.0       98.72
   412.011    4.43    35.0  0.9279E+02  0.7048E-04  0.9145E+02    65.0       98.56
   413.950    4.45    36.0  0.1046E+03  0.6279E-04  0.1029E+03    65.0       98.38
   415.890    4.47    37.0  0.1166E+03  0.5675E-04  0.1145E+03    65.0       98.23
   417.829    4.49    38.0  0.1286E+03  0.5151E-04  0.1261E+03    65.0       98.06
   419.769    4.51    39.0  0.1405E+03  0.4651E-04  0.1376E+03    65.0       97.90

     Querschnitte / mbarn

  E*/MeV   183At     184At     185At     186At     187At     188At     189At     190At     191At     192At  
    24.0 0.000E+00 0.000E+00 0.000E+00 0.000E+00 0.000E+00 0.000E+00 0.000E+00 0.232E-06 0.882E-06 0.000E+00
    25.0 0.000E+00 0.000E+00 0.000E+00 0.000E+00 0.000E+00 0.000E+00 0.000E+00 0.800E-06 0.709E-06 0.000E+00
    26.0 0.000E+00 0.000E+00 0.000E+00 0.000E+00 0.000E+00 0.000E+00 0.000E+00 0.183E-05 0.621E-06 0.000E+00
    27.0 0.000E+00 0.000E+00 0.000E+00 0.000E+00 0.000E+00 0.000E+00 0.000E+00 0.282E-05 0.566E-06 0.000E+00
    28.0 0.000E+00 0.000E+00 0.000E+00 0.000E+00 0.000E+00 0.000E+00 0.000E+00 0.341E-05 0.390E-06 0.000E+00
    29.0 0.000E+00 0.000E+00 0.000E+00 0.000E+00 0.000E+00 0.000E+00 0.000E+00 0.350E-05 0.237E-06 0.000E+00
    30.0 0.000E+00 0.000E+00 0.000E+00 0.000E+00 0.000E+00 0.000E+00 0.000E+00 0.320E-05 0.135E-06 0.000E+00
    31.0 0.000E+00 0.000E+00 0.000E+00 0.000E+00 0.000E+00 0.000E+00 0.725E-12 0.269E-05 0.739E-07 0.000E+00
    32.0 0.000E+00 0.000E+00 0.000E+00 0.000E+00 0.000E+00 0.000E+00 0.233E-10 0.211E-05 0.392E-07 0.000E+00
    33.0 0.000E+00 0.000E+00 0.000E+00 0.000E+00 0.000E+00 0.000E+00 0.284E-09 0.158E-05 0.211E-07 0.000E+00
    34.0 0.000E+00 0.000E+00 0.000E+00 0.000E+00 0.000E+00 0.000E+00 0.180E-08 0.113E-05 0.113E-07 0.000E+00
    35.0 0.000E+00 0.000E+00 0.000E+00 0.000E+00 0.000E+00 0.000E+00 0.679E-08 0.781E-06 0.000E+00 0.000E+00
    36.0 0.000E+00 0.000E+00 0.000E+00 0.000E+00 0.000E+00 0.000E+00 0.165E-07 0.525E-06 0.000E+00 0.000E+00
    37.0 0.000E+00 0.000E+00 0.000E+00 0.000E+00 0.000E+00 0.000E+00 0.283E-07 0.345E-06 0.000E+00 0.000E+00
    38.0 0.000E+00 0.000E+00 0.000E+00 0.000E+00 0.000E+00 0.000E+00 0.382E-07 0.223E-06 0.000E+00 0.000E+00
    39.0 0.000E+00 0.000E+00 0.000E+00 0.000E+00 0.000E+00 0.000E+00 0.435E-07 0.144E-06 0.000E+00 0.000E+00

  E*/MeV   182Po     183Po     184Po     185Po     186Po     187Po     188Po     189Po     190Po     191Po  
    24.0 0.000E+00 0.000E+00 0.000E+00 0.000E+00 0.000E+00 0.000E+00 0.000E+00 0.000E+00 0.239E-05 0.343E-05
    25.0 0.000E+00 0.000E+00 0.000E+00 0.000E+00 0.000E+00 0.000E+00 0.000E+00 0.614E-12 0.254E-05 0.246E-05
    26.0 0.000E+00 0.000E+00 0.000E+00 0.000E+00 0.000E+00 0.000E+00 0.000E+00 0.111E-10 0.244E-05 0.177E-05
    27.0 0.000E+00 0.000E+00 0.000E+00 0.000E+00 0.000E+00 0.000E+00 0.000E+00 0.978E-10 0.215E-05 0.123E-05
    28.0 0.000E+00 0.000E+00 0.000E+00 0.000E+00 0.000E+00 0.000E+00 0.000E+00 0.610E-09 0.177E-05 0.813E-06
    29.0 0.000E+00 0.000E+00 0.000E+00 0.000E+00 0.000E+00 0.000E+00 0.000E+00 0.298E-08 0.137E-05 0.510E-06
    30.0 0.000E+00 0.000E+00 0.000E+00 0.000E+00 0.000E+00 0.000E+00 0.000E+00 0.115E-07 0.102E-05 0.289E-06
    31.0 0.000E+00 0.000E+00 0.000E+00 0.000E+00 0.000E+00 0.000E+00 0.000E+00 0.354E-07 0.724E-06 0.147E-06
    32.0 0.000E+00 0.000E+00 0.000E+00 0.000E+00 0.000E+00 0.000E+00 0.000E+00 0.890E-07 0.499E-06 0.771E-07
    33.0 0.000E+00 0.000E+00 0.000E+00 0.000E+00 0.000E+00 0.000E+00 0.000E+00 0.185E-06 0.334E-06 0.375E-07
    34.0 0.000E+00 0.000E+00 0.000E+00 0.000E+00 0.000E+00 0.000E+00 0.000E+00 0.325E-06 0.219E-06 0.189E-07
    35.0 0.000E+00 0.000E+00 0.000E+00 0.000E+00 0.000E+00 0.000E+00 0.000E+00 0.487E-06 0.140E-06 0.101E-07
    36.0 0.000E+00 0.000E+00 0.000E+00 0.000E+00 0.000E+00 0.000E+00 0.000E+00 0.637E-06 0.879E-07 0.000E+00
    37.0 0.000E+00 0.000E+00 0.000E+00 0.000E+00 0.000E+00 0.000E+00 0.258E-12 0.741E-06 0.542E-07 0.000E+00
    38.0 0.000E+00 0.000E+00 0.000E+00 0.000E+00 0.000E+00 0.000E+00 0.187E-11 0.780E-06 0.324E-07 0.000E+00
    39.0 0.000E+00 0.000E+00 0.000E+00 0.000E+00 0.000E+00 0.000E+00 0.971E-11 0.757E-06 0.187E-07 0.000E+00

  E*/MeV   181Bi     182Bi     183Bi     184Bi     185Bi     186Bi     187Bi     188Bi     189Bi     190Bi  
    24.0 0.000E+00 0.000E+00 0.000E+00 0.000E+00 0.000E+00 0.000E+00 0.135E-05 0.273E-04 0.636E-09 0.245E-04
    25.0 0.000E+00 0.000E+00 0.000E+00 0.000E+00 0.000E+00 0.000E+00 0.276E-05 0.210E-04 0.322E-08 0.337E-04
    26.0 0.000E+00 0.000E+00 0.000E+00 0.000E+00 0.000E+00 0.000E+00 0.489E-05 0.156E-04 0.133E-07 0.422E-04
    27.0 0.000E+00 0.000E+00 0.000E+00 0.000E+00 0.000E+00 0.000E+00 0.750E-05 0.113E-04 0.460E-07 0.482E-04
    28.0 0.000E+00 0.000E+00 0.000E+00 0.000E+00 0.000E+00 0.000E+00 0.999E-05 0.802E-05 0.136E-06 0.505E-04
    29.0 0.000E+00 0.000E+00 0.000E+00 0.000E+00 0.000E+00 0.111E-10 0.117E-04 0.565E-05 0.347E-06 0.492E-04
    30.0 0.000E+00 0.000E+00 0.000E+00 0.000E+00 0.000E+00 0.901E-10 0.121E-04 0.396E-05 0.776E-06 0.448E-04
    31.0 0.000E+00 0.000E+00 0.000E+00 0.000E+00 0.000E+00 0.472E-09 0.114E-04 0.278E-05 0.154E-05 0.385E-04
    32.0 0.000E+00 0.000E+00 0.000E+00 0.000E+00 0.000E+00 0.191E-08 0.989E-05 0.195E-05 0.270E-05 0.314E-04
    33.0 0.000E+00 0.000E+00 0.000E+00 0.000E+00 0.000E+00 0.647E-08 0.801E-05 0.134E-05 0.425E-05 0.245E-04
    34.0 0.000E+00 0.000E+00 0.000E+00 0.000E+00 0.000E+00 0.188E-07 0.614E-05 0.889E-06 0.604E-05 0.184E-04
    35.0 0.000E+00 0.000E+00 0.000E+00 0.000E+00 0.000E+00 0.479E-07 0.449E-05 0.563E-06 0.777E-05 0.133E-04
    36.0 0.000E+00 0.000E+00 0.000E+00 0.000E+00 0.000E+00 0.108E-06 0.316E-05 0.338E-06 0.916E-05 0.937E-05
    37.0 0.000E+00 0.000E+00 0.000E+00 0.000E+00 0.000E+00 0.216E-06 0.216E-05 0.193E-06 0.997E-05 0.643E-05
    38.0 0.000E+00 0.000E+00 0.000E+00 0.000E+00 0.000E+00 0.386E-06 0.144E-05 0.102E-06 0.101E-04 0.431E-05
    39.0 0.000E+00 0.000E+00 0.000E+00 0.000E+00 0.000E+00 0.620E-06 0.939E-06 0.516E-07 0.956E-05 0.284E-05

  E*/MeV   180Pb     181Pb     182Pb     183Pb     184Pb     185Pb     186Pb     187Pb     188Pb     189Pb  
    24.0 0.000E+00 0.000E+00 0.000E+00 0.000E+00 0.000E+00 0.000E+00 0.671E-09 0.153E-04 0.000E+00 0.856E-07
    25.0 0.000E+00 0.000E+00 0.000E+00 0.000E+00 0.000E+00 0.000E+00 0.215E-08 0.237E-04 0.000E+00 0.169E-06
    26.0 0.000E+00 0.000E+00 0.000E+00 0.000E+00 0.000E+00 0.000E+00 0.639E-08 0.337E-04 0.000E+00 0.314E-06
    27.0 0.000E+00 0.000E+00 0.000E+00 0.000E+00 0.000E+00 0.000E+00 0.178E-07 0.440E-04 0.000E+00 0.555E-06
    28.0 0.000E+00 0.000E+00 0.000E+00 0.000E+00 0.000E+00 0.000E+00 0.468E-07 0.528E-04 0.191E-12 0.944E-06
    29.0 0.000E+00 0.000E+00 0.000E+00 0.000E+00 0.000E+00 0.000E+00 0.116E-06 0.584E-04 0.988E-11 0.155E-05
    30.0 0.000E+00 0.000E+00 0.000E+00 0.000E+00 0.000E+00 0.000E+00 0.267E-06 0.598E-04 0.478E-10 0.244E-05
    31.0 0.000E+00 0.000E+00 0.000E+00 0.000E+00 0.000E+00 0.000E+00 0.567E-06 0.570E-04 0.194E-09 0.368E-05
    32.0 0.000E+00 0.000E+00 0.000E+00 0.000E+00 0.000E+00 0.000E+00 0.111E-05 0.511E-04 0.676E-09 0.527E-05
    33.0 0.000E+00 0.000E+00 0.000E+00 0.000E+00 0.000E+00 0.190E-10 0.197E-05 0.432E-04 0.208E-08 0.715E-05
    34.0 0.000E+00 0.000E+00 0.000E+00 0.000E+00 0.000E+00 0.985E-10 0.322E-05 0.348E-04 0.574E-08 0.919E-05
    35.0 0.000E+00 0.000E+00 0.000E+00 0.000E+00 0.000E+00 0.373E-09 0.481E-05 0.269E-04 0.143E-07 0.111E-04
    36.0 0.000E+00 0.000E+00 0.000E+00 0.000E+00 0.000E+00 0.116E-08 0.658E-05 0.200E-04 0.328E-07 0.128E-04
    37.0 0.000E+00 0.000E+00 0.000E+00 0.000E+00 0.000E+00 0.306E-08 0.827E-05 0.144E-04 0.690E-07 0.139E-04
    38.0 0.000E+00 0.000E+00 0.000E+00 0.000E+00 0.000E+00 0.703E-08 0.960E-05 0.101E-04 0.134E-06 0.143E-04
    39.0 0.000E+00 0.000E+00 0.000E+00 0.000E+00 0.000E+00 0.142E-07 0.103E-04 0.685E-05 0.242E-06 0.141E-04

 Z-Verteilung  
 E*/MeV     Pb         Bi         Po         At  
   24.0  0.154E-04 0.532E-04 0.582E-05 0.111E-05
   25.0  0.238E-04 0.575E-04 0.501E-05 0.151E-05
   26.0  0.340E-04 0.627E-04 0.421E-05 0.245E-05
   27.0  0.446E-04 0.670E-04 0.338E-05 0.339E-05
   28.0  0.538E-04 0.687E-04 0.258E-05 0.380E-05
   29.0  0.601E-04 0.669E-04 0.189E-05 0.374E-05
   30.0  0.625E-04 0.617E-04 0.132E-05 0.333E-05
   31.0  0.613E-04 0.542E-04 0.907E-06 0.276E-05
   32.0  0.574E-04 0.459E-04 0.665E-06 0.215E-05
   33.0  0.524E-04 0.381E-04 0.557E-06 0.160E-05
   34.0  0.473E-04 0.314E-04 0.562E-06 0.114E-05
   35.0  0.429E-04 0.262E-04 0.637E-06 0.788E-06
   36.0  0.394E-04 0.221E-04 0.725E-06 0.541E-06
   37.0  0.366E-04 0.190E-04 0.795E-06 0.373E-06
   38.0  0.341E-04 0.163E-04 0.813E-06 0.261E-06
   39.0  0.315E-04 0.140E-04 0.775E-06 0.188E-06

 Z und A Mittelwerte    
   E*/MeV     MW.Z  St.Abw.Z      MW.A  St.Abw.A
    24.0     82.90      0.58    188.67      1.31
    25.0     82.82      0.60    188.65      1.37
    26.0     82.76      0.64    188.60      1.42
    27.0     82.71      0.66    188.51      1.45
    28.0     82.66      0.66    188.41      1.46
    29.0     82.62      0.66    188.32      1.46
    30.0     82.58      0.65    188.23      1.45
    31.0     82.54      0.63    188.17      1.43
    32.0     82.51      0.62    188.12      1.40
    33.0     82.48      0.60    188.10      1.38
    34.0     82.45      0.59    188.09      1.36
    35.0     82.42      0.57    188.10      1.34
    36.0     82.40      0.56    188.10      1.33
    37.0     82.38      0.55    188.08      1.34
    38.0     82.36      0.54    188.06      1.36
    39.0     82.35      0.53    188.01      1.38

 HIVAP  CASOUT

   93Nb 99Ru 192At IFUS10 barfac0.44 sigr3.0 05/04/2023 15:54 Sitarcik  


     E_lab  A*MeV   E*/MeV     SI_fus      SI_VR     SI_Spalt  L_krit     b_Spalt

   421.708    4.53    40.0  0.1522E+03  0.4142E-04  0.1488E+03    65.0       97.76
   423.647    4.56    41.0  0.1634E+03  0.3620E-04  0.1595E+03    65.0       97.62
   425.587    4.58    42.0  0.1740E+03  0.3104E-04  0.1696E+03    65.0       97.49
   427.526    4.60    43.0  0.1839E+03  0.2616E-04  0.1791E+03    65.0       97.38
   429.466    4.62    44.0  0.1931E+03  0.2177E-04  0.1879E+03    65.0       97.28
   431.405    4.64    45.0  0.2015E+03  0.1803E-04  0.1958E+03    65.0       97.18
   433.344    4.66    46.0  0.2090E+03  0.1498E-04  0.2030E+03    65.0       97.11
   435.284    4.68    47.0  0.2157E+03  0.1258E-04  0.2093E+03    65.0       97.05
   437.223    4.70    48.0  0.2215E+03  0.1076E-04  0.2148E+03    65.0       96.98
   439.163    4.72    49.0  0.2265E+03  0.9394E-05  0.2195E+03    65.0       96.93
   441.102    4.74    50.0  0.2307E+03  0.8347E-05  0.2235E+03    65.0       96.89
   443.041    4.76    51.0  0.2341E+03  0.7496E-05  0.2267E+03    65.0       96.85
   444.981    4.78    52.0  0.2368E+03  0.6762E-05  0.2293E+03    65.0       96.83
   446.920    4.81    53.0  0.2390E+03  0.6086E-05  0.2313E+03    65.0       96.80
   448.860    4.83    54.0  0.2406E+03  0.5437E-05  0.2328E+03    65.0       96.78
   450.799    4.85    55.0  0.2416E+03  0.4810E-05  0.2338E+03    65.0       96.77

     Querschnitte / mbarn

  E*/MeV   183At     184At     185At     186At     187At     188At     189At     190At     191At     192At  
    40.0 0.000E+00 0.000E+00 0.000E+00 0.000E+00 0.000E+00 0.000E+00 0.439E-07 0.937E-07 0.000E+00 0.000E+00
    41.0 0.000E+00 0.000E+00 0.000E+00 0.000E+00 0.000E+00 0.000E+00 0.403E-07 0.611E-07 0.000E+00 0.000E+00
    42.0 0.000E+00 0.000E+00 0.000E+00 0.000E+00 0.000E+00 0.000E+00 0.346E-07 0.397E-07 0.000E+00 0.000E+00
    43.0 0.000E+00 0.000E+00 0.000E+00 0.000E+00 0.000E+00 0.391E-14 0.280E-07 0.256E-07 0.000E+00 0.000E+00
    44.0 0.000E+00 0.000E+00 0.000E+00 0.000E+00 0.000E+00 0.122E-12 0.217E-07 0.161E-07 0.000E+00 0.000E+00
    45.0 0.000E+00 0.000E+00 0.000E+00 0.000E+00 0.000E+00 0.153E-11 0.162E-07 0.987E-08 0.000E+00 0.000E+00
    46.0 0.000E+00 0.000E+00 0.000E+00 0.000E+00 0.000E+00 0.105E-10 0.118E-07 0.564E-08 0.000E+00 0.000E+00
    47.0 0.000E+00 0.000E+00 0.000E+00 0.000E+00 0.000E+00 0.463E-10 0.836E-08 0.237E-08 0.000E+00 0.000E+00
    48.0 0.000E+00 0.000E+00 0.000E+00 0.000E+00 0.000E+00 0.143E-09 0.581E-08 0.131E-08 0.000E+00 0.000E+00
    49.0 0.000E+00 0.000E+00 0.000E+00 0.000E+00 0.000E+00 0.335E-09 0.398E-08 0.822E-09 0.000E+00 0.000E+00
    50.0 0.000E+00 0.000E+00 0.000E+00 0.000E+00 0.000E+00 0.624E-09 0.270E-08 0.506E-09 0.000E+00 0.000E+00
    51.0 0.000E+00 0.000E+00 0.000E+00 0.000E+00 0.000E+00 0.967E-09 0.181E-08 0.308E-09 0.000E+00 0.000E+00
    52.0 0.000E+00 0.000E+00 0.000E+00 0.000E+00 0.000E+00 0.130E-08 0.121E-08 0.000E+00 0.000E+00 0.000E+00
    53.0 0.000E+00 0.000E+00 0.000E+00 0.000E+00 0.000E+00 0.156E-08 0.800E-09 0.000E+00 0.000E+00 0.000E+00
    54.0 0.000E+00 0.000E+00 0.000E+00 0.000E+00 0.000E+00 0.172E-08 0.526E-09 0.000E+00 0.000E+00 0.000E+00
    55.0 0.000E+00 0.000E+00 0.000E+00 0.000E+00 0.109E-14 0.176E-08 0.344E-09 0.000E+00 0.000E+00 0.000E+00

  E*/MeV   182Po     183Po     184Po     185Po     186Po     187Po     188Po     189Po     190Po     191Po  
    40.0 0.000E+00 0.000E+00 0.000E+00 0.000E+00 0.000E+00 0.000E+00 0.383E-10 0.684E-06 0.867E-08 0.000E+00
    41.0 0.000E+00 0.000E+00 0.000E+00 0.000E+00 0.000E+00 0.000E+00 0.120E-09 0.583E-06 0.164E-08 0.000E+00
    42.0 0.000E+00 0.000E+00 0.000E+00 0.000E+00 0.000E+00 0.000E+00 0.304E-09 0.474E-06 0.000E+00 0.000E+00
    43.0 0.000E+00 0.000E+00 0.000E+00 0.000E+00 0.000E+00 0.000E+00 0.646E-09 0.370E-06 0.000E+00 0.000E+00
    44.0 0.000E+00 0.000E+00 0.000E+00 0.000E+00 0.000E+00 0.000E+00 0.117E-08 0.279E-06 0.000E+00 0.000E+00
    45.0 0.000E+00 0.000E+00 0.000E+00 0.000E+00 0.000E+00 0.000E+00 0.186E-08 0.204E-06 0.000E+00 0.000E+00
    46.0 0.000E+00 0.000E+00 0.000E+00 0.000E+00 0.000E+00 0.000E+00 0.261E-08 0.146E-06 0.000E+00 0.000E+00
    47.0 0.000E+00 0.000E+00 0.000E+00 0.000E+00 0.000E+00 0.000E+00 0.331E-08 0.102E-06 0.000E+00 0.000E+00
    48.0 0.000E+00 0.000E+00 0.000E+00 0.000E+00 0.000E+00 0.000E+00 0.385E-08 0.705E-07 0.000E+00 0.000E+00
    49.0 0.000E+00 0.000E+00 0.000E+00 0.000E+00 0.000E+00 0.761E-14 0.415E-08 0.479E-07 0.000E+00 0.000E+00
    50.0 0.000E+00 0.000E+00 0.000E+00 0.000E+00 0.000E+00 0.456E-13 0.419E-08 0.322E-07 0.000E+00 0.000E+00
    51.0 0.000E+00 0.000E+00 0.000E+00 0.000E+00 0.000E+00 0.219E-12 0.401E-08 0.214E-07 0.000E+00 0.000E+00
    52.0 0.000E+00 0.000E+00 0.000E+00 0.000E+00 0.000E+00 0.865E-12 0.367E-08 0.141E-07 0.000E+00 0.000E+00
    53.0 0.000E+00 0.000E+00 0.000E+00 0.000E+00 0.000E+00 0.286E-11 0.322E-08 0.926E-08 0.000E+00 0.000E+00
    54.0 0.000E+00 0.000E+00 0.000E+00 0.000E+00 0.000E+00 0.804E-11 0.274E-08 0.601E-08 0.000E+00 0.000E+00
    55.0 0.000E+00 0.000E+00 0.000E+00 0.000E+00 0.000E+00 0.195E-10 0.225E-08 0.387E-08 0.000E+00 0.000E+00

  E*/MeV   181Bi     182Bi     183Bi     184Bi     185Bi     186Bi     187Bi     188Bi     189Bi     190Bi  
    40.0 0.000E+00 0.000E+00 0.000E+00 0.000E+00 0.000E+00 0.895E-06 0.602E-06 0.301E-07 0.858E-05 0.184E-05
    41.0 0.000E+00 0.000E+00 0.000E+00 0.000E+00 0.461E-11 0.116E-05 0.382E-06 0.253E-07 0.732E-05 0.117E-05
    42.0 0.000E+00 0.000E+00 0.000E+00 0.000E+00 0.203E-10 0.137E-05 0.240E-06 0.483E-07 0.599E-05 0.740E-06
    43.0 0.000E+00 0.000E+00 0.000E+00 0.000E+00 0.736E-10 0.148E-05 0.150E-06 0.973E-07 0.472E-05 0.463E-06
    44.0 0.000E+00 0.000E+00 0.000E+00 0.000E+00 0.229E-09 0.148E-05 0.936E-07 0.172E-06 0.360E-05 0.286E-06
    45.0 0.000E+00 0.000E+00 0.000E+00 0.000E+00 0.624E-09 0.138E-05 0.578E-07 0.314E-06 0.267E-05 0.176E-06
    46.0 0.000E+00 0.000E+00 0.000E+00 0.000E+00 0.150E-08 0.122E-05 0.355E-07 0.488E-06 0.194E-05 0.107E-06
    47.0 0.000E+00 0.000E+00 0.000E+00 0.000E+00 0.323E-08 0.102E-05 0.216E-07 0.702E-06 0.138E-05 0.642E-07
    48.0 0.000E+00 0.000E+00 0.000E+00 0.000E+00 0.621E-08 0.825E-06 0.131E-07 0.936E-06 0.961E-06 0.380E-07
    49.0 0.000E+00 0.000E+00 0.000E+00 0.000E+00 0.107E-07 0.644E-06 0.771E-08 0.116E-05 0.661E-06 0.222E-07
    50.0 0.000E+00 0.000E+00 0.000E+00 0.000E+00 0.168E-07 0.488E-06 0.441E-08 0.136E-05 0.449E-06 0.127E-07
    51.0 0.000E+00 0.000E+00 0.000E+00 0.000E+00 0.237E-07 0.361E-06 0.111E-08 0.150E-05 0.301E-06 0.494E-08
    52.0 0.000E+00 0.000E+00 0.000E+00 0.000E+00 0.307E-07 0.262E-06 0.849E-09 0.157E-05 0.200E-06 0.894E-09
    53.0 0.000E+00 0.000E+00 0.000E+00 0.000E+00 0.367E-07 0.186E-06 0.110E-08 0.157E-05 0.132E-06 0.468E-09
    54.0 0.000E+00 0.000E+00 0.000E+00 0.150E-12 0.407E-07 0.131E-06 0.331E-08 0.150E-05 0.866E-07 0.287E-09
    55.0 0.000E+00 0.000E+00 0.000E+00 0.585E-12 0.424E-07 0.907E-07 0.653E-08 0.138E-05 0.563E-07 0.000E+00

  E*/MeV   180Pb     181Pb     182Pb     183Pb     184Pb     185Pb     186Pb     187Pb     188Pb     189Pb  
    40.0 0.000E+00 0.000E+00 0.000E+00 0.000E+00 0.000E+00 0.254E-07 0.104E-04 0.457E-05 0.407E-06 0.132E-04
    41.0 0.000E+00 0.000E+00 0.000E+00 0.000E+00 0.000E+00 0.413E-07 0.986E-05 0.299E-05 0.639E-06 0.119E-04
    42.0 0.000E+00 0.000E+00 0.000E+00 0.000E+00 0.000E+00 0.628E-07 0.885E-05 0.193E-05 0.937E-06 0.103E-04
    43.0 0.000E+00 0.000E+00 0.000E+00 0.000E+00 0.000E+00 0.928E-07 0.757E-05 0.122E-05 0.129E-05 0.866E-05
    44.0 0.000E+00 0.000E+00 0.000E+00 0.000E+00 0.000E+00 0.137E-06 0.621E-05 0.768E-06 0.167E-05 0.703E-05
    45.0 0.000E+00 0.000E+00 0.000E+00 0.000E+00 0.118E-11 0.202E-06 0.491E-05 0.478E-06 0.205E-05 0.555E-05
    46.0 0.000E+00 0.000E+00 0.000E+00 0.000E+00 0.385E-11 0.294E-06 0.377E-05 0.295E-06 0.238E-05 0.428E-05
    47.0 0.000E+00 0.000E+00 0.000E+00 0.000E+00 0.110E-10 0.419E-06 0.282E-05 0.183E-06 0.263E-05 0.323E-05
    48.0 0.000E+00 0.000E+00 0.000E+00 0.000E+00 0.282E-10 0.573E-06 0.206E-05 0.116E-06 0.277E-05 0.239E-05
    49.0 0.000E+00 0.000E+00 0.000E+00 0.000E+00 0.658E-10 0.746E-06 0.147E-05 0.782E-07 0.280E-05 0.173E-05
    50.0 0.000E+00 0.000E+00 0.000E+00 0.000E+00 0.143E-09 0.922E-06 0.103E-05 0.602E-07 0.272E-05 0.124E-05
    51.0 0.000E+00 0.000E+00 0.000E+00 0.000E+00 0.297E-09 0.108E-05 0.717E-06 0.568E-07 0.254E-05 0.876E-06
    52.0 0.000E+00 0.000E+00 0.000E+00 0.000E+00 0.595E-09 0.120E-05 0.491E-06 0.656E-07 0.231E-05 0.611E-06
    53.0 0.000E+00 0.000E+00 0.000E+00 0.000E+00 0.117E-08 0.128E-05 0.332E-06 0.856E-07 0.203E-05 0.422E-06
    54.0 0.000E+00 0.000E+00 0.000E+00 0.000E+00 0.221E-08 0.130E-05 0.223E-06 0.117E-06 0.174E-05 0.288E-06
    55.0 0.000E+00 0.000E+00 0.000E+00 0.000E+00 0.404E-08 0.126E-05 0.148E-06 0.160E-06 0.145E-05 0.196E-06

 Z-Verteilung  
 E*/MeV     Pb         Bi         Po         At  
   40.0  0.286E-04 0.119E-04 0.693E-06 0.138E-06
   41.0  0.254E-04 0.101E-04 0.585E-06 0.101E-06
   42.0  0.221E-04 0.839E-05 0.474E-06 0.742E-07
   43.0  0.188E-04 0.691E-05 0.370E-06 0.536E-07
   44.0  0.158E-04 0.563E-05 0.280E-06 0.378E-07
   45.0  0.132E-04 0.460E-05 0.206E-06 0.261E-07
   46.0  0.110E-04 0.379E-05 0.149E-06 0.174E-07
   47.0  0.928E-05 0.319E-05 0.106E-06 0.108E-07
   48.0  0.790E-05 0.278E-05 0.743E-07 0.727E-08
   49.0  0.683E-05 0.251E-05 0.521E-07 0.514E-08
   50.0  0.598E-05 0.233E-05 0.364E-07 0.383E-08
   51.0  0.528E-05 0.219E-05 0.254E-07 0.309E-08
   52.0  0.468E-05 0.206E-05 0.178E-07 0.251E-08
   53.0  0.415E-05 0.193E-05 0.125E-07 0.236E-08
   54.0  0.366E-05 0.176E-05 0.875E-08 0.224E-08
   55.0  0.322E-05 0.158E-05 0.615E-08 0.210E-08

 Z und A Mittelwerte    
   E*/MeV     MW.Z  St.Abw.Z      MW.A  St.Abw.A
    40.0     82.33      0.52    187.96      1.40
    41.0     82.32      0.52    187.91      1.41
    42.0     82.31      0.51    187.86      1.42
    43.0     82.30      0.50    187.81      1.43
    44.0     82.29      0.49    187.77      1.42
    45.0     82.28      0.48    187.73      1.40
    46.0     82.28      0.48    187.69      1.38
    47.0     82.27      0.47    187.66      1.35
    48.0     82.27      0.47    187.62      1.32
    49.0     82.28      0.46    187.56      1.31
    50.0     82.29      0.47    187.50      1.31
    51.0     82.30      0.47    187.42      1.32
    52.0     82.31      0.47    187.34      1.34
    53.0     82.32      0.47    187.26      1.36
    54.0     82.33      0.48    187.18      1.38
    55.0     82.33      0.48    187.10      1.39

 HIVAP  CASOUT

   93Nb 99Ru 192At IFUS10 barfac0.44 sigr3.0 05/04/2023 15:54 Sitarcik  


     E_lab  A*MeV   E*/MeV     SI_fus      SI_VR     SI_Spalt  L_krit     b_Spalt

   452.738    4.87    56.0  0.2423E+03  0.4214E-05  0.2345E+03    65.0       96.76
   454.678    4.89    57.0  0.2427E+03  0.3662E-05  0.2348E+03    65.0       96.75
   456.617    4.91    58.0  0.2427E+03  0.3164E-05  0.2348E+03    65.0       96.75
   458.557    4.93    59.0  0.2425E+03  0.2726E-05  0.2347E+03    65.0       96.75
   460.496    4.95    60.0  0.2421E+03  0.2357E-05  0.2343E+03    65.0       96.76
   462.435    4.97    61.0  0.2416E+03  0.2037E-05  0.2338E+03    65.0       96.77
   464.375    4.99    62.0  0.2409E+03  0.1772E-05  0.2332E+03    65.0       96.78
   466.314    5.01    63.0  0.2402E+03  0.1537E-05  0.2325E+03    65.0       96.79
   468.253    5.03    64.0  0.2394E+03  0.1346E-05  0.2317E+03    65.0       96.80
   470.193    5.06    65.0  0.2385E+03  0.1167E-05  0.2309E+03    65.0       96.82
   472.132    5.08    66.0  0.2376E+03  0.9895E-06  0.2300E+03    65.0       96.83
   474.072    5.10    67.0  0.2366E+03  0.8550E-06  0.2292E+03    65.0       96.85
   476.011    5.12    68.0  0.2357E+03  0.7410E-06  0.2283E+03    65.0       96.86
   477.950    5.14    69.0  0.2348E+03  0.6511E-06  0.2274E+03    65.0       96.88
   479.890    5.16    70.0  0.2338E+03  0.5682E-06  0.2266E+03    65.0       96.90
   481.829    5.18    71.0  0.2329E+03  0.4929E-06  0.2257E+03    65.0       96.91

     Querschnitte / mbarn

  E*/MeV   183At     184At     185At     186At     187At     188At     189At     190At     191At     192At  
    56.0 0.000E+00 0.000E+00 0.000E+00 0.000E+00 0.951E-14 0.169E-08 0.222E-09 0.000E+00 0.000E+00 0.000E+00
    57.0 0.000E+00 0.000E+00 0.000E+00 0.000E+00 0.531E-13 0.156E-08 0.136E-09 0.000E+00 0.000E+00 0.000E+00
    58.0 0.000E+00 0.000E+00 0.000E+00 0.000E+00 0.206E-12 0.138E-08 0.400E-10 0.000E+00 0.000E+00 0.000E+00
    59.0 0.000E+00 0.000E+00 0.000E+00 0.000E+00 0.591E-12 0.117E-08 0.112E-10 0.000E+00 0.000E+00 0.000E+00
    60.0 0.000E+00 0.000E+00 0.000E+00 0.000E+00 0.134E-11 0.973E-09 0.793E-11 0.000E+00 0.000E+00 0.000E+00
    61.0 0.000E+00 0.000E+00 0.000E+00 0.000E+00 0.250E-11 0.787E-09 0.000E+00 0.000E+00 0.000E+00 0.000E+00
    62.0 0.000E+00 0.000E+00 0.000E+00 0.000E+00 0.403E-11 0.623E-09 0.000E+00 0.000E+00 0.000E+00 0.000E+00
    63.0 0.000E+00 0.000E+00 0.000E+00 0.000E+00 0.577E-11 0.484E-09 0.000E+00 0.000E+00 0.000E+00 0.000E+00
    64.0 0.000E+00 0.000E+00 0.000E+00 0.000E+00 0.749E-11 0.370E-09 0.000E+00 0.000E+00 0.000E+00 0.000E+00
    65.0 0.000E+00 0.000E+00 0.000E+00 0.000E+00 0.899E-11 0.279E-09 0.000E+00 0.000E+00 0.000E+00 0.000E+00
    66.0 0.000E+00 0.000E+00 0.000E+00 0.000E+00 0.101E-10 0.208E-09 0.000E+00 0.000E+00 0.000E+00 0.000E+00
    67.0 0.000E+00 0.000E+00 0.000E+00 0.000E+00 0.107E-10 0.153E-09 0.000E+00 0.000E+00 0.000E+00 0.000E+00
    68.0 0.000E+00 0.000E+00 0.000E+00 0.179E-16 0.109E-10 0.112E-09 0.000E+00 0.000E+00 0.000E+00 0.000E+00
    69.0 0.000E+00 0.000E+00 0.000E+00 0.136E-15 0.106E-10 0.807E-10 0.000E+00 0.000E+00 0.000E+00 0.000E+00
    70.0 0.000E+00 0.000E+00 0.000E+00 0.738E-15 0.996E-11 0.579E-10 0.000E+00 0.000E+00 0.000E+00 0.000E+00
    71.0 0.000E+00 0.000E+00 0.000E+00 0.304E-14 0.909E-11 0.413E-10 0.000E+00 0.000E+00 0.000E+00 0.000E+00

  E*/MeV   182Po     183Po     184Po     185Po     186Po     187Po     188Po     189Po     190Po     191Po  
    56.0 0.000E+00 0.000E+00 0.000E+00 0.000E+00 0.000E+00 0.412E-10 0.181E-08 0.245E-08 0.000E+00 0.000E+00
    57.0 0.000E+00 0.000E+00 0.000E+00 0.000E+00 0.000E+00 0.771E-10 0.142E-08 0.144E-08 0.000E+00 0.000E+00
    58.0 0.000E+00 0.000E+00 0.000E+00 0.000E+00 0.000E+00 0.129E-09 0.110E-08 0.614E-09 0.000E+00 0.000E+00
    59.0 0.000E+00 0.000E+00 0.000E+00 0.000E+00 0.000E+00 0.197E-09 0.831E-09 0.535E-10 0.000E+00 0.000E+00
    60.0 0.000E+00 0.000E+00 0.000E+00 0.000E+00 0.000E+00 0.276E-09 0.620E-09 0.000E+00 0.000E+00 0.000E+00
    61.0 0.000E+00 0.000E+00 0.000E+00 0.000E+00 0.185E-15 0.357E-09 0.457E-09 0.000E+00 0.000E+00 0.000E+00
    62.0 0.000E+00 0.000E+00 0.000E+00 0.000E+00 0.880E-15 0.434E-09 0.333E-09 0.000E+00 0.000E+00 0.000E+00
    63.0 0.000E+00 0.000E+00 0.000E+00 0.000E+00 0.343E-14 0.496E-09 0.240E-09 0.000E+00 0.000E+00 0.000E+00
    64.0 0.000E+00 0.000E+00 0.000E+00 0.000E+00 0.112E-13 0.539E-09 0.171E-09 0.000E+00 0.000E+00 0.000E+00
    65.0 0.000E+00 0.000E+00 0.000E+00 0.000E+00 0.312E-13 0.560E-09 0.119E-09 0.000E+00 0.000E+00 0.000E+00
    66.0 0.000E+00 0.000E+00 0.000E+00 0.000E+00 0.758E-13 0.560E-09 0.807E-10 0.000E+00 0.000E+00 0.000E+00
    67.0 0.000E+00 0.000E+00 0.000E+00 0.000E+00 0.162E-12 0.540E-09 0.507E-10 0.000E+00 0.000E+00 0.000E+00
    68.0 0.000E+00 0.000E+00 0.000E+00 0.000E+00 0.310E-12 0.505E-09 0.238E-10 0.000E+00 0.000E+00 0.000E+00
    69.0 0.000E+00 0.000E+00 0.000E+00 0.000E+00 0.538E-12 0.459E-09 0.707E-11 0.000E+00 0.000E+00 0.000E+00
    70.0 0.000E+00 0.000E+00 0.000E+00 0.000E+00 0.853E-12 0.408E-09 0.000E+00 0.000E+00 0.000E+00 0.000E+00
    71.0 0.000E+00 0.000E+00 0.000E+00 0.000E+00 0.125E-11 0.354E-09 0.000E+00 0.000E+00 0.000E+00 0.000E+00

  E*/MeV   181Bi     182Bi     183Bi     184Bi     185Bi     186Bi     187Bi     188Bi     189Bi     190Bi  
    56.0 0.000E+00 0.000E+00 0.000E+00 0.197E-11 0.418E-07 0.622E-07 0.114E-07 0.123E-05 0.364E-07 0.000E+00
    57.0 0.000E+00 0.000E+00 0.000E+00 0.588E-11 0.393E-07 0.422E-07 0.176E-07 0.107E-05 0.233E-07 0.000E+00
    58.0 0.000E+00 0.000E+00 0.000E+00 0.156E-10 0.354E-07 0.285E-07 0.254E-07 0.896E-06 0.148E-07 0.000E+00
    59.0 0.000E+00 0.000E+00 0.000E+00 0.375E-10 0.308E-07 0.191E-07 0.341E-07 0.733E-06 0.930E-08 0.000E+00
    60.0 0.000E+00 0.000E+00 0.000E+00 0.816E-10 0.260E-07 0.127E-07 0.426E-07 0.591E-06 0.567E-08 0.000E+00
    61.0 0.000E+00 0.000E+00 0.000E+00 0.162E-09 0.214E-07 0.839E-08 0.505E-07 0.459E-06 0.323E-08 0.000E+00
    62.0 0.000E+00 0.000E+00 0.000E+00 0.293E-09 0.172E-07 0.553E-08 0.567E-07 0.354E-06 0.151E-08 0.000E+00
    63.0 0.000E+00 0.000E+00 0.000E+00 0.489E-09 0.136E-07 0.363E-08 0.612E-07 0.256E-06 0.166E-09 0.000E+00
    64.0 0.000E+00 0.000E+00 0.000E+00 0.752E-09 0.105E-07 0.239E-08 0.633E-07 0.187E-06 0.000E+00 0.000E+00
    65.0 0.000E+00 0.000E+00 0.000E+00 0.107E-08 0.800E-08 0.159E-08 0.630E-07 0.121E-06 0.000E+00 0.000E+00
    66.0 0.000E+00 0.000E+00 0.819E-14 0.143E-08 0.601E-08 0.111E-08 0.606E-07 0.506E-07 0.000E+00 0.000E+00
    67.0 0.000E+00 0.000E+00 0.282E-13 0.179E-08 0.447E-08 0.852E-09 0.566E-07 0.177E-07 0.000E+00 0.000E+00
    68.0 0.000E+00 0.000E+00 0.860E-13 0.212E-08 0.328E-08 0.762E-09 0.511E-07 0.000E+00 0.000E+00 0.000E+00
    69.0 0.000E+00 0.000E+00 0.236E-12 0.238E-08 0.239E-08 0.871E-09 0.451E-07 0.000E+00 0.000E+00 0.000E+00
    70.0 0.000E+00 0.000E+00 0.585E-12 0.256E-08 0.173E-08 0.113E-08 0.392E-07 0.000E+00 0.000E+00 0.000E+00
    71.0 0.000E+00 0.000E+00 0.132E-11 0.263E-08 0.124E-08 0.157E-08 0.331E-07 0.000E+00 0.000E+00 0.000E+00

  E*/MeV   180Pb     181Pb     182Pb     183Pb     184Pb     185Pb     186Pb     187Pb     188Pb     189Pb  
    56.0 0.000E+00 0.000E+00 0.000E+00 0.000E+00 0.701E-08 0.118E-05 0.978E-07 0.215E-06 0.119E-05 0.132E-06
    57.0 0.000E+00 0.000E+00 0.000E+00 0.000E+00 0.115E-07 0.107E-05 0.642E-07 0.278E-06 0.954E-06 0.879E-07
    58.0 0.000E+00 0.000E+00 0.000E+00 0.372E-12 0.178E-07 0.945E-06 0.420E-07 0.345E-06 0.752E-06 0.583E-07
    59.0 0.000E+00 0.000E+00 0.000E+00 0.116E-11 0.258E-07 0.810E-06 0.274E-07 0.412E-06 0.583E-06 0.384E-07
    60.0 0.000E+00 0.000E+00 0.000E+00 0.317E-11 0.354E-07 0.677E-06 0.181E-07 0.475E-06 0.446E-06 0.252E-07
    61.0 0.000E+00 0.000E+00 0.000E+00 0.777E-11 0.458E-07 0.555E-06 0.123E-07 0.526E-06 0.337E-06 0.163E-07
    62.0 0.000E+00 0.000E+00 0.000E+00 0.171E-10 0.561E-07 0.445E-06 0.901E-08 0.563E-06 0.252E-06 0.105E-07
    63.0 0.000E+00 0.000E+00 0.000E+00 0.343E-10 0.654E-07 0.352E-06 0.772E-08 0.583E-06 0.186E-06 0.672E-08
    64.0 0.000E+00 0.000E+00 0.000E+00 0.630E-10 0.729E-07 0.273E-06 0.814E-08 0.586E-06 0.136E-06 0.423E-08
    65.0 0.000E+00 0.000E+00 0.000E+00 0.108E-09 0.778E-07 0.210E-06 0.100E-07 0.572E-06 0.985E-07 0.264E-08
    66.0 0.000E+00 0.000E+00 0.000E+00 0.175E-09 0.799E-07 0.159E-06 0.133E-07 0.544E-06 0.708E-07 0.160E-08
    67.0 0.000E+00 0.000E+00 0.000E+00 0.273E-09 0.792E-07 0.119E-06 0.179E-07 0.505E-06 0.505E-07 0.939E-09
    68.0 0.000E+00 0.000E+00 0.000E+00 0.415E-09 0.761E-07 0.882E-07 0.235E-07 0.459E-06 0.358E-07 0.510E-09
    69.0 0.000E+00 0.000E+00 0.000E+00 0.621E-09 0.711E-07 0.649E-07 0.299E-07 0.408E-06 0.252E-07 0.220E-09
    70.0 0.000E+00 0.000E+00 0.000E+00 0.915E-09 0.647E-07 0.473E-07 0.366E-07 0.356E-06 0.176E-07 0.000E+00
    71.0 0.000E+00 0.000E+00 0.000E+00 0.132E-08 0.576E-07 0.343E-07 0.432E-07 0.305E-06 0.122E-07 0.000E+00

 Z-Verteilung  
 E*/MeV     Pb         Bi         Po         At  
   56.0  0.282E-05 0.139E-05 0.430E-08 0.192E-08
   57.0  0.247E-05 0.119E-05 0.294E-08 0.169E-08
   58.0  0.216E-05 0.100E-05 0.184E-08 0.142E-08
   59.0  0.190E-05 0.827E-06 0.108E-08 0.119E-08
   60.0  0.168E-05 0.678E-06 0.896E-09 0.982E-09
   61.0  0.149E-05 0.543E-06 0.815E-09 0.789E-09
   62.0  0.134E-05 0.435E-06 0.767E-09 0.627E-09
   63.0  0.120E-05 0.335E-06 0.736E-09 0.490E-09
   64.0  0.108E-05 0.264E-06 0.710E-09 0.377E-09
   65.0  0.971E-06 0.195E-06 0.679E-09 0.288E-09
   66.0  0.869E-06 0.120E-06 0.640E-09 0.218E-09
   67.0  0.773E-06 0.814E-07 0.591E-09 0.164E-09
   68.0  0.683E-06 0.573E-07 0.529E-09 0.122E-09
   69.0  0.600E-06 0.508E-07 0.467E-09 0.913E-10
   70.0  0.523E-06 0.446E-07 0.409E-09 0.679E-10
   71.0  0.454E-06 0.385E-07 0.355E-09 0.504E-10

 Z und A Mittelwerte    
   E*/MeV     MW.Z  St.Abw.Z      MW.A  St.Abw.A
    56.0     82.33      0.48    187.03      1.40
    57.0     82.33      0.47    186.97      1.40
    58.0     82.32      0.47    186.91      1.39
    59.0     82.31      0.46    186.86      1.37
    60.0     82.29      0.46    186.81      1.34
    61.0     82.27      0.45    186.77      1.31
    62.0     82.25      0.43    186.73      1.28
    63.0     82.22      0.42    186.69      1.25
    64.0     82.20      0.40    186.65      1.22
    65.0     82.17      0.38    186.61      1.19
    66.0     82.12      0.33    186.53      1.15
    67.0     82.10      0.30    186.49      1.13
    68.0     82.08      0.27    186.45      1.11
    69.0     82.08      0.28    186.44      1.11
    70.0     82.08      0.28    186.43      1.10
    71.0     82.08      0.27    186.41      1.10

 HIVAP  CASOUT

   93Nb 99Ru 192At IFUS10 barfac0.44 sigr3.0 05/04/2023 15:54 Sitarcik  


     E_lab  A*MeV   E*/MeV     SI_fus      SI_VR     SI_Spalt  L_krit     b_Spalt

   483.769    5.20    72.0  0.2319E+03  0.4255E-06  0.2248E+03    65.0       96.93
   485.708    5.22    73.0  0.2310E+03  0.3656E-06  0.2240E+03    65.0       96.95
   487.647    5.24    74.0  0.2301E+03  0.3124E-06  0.2231E+03    65.0       96.96
   489.587    5.26    75.0  0.2292E+03  0.2652E-06  0.2223E+03    65.0       96.98
   491.526    5.29    76.0  0.2283E+03  0.2211E-06  0.2214E+03    65.0       97.00
   493.466    5.31    77.0  0.2274E+03  0.1811E-06  0.2206E+03    65.0       97.01
   495.405    5.33    78.0  0.2265E+03  0.1413E-06  0.2198E+03    65.0       97.03
   497.344    5.35    79.0  0.2256E+03  0.1171E-06  0.2189E+03    65.0       97.05
   499.284    5.37    80.0  0.2247E+03  0.9379E-07  0.2181E+03    65.0       97.07
   501.223    5.39    81.0  0.2239E+03  0.7920E-07  0.2173E+03    65.0       97.09
   503.163    5.41    82.0  0.2230E+03  0.6902E-07  0.2165E+03    65.0       97.11
   505.102    5.43    83.0  0.2221E+03  0.6110E-07  0.2158E+03    65.0       97.13
   507.041    5.45    84.0  0.2213E+03  0.5452E-07  0.2150E+03    65.0       97.15
   508.981    5.47    85.0  0.2204E+03  0.1520E+01  0.2107E+03    65.0       95.56
   510.920    5.49    86.0  0.2196E+03  0.1482E+01  0.2098E+03    65.0       95.52
   512.860    5.51    87.0  0.2188E+03  0.1445E+01  0.2089E+03    65.0       95.49

     Querschnitte / mbarn

  E*/MeV   183At     184At     185At     186At     187At     188At     189At     190At     191At     192At  
    72.0 0.000E+00 0.000E+00 0.000E+00 0.989E-14 0.808E-11 0.293E-10 0.000E+00 0.000E+00 0.000E+00 0.000E+00
    73.0 0.000E+00 0.000E+00 0.000E+00 0.263E-13 0.702E-11 0.206E-10 0.000E+00 0.000E+00 0.000E+00 0.000E+00
    74.0 0.000E+00 0.000E+00 0.000E+00 0.589E-13 0.598E-11 0.140E-10 0.000E+00 0.000E+00 0.000E+00 0.000E+00
    75.0 0.000E+00 0.000E+00 0.000E+00 0.114E-12 0.500E-11 0.949E-11 0.000E+00 0.000E+00 0.000E+00 0.000E+00
    76.0 0.000E+00 0.000E+00 0.000E+00 0.197E-12 0.411E-11 0.559E-11 0.000E+00 0.000E+00 0.000E+00 0.000E+00
    77.0 0.000E+00 0.000E+00 0.000E+00 0.306E-12 0.334E-11 0.169E-11 0.000E+00 0.000E+00 0.000E+00 0.000E+00
    78.0 0.000E+00 0.000E+00 0.000E+00 0.437E-12 0.267E-11 0.000E+00 0.000E+00 0.000E+00 0.000E+00 0.000E+00
    79.0 0.000E+00 0.000E+00 0.000E+00 0.580E-12 0.212E-11 0.000E+00 0.000E+00 0.000E+00 0.000E+00 0.000E+00
    80.0 0.000E+00 0.000E+00 0.317E-18 0.723E-12 0.166E-11 0.000E+00 0.000E+00 0.000E+00 0.000E+00 0.000E+00
    81.0 0.000E+00 0.000E+00 0.173E-17 0.855E-12 0.129E-11 0.000E+00 0.000E+00 0.000E+00 0.000E+00 0.000E+00
    82.0 0.000E+00 0.000E+00 0.738E-17 0.965E-12 0.989E-12 0.000E+00 0.000E+00 0.000E+00 0.000E+00 0.000E+00
    83.0 0.000E+00 0.000E+00 0.254E-16 0.105E-11 0.751E-12 0.000E+00 0.000E+00 0.000E+00 0.000E+00 0.000E+00
    84.0 0.000E+00 0.000E+00 0.724E-16 0.109E-11 0.568E-12 0.000E+00 0.000E+00 0.000E+00 0.000E+00 0.000E+00
    85.0 0.000E+00 0.000E+00 0.000E+00 0.000E+00 0.421E-12 0.000E+00 0.000E+00 0.000E+00 0.000E+00 0.152E+01
    86.0 0.000E+00 0.000E+00 0.000E+00 0.000E+00 0.304E-12 0.000E+00 0.000E+00 0.000E+00 0.000E+00 0.148E+01
    87.0 0.000E+00 0.000E+00 0.000E+00 0.000E+00 0.202E-12 0.000E+00 0.000E+00 0.000E+00 0.000E+00 0.145E+01

  E*/MeV   182Po     183Po     184Po     185Po     186Po     187Po     188Po     189Po     190Po     191Po  
    72.0 0.000E+00 0.000E+00 0.000E+00 0.000E+00 0.171E-11 0.302E-09 0.000E+00 0.000E+00 0.000E+00 0.000E+00
    73.0 0.000E+00 0.000E+00 0.000E+00 0.000E+00 0.221E-11 0.253E-09 0.000E+00 0.000E+00 0.000E+00 0.000E+00
    74.0 0.000E+00 0.000E+00 0.000E+00 0.000E+00 0.269E-11 0.208E-09 0.000E+00 0.000E+00 0.000E+00 0.000E+00
    75.0 0.000E+00 0.000E+00 0.000E+00 0.610E-16 0.313E-11 0.169E-09 0.000E+00 0.000E+00 0.000E+00 0.000E+00
    76.0 0.000E+00 0.000E+00 0.000E+00 0.226E-15 0.349E-11 0.136E-09 0.000E+00 0.000E+00 0.000E+00 0.000E+00
    77.0 0.000E+00 0.000E+00 0.000E+00 0.729E-15 0.375E-11 0.108E-09 0.000E+00 0.000E+00 0.000E+00 0.000E+00
    78.0 0.000E+00 0.000E+00 0.000E+00 0.208E-14 0.389E-11 0.849E-10 0.000E+00 0.000E+00 0.000E+00 0.000E+00
    79.0 0.000E+00 0.000E+00 0.000E+00 0.528E-14 0.391E-11 0.662E-10 0.000E+00 0.000E+00 0.000E+00 0.000E+00
    80.0 0.000E+00 0.000E+00 0.000E+00 0.121E-13 0.383E-11 0.511E-10 0.000E+00 0.000E+00 0.000E+00 0.000E+00
    81.0 0.000E+00 0.000E+00 0.000E+00 0.250E-13 0.366E-11 0.391E-10 0.000E+00 0.000E+00 0.000E+00 0.000E+00
    82.0 0.000E+00 0.000E+00 0.000E+00 0.474E-13 0.342E-11 0.297E-10 0.000E+00 0.000E+00 0.000E+00 0.000E+00
    83.0 0.000E+00 0.000E+00 0.000E+00 0.830E-13 0.313E-11 0.223E-10 0.000E+00 0.000E+00 0.000E+00 0.000E+00
    84.0 0.000E+00 0.000E+00 0.000E+00 0.135E-12 0.281E-11 0.165E-10 0.000E+00 0.000E+00 0.000E+00 0.000E+00
    85.0 0.000E+00 0.000E+00 0.000E+00 0.126E-12 0.217E-11 0.119E-10 0.000E+00 0.000E+00 0.000E+00 0.000E+00
    86.0 0.000E+00 0.000E+00 0.000E+00 0.186E-12 0.189E-11 0.836E-11 0.000E+00 0.000E+00 0.000E+00 0.000E+00
    87.0 0.000E+00 0.000E+00 0.265E-18 0.258E-12 0.163E-11 0.521E-11 0.000E+00 0.000E+00 0.000E+00 0.000E+00

  E*/MeV   181Bi     182Bi     183Bi     184Bi     185Bi     186Bi     187Bi     188Bi     189Bi     190Bi  
    72.0 0.000E+00 0.000E+00 0.270E-11 0.261E-08 0.883E-09 0.215E-08 0.274E-07 0.000E+00 0.000E+00 0.000E+00
    73.0 0.000E+00 0.000E+00 0.509E-11 0.251E-08 0.625E-09 0.284E-08 0.221E-07 0.000E+00 0.000E+00 0.000E+00
    74.0 0.000E+00 0.000E+00 0.883E-11 0.235E-08 0.441E-09 0.360E-08 0.171E-07 0.000E+00 0.000E+00 0.000E+00
    75.0 0.000E+00 0.000E+00 0.142E-10 0.214E-08 0.309E-09 0.436E-08 0.129E-07 0.000E+00 0.000E+00 0.000E+00
    76.0 0.000E+00 0.000E+00 0.212E-10 0.190E-08 0.216E-09 0.509E-08 0.795E-08 0.000E+00 0.000E+00 0.000E+00
    77.0 0.000E+00 0.000E+00 0.298E-10 0.166E-08 0.152E-09 0.573E-08 0.428E-08 0.000E+00 0.000E+00 0.000E+00
    78.0 0.000E+00 0.000E+00 0.394E-10 0.142E-08 0.108E-09 0.622E-08 0.754E-09 0.000E+00 0.000E+00 0.000E+00
    79.0 0.000E+00 0.000E+00 0.494E-10 0.120E-08 0.781E-10 0.656E-08 0.000E+00 0.000E+00 0.000E+00 0.000E+00
    80.0 0.000E+00 0.000E+00 0.590E-10 0.993E-09 0.640E-10 0.672E-08 0.000E+00 0.000E+00 0.000E+00 0.000E+00
    81.0 0.000E+00 0.141E-14 0.675E-10 0.813E-09 0.608E-10 0.669E-08 0.000E+00 0.000E+00 0.000E+00 0.000E+00
    82.0 0.000E+00 0.385E-14 0.742E-10 0.657E-09 0.665E-10 0.652E-08 0.000E+00 0.000E+00 0.000E+00 0.000E+00
    83.0 0.000E+00 0.960E-14 0.789E-10 0.526E-09 0.804E-10 0.620E-08 0.000E+00 0.000E+00 0.000E+00 0.000E+00
    84.0 0.000E+00 0.220E-13 0.811E-10 0.417E-09 0.102E-09 0.577E-08 0.000E+00 0.000E+00 0.000E+00 0.000E+00
    85.0 0.000E+00 0.000E+00 0.000E+00 0.000E+00 0.000E+00 0.000E+00 0.000E+00 0.000E+00 0.000E+00 0.000E+00
    86.0 0.000E+00 0.000E+00 0.000E+00 0.000E+00 0.000E+00 0.000E+00 0.000E+00 0.000E+00 0.000E+00 0.000E+00
    87.0 0.000E+00 0.000E+00 0.000E+00 0.000E+00 0.000E+00 0.000E+00 0.000E+00 0.000E+00 0.000E+00 0.000E+00

  E*/MeV   180Pb     181Pb     182Pb     183Pb     184Pb     185Pb     186Pb     187Pb     188Pb     189Pb  
    72.0 0.000E+00 0.000E+00 0.702E-13 0.187E-08 0.501E-07 0.247E-07 0.492E-07 0.258E-06 0.842E-08 0.000E+00
    73.0 0.000E+00 0.000E+00 0.159E-12 0.256E-08 0.428E-07 0.177E-07 0.543E-07 0.214E-06 0.575E-08 0.000E+00
    74.0 0.000E+00 0.000E+00 0.336E-12 0.339E-08 0.360E-07 0.127E-07 0.581E-07 0.175E-06 0.391E-08 0.000E+00
    75.0 0.000E+00 0.000E+00 0.668E-12 0.433E-08 0.298E-07 0.913E-08 0.603E-07 0.139E-06 0.263E-08 0.000E+00
    76.0 0.000E+00 0.000E+00 0.127E-11 0.534E-08 0.243E-07 0.666E-08 0.610E-07 0.107E-06 0.175E-08 0.000E+00
    77.0 0.000E+00 0.000E+00 0.233E-11 0.636E-08 0.196E-07 0.500E-08 0.602E-07 0.769E-07 0.113E-08 0.000E+00
    78.0 0.000E+00 0.000E+00 0.417E-11 0.731E-08 0.156E-07 0.396E-08 0.581E-07 0.470E-07 0.708E-09 0.000E+00
    79.0 0.000E+00 0.000E+00 0.726E-11 0.814E-08 0.123E-07 0.341E-08 0.548E-07 0.301E-07 0.415E-09 0.000E+00
    80.0 0.000E+00 0.000E+00 0.123E-10 0.878E-08 0.957E-08 0.324E-08 0.508E-07 0.133E-07 0.217E-09 0.000E+00
    81.0 0.000E+00 0.000E+00 0.201E-10 0.921E-08 0.740E-08 0.336E-08 0.462E-07 0.525E-08 0.429E-10 0.000E+00
    82.0 0.000E+00 0.000E+00 0.318E-10 0.940E-08 0.568E-08 0.374E-08 0.413E-07 0.148E-08 0.000E+00 0.000E+00
    83.0 0.000E+00 0.000E+00 0.482E-10 0.936E-08 0.433E-08 0.429E-08 0.362E-07 0.000E+00 0.000E+00 0.000E+00
    84.0 0.000E+00 0.341E-14 0.701E-10 0.911E-08 0.327E-08 0.497E-08 0.307E-07 0.000E+00 0.000E+00 0.000E+00
    85.0 0.000E+00 0.000E+00 0.000E+00 0.000E+00 0.000E+00 0.000E+00 0.000E+00 0.000E+00 0.000E+00 0.000E+00
    86.0 0.000E+00 0.000E+00 0.000E+00 0.000E+00 0.000E+00 0.000E+00 0.000E+00 0.000E+00 0.000E+00 0.000E+00
    87.0 0.000E+00 0.000E+00 0.000E+00 0.000E+00 0.000E+00 0.000E+00 0.000E+00 0.000E+00 0.000E+00 0.000E+00

 Z-Verteilung  
 E*/MeV     Pb         Bi         Po         At  
   72.0  0.392E-06 0.331E-07 0.304E-09 0.374E-10
   73.0  0.337E-06 0.281E-07 0.255E-09 0.277E-10
   74.0  0.289E-06 0.235E-07 0.211E-09 0.200E-10
   75.0  0.245E-06 0.197E-07 0.173E-09 0.146E-10
   76.0  0.206E-06 0.152E-07 0.140E-09 0.990E-11
   77.0  0.169E-06 0.119E-07 0.112E-09 0.533E-11
   78.0  0.133E-06 0.854E-08 0.888E-10 0.311E-11
   79.0  0.109E-06 0.789E-08 0.701E-10 0.270E-11
   80.0  0.859E-07 0.783E-08 0.549E-10 0.238E-11
   81.0  0.715E-07 0.764E-08 0.428E-10 0.214E-11
   82.0  0.617E-07 0.731E-08 0.331E-10 0.195E-11
   83.0  0.542E-07 0.689E-08 0.255E-10 0.180E-11
   84.0  0.481E-07 0.637E-08 0.195E-10 0.166E-11
   85.0  0.000E+00 0.000E+00 0.142E-10 0.152E+01
   86.0  0.000E+00 0.000E+00 0.104E-10 0.148E+01
   87.0  0.000E+00 0.000E+00 0.710E-11 0.145E+01

 Z und A Mittelwerte    
   E*/MeV     MW.Z  St.Abw.Z      MW.A  St.Abw.A
    72.0     82.08      0.27    186.39      1.09
    73.0     82.08      0.27    186.36      1.09
    74.0     82.08      0.27    186.32      1.09
    75.0     82.08      0.27    186.27      1.10
    76.0     82.07      0.26    186.19      1.11
    77.0     82.07      0.25    186.09      1.13
    78.0     82.06      0.24    185.92      1.15
    79.0     82.07      0.26    185.79      1.16
    80.0     82.08      0.28    185.60      1.15
    81.0     82.10      0.30    185.46      1.14
    82.0     82.11      0.31    185.37      1.14
    83.0     82.11      0.32    185.30      1.14
    84.0     82.12      0.32    185.26      1.16
    85.0     85.00      0.00    192.00      0.00
    86.0     85.00      0.00    192.00      0.00
    87.0     85.00      0.00    192.00      0.00

 HIVAP  CASOUT

   93Nb 99Ru 192At IFUS10 barfac0.44 sigr3.0 05/04/2023 15:54 Sitarcik  


     E_lab  A*MeV   E*/MeV     SI_fus      SI_VR     SI_Spalt  L_krit     b_Spalt

   514.799    5.54    88.0  0.2180E+03  0.1410E+01  0.2080E+03    65.0       95.45
   516.738    5.56    89.0  0.2171E+03  0.1375E+01  0.2072E+03    65.0       95.41
   518.678    5.58    90.0  0.2163E+03  0.1340E+01  0.2063E+03    65.0       95.38
   520.617    5.60    91.0  0.2155E+03  0.1307E+01  0.2055E+03    65.0       95.34

     Querschnitte / mbarn

  E*/MeV   183At     184At     185At     186At     187At     188At     189At     190At     191At     192At  
    88.0 0.000E+00 0.000E+00 0.000E+00 0.000E+00 0.887E-13 0.000E+00 0.000E+00 0.000E+00 0.000E+00 0.141E+01
    89.0 0.000E+00 0.000E+00 0.000E+00 0.000E+00 0.343E-13 0.000E+00 0.000E+00 0.000E+00 0.000E+00 0.137E+01
    90.0 0.000E+00 0.000E+00 0.000E+00 0.000E+00 0.000E+00 0.000E+00 0.000E+00 0.000E+00 0.000E+00 0.134E+01
    91.0 0.000E+00 0.000E+00 0.000E+00 0.000E+00 0.000E+00 0.000E+00 0.000E+00 0.000E+00 0.000E+00 0.131E+01

  E*/MeV   182Po     183Po     184Po     185Po     186Po     187Po     188Po     189Po     190Po     191Po  
    88.0 0.000E+00 0.000E+00 0.950E-18 0.341E-12 0.138E-11 0.203E-11 0.000E+00 0.000E+00 0.000E+00 0.000E+00
    89.0 0.000E+00 0.000E+00 0.297E-17 0.430E-12 0.116E-11 0.883E-12 0.000E+00 0.000E+00 0.000E+00 0.000E+00
    90.0 0.000E+00 0.000E+00 0.819E-17 0.521E-12 0.964E-12 0.000E+00 0.000E+00 0.000E+00 0.000E+00 0.000E+00
    91.0 0.000E+00 0.000E+00 0.202E-16 0.607E-12 0.793E-12 0.000E+00 0.000E+00 0.000E+00 0.000E+00 0.000E+00

  E*/MeV   181Bi     182Bi     183Bi     184Bi     185Bi     186Bi     187Bi     188Bi     189Bi     190Bi  
    88.0 0.000E+00 0.000E+00 0.000E+00 0.000E+00 0.000E+00 0.000E+00 0.000E+00 0.000E+00 0.000E+00 0.000E+00
    89.0 0.000E+00 0.000E+00 0.000E+00 0.000E+00 0.000E+00 0.000E+00 0.000E+00 0.000E+00 0.000E+00 0.000E+00
    90.0 0.000E+00 0.000E+00 0.000E+00 0.000E+00 0.000E+00 0.000E+00 0.000E+00 0.000E+00 0.000E+00 0.000E+00
    91.0 0.000E+00 0.000E+00 0.000E+00 0.000E+00 0.000E+00 0.000E+00 0.000E+00 0.000E+00 0.000E+00 0.000E+00

  E*/MeV   180Pb     181Pb     182Pb     183Pb     184Pb     185Pb     186Pb     187Pb     188Pb     189Pb  
    88.0 0.000E+00 0.000E+00 0.000E+00 0.000E+00 0.000E+00 0.000E+00 0.000E+00 0.000E+00 0.000E+00 0.000E+00
    89.0 0.000E+00 0.000E+00 0.000E+00 0.000E+00 0.000E+00 0.000E+00 0.000E+00 0.000E+00 0.000E+00 0.000E+00
    90.0 0.000E+00 0.000E+00 0.000E+00 0.000E+00 0.000E+00 0.000E+00 0.000E+00 0.000E+00 0.000E+00 0.000E+00
    91.0 0.000E+00 0.000E+00 0.000E+00 0.000E+00 0.000E+00 0.000E+00 0.000E+00 0.000E+00 0.000E+00 0.000E+00

 Z-Verteilung  
 E*/MeV     Pb         Bi         Po         At  
   88.0  0.000E+00 0.000E+00 0.375E-11 0.141E+01
   89.0  0.000E+00 0.000E+00 0.247E-11 0.137E+01
   90.0  0.000E+00 0.000E+00 0.149E-11 0.134E+01
   91.0  0.000E+00 0.000E+00 0.140E-11 0.131E+01

 Z und A Mittelwerte    
   E*/MeV     MW.Z  St.Abw.Z      MW.A  St.Abw.A
    88.0     85.00      0.00    192.00      0.00
    89.0     85.00      0.00    192.00      0.00
    90.0     85.00      0.00    192.00      0.00
    91.0     85.00      0.00    192.00      0.00
                                                                        
           



 Ende HIVAP 
