          Programm HIVAP,  Autor  W.Reisdorf   Version fuer "rzri6f" vom  7. 6. 1994

           Bearbeitung F.P.Heﬂberger
           
   90Zr 103Rh 193At IFUS10 barfac0.63 sigr3.0 10/02/2023 09:39 Sitarcik 
           

 Unterprogramm SEPENF

 benutzt Sierks Programm BARFIT 
 Q-Wert  -176.768 MeV
 Massen aus der Datei "mlz.dat" 

         Exp. Schaleneffekte,  SHELL0=    0.00
          At  184   At  185   At  186   At  187   At  188   At  189   At  190   At  191   At  192   At  193
             -0.96     -0.15     -0.95     -0.13     -0.92     -0.10     -0.88     -0.07     -0.87     -0.14
          Po  183   Po  184   Po  185   Po  186   Po  187   Po  188   Po  189   Po  190   Po  191   Po  192
             -0.41      0.51     -0.23      0.60     -0.21      0.55     -0.34      0.34     -0.63     -0.03
          Bi  182   Bi  183   Bi  184   Bi  185   Bi  186   Bi  187   Bi  188   Bi  189   Bi  190   Bi  191
             -2.02     -1.09     -1.82     -0.98     -1.79     -1.03     -1.92     -1.24     -2.20     -1.60

           BARFAC=   0.630      BAR0=   0.000

          Separationsenergien (BN,BP,BA) und Spaltbarrieren
          At  184   At  185   At  186   At  187   At  188   At  189   At  190   At  191   At  192   At  193
             10.83     12.24     10.41     11.81     10.00     11.40      9.60     11.01      9.25     10.70
             -2.63     -2.25     -1.92     -1.64     -1.40     -1.20     -1.04     -0.93     -0.82     -0.71
             -9.93     -9.63     -9.36     -9.14     -8.96     -8.83     -8.72     -8.66     -8.59     -8.53
              3.61      2.95      3.90      3.24      4.18      3.52      4.45      3.79      4.74      4.16
             -1.62     -0.81     -1.61     -0.80     -1.60     -0.80     -1.60     -0.80     -1.59     -0.79
          Po  183   Po  184   Po  185   Po  186   Po  187   Po  188   Po  189   Po  190   Po  191   Po  192
             10.41     11.86     10.08     11.54      9.75     11.20      9.44     10.89      9.14     10.58
             -1.08     -0.82     -0.54     -0.28     -0.02      0.24      0.50      0.75      1.01      1.26
            -10.16     -9.96     -9.74     -9.53     -9.32     -9.12     -8.90     -8.69     -8.47     -8.26
              3.65      2.90      3.81      3.14      4.12      3.52      4.57      4.06      5.18      4.74
             -0.81      0.00     -0.81      0.00     -0.80      0.00     -0.80      0.00     -0.80      0.00
          Bi  182   Bi  183   Bi  184   Bi  185   Bi  186   Bi  187   Bi  188   Bi  189   Bi  190   Bi  191
             10.14     11.60      9.81     11.27      9.49     10.95      9.18     10.64      8.88     10.33
             -2.30     -2.03     -1.76     -1.49     -1.22     -0.96     -0.69     -0.43     -0.17      0.09
             -8.19     -7.99     -7.78     -7.58     -7.36     -7.16     -6.93     -6.73     -6.50     -6.30
              5.92      5.17      6.09      5.42      6.41      5.82      6.88      6.36      7.49      7.05
             -1.63     -0.81     -1.62     -0.81     -1.61     -0.80     -1.60     -0.80     -1.60     -0.80

 benutzter Q-Wert  -176.768 MeV    effektiver Q-Wert  -176.768 MeV

 HIVAP  CASOUT

   90Zr 103Rh 193At IFUS10 barfac0.63 sigr3.0 10/02/2023 09:39 Sitarcik 


     E_lab  A*MeV   E*/MeV     SI_fus      SI_VR     SI_Spalt  L_krit     b_Spalt

   346.215    3.85     8.0  0.7449E-04  0.7595E-06  0.7373E-04     0.0       98.98
   348.089    3.87     9.0  0.3763E-03  0.6810E-06  0.3756E-03     0.0       99.82
   349.963    3.89    10.0  0.1798E-02  0.2578E-05  0.1796E-02     0.0       99.86
   351.837    3.91    11.0  0.7419E-02  0.1086E-04  0.7408E-02     0.0       99.85
   353.711    3.93    12.0  0.2405E-01  0.3492E-04  0.2401E-01     0.0       99.85
   355.584    3.95    13.0  0.6101E-01  0.8147E-04  0.6092E-01     0.0       99.87
   357.458    3.97    14.0  0.1312E+00  0.1511E-03  0.1310E+00     0.0       99.88
   359.332    3.99    15.0  0.2565E+00  0.2554E-03  0.2562E+00     0.0       99.90
   361.206    4.01    16.0  0.4634E+00  0.4181E-03  0.4630E+00     0.0       99.91
   363.079    4.03    17.0  0.7859E+00  0.6245E-03  0.7853E+00     0.0       99.92
   364.953    4.06    18.0  0.1268E+01  0.7110E-03  0.1267E+01     0.0       99.94
   366.827    4.08    19.0  0.1962E+01  0.7134E-03  0.1961E+01     0.0       99.96
   368.701    4.10    20.0  0.2938E+01  0.6909E-03  0.2937E+01     0.0       99.97
   370.575    4.12    21.0  0.4270E+01  0.6728E-03  0.4269E+01     0.0       99.97
   372.448    4.14    22.0  0.6047E+01  0.6796E-03  0.6044E+01     0.0       99.95
   374.322    4.16    23.0  0.8351E+01  0.7293E-03  0.8345E+01     0.0       99.92

     Querschnitte / mbarn

  E*/MeV   184At     185At     186At     187At     188At     189At     190At     191At     192At     193At  
     8.0 0.000E+00 0.000E+00 0.000E+00 0.000E+00 0.000E+00 0.000E+00 0.000E+00 0.000E+00 0.000E+00 0.731E-06
     9.0 0.000E+00 0.000E+00 0.000E+00 0.000E+00 0.000E+00 0.000E+00 0.000E+00 0.000E+00 0.000E+00 0.430E-06
    10.0 0.000E+00 0.000E+00 0.000E+00 0.000E+00 0.000E+00 0.000E+00 0.000E+00 0.000E+00 0.000E+00 0.723E-06
    11.0 0.000E+00 0.000E+00 0.000E+00 0.000E+00 0.000E+00 0.000E+00 0.000E+00 0.000E+00 0.390E-09 0.109E-05
    12.0 0.000E+00 0.000E+00 0.000E+00 0.000E+00 0.000E+00 0.000E+00 0.000E+00 0.000E+00 0.164E-06 0.132E-05
    13.0 0.000E+00 0.000E+00 0.000E+00 0.000E+00 0.000E+00 0.000E+00 0.000E+00 0.000E+00 0.421E-05 0.120E-05
    14.0 0.000E+00 0.000E+00 0.000E+00 0.000E+00 0.000E+00 0.000E+00 0.000E+00 0.000E+00 0.202E-04 0.981E-06
    15.0 0.000E+00 0.000E+00 0.000E+00 0.000E+00 0.000E+00 0.000E+00 0.000E+00 0.000E+00 0.693E-04 0.771E-06
    16.0 0.000E+00 0.000E+00 0.000E+00 0.000E+00 0.000E+00 0.000E+00 0.000E+00 0.000E+00 0.187E-03 0.530E-06
    17.0 0.000E+00 0.000E+00 0.000E+00 0.000E+00 0.000E+00 0.000E+00 0.000E+00 0.000E+00 0.355E-03 0.282E-06
    18.0 0.000E+00 0.000E+00 0.000E+00 0.000E+00 0.000E+00 0.000E+00 0.000E+00 0.000E+00 0.403E-03 0.193E-06
    19.0 0.000E+00 0.000E+00 0.000E+00 0.000E+00 0.000E+00 0.000E+00 0.000E+00 0.000E+00 0.361E-03 0.147E-06
    20.0 0.000E+00 0.000E+00 0.000E+00 0.000E+00 0.000E+00 0.000E+00 0.000E+00 0.000E+00 0.286E-03 0.968E-07
    21.0 0.000E+00 0.000E+00 0.000E+00 0.000E+00 0.000E+00 0.000E+00 0.000E+00 0.573E-08 0.212E-03 0.701E-07
    22.0 0.000E+00 0.000E+00 0.000E+00 0.000E+00 0.000E+00 0.000E+00 0.000E+00 0.147E-06 0.152E-03 0.000E+00
    23.0 0.000E+00 0.000E+00 0.000E+00 0.000E+00 0.000E+00 0.000E+00 0.000E+00 0.128E-05 0.104E-03 0.000E+00

  E*/MeV   183Po     184Po     185Po     186Po     187Po     188Po     189Po     190Po     191Po     192Po  
     8.0 0.000E+00 0.000E+00 0.000E+00 0.000E+00 0.000E+00 0.000E+00 0.000E+00 0.000E+00 0.000E+00 0.284E-07
     9.0 0.000E+00 0.000E+00 0.000E+00 0.000E+00 0.000E+00 0.000E+00 0.000E+00 0.000E+00 0.000E+00 0.248E-06
    10.0 0.000E+00 0.000E+00 0.000E+00 0.000E+00 0.000E+00 0.000E+00 0.000E+00 0.000E+00 0.000E+00 0.183E-05
    11.0 0.000E+00 0.000E+00 0.000E+00 0.000E+00 0.000E+00 0.000E+00 0.000E+00 0.000E+00 0.000E+00 0.962E-05
    12.0 0.000E+00 0.000E+00 0.000E+00 0.000E+00 0.000E+00 0.000E+00 0.000E+00 0.000E+00 0.000E+00 0.327E-04
    13.0 0.000E+00 0.000E+00 0.000E+00 0.000E+00 0.000E+00 0.000E+00 0.000E+00 0.000E+00 0.000E+00 0.734E-04
    14.0 0.000E+00 0.000E+00 0.000E+00 0.000E+00 0.000E+00 0.000E+00 0.000E+00 0.000E+00 0.000E+00 0.122E-03
    15.0 0.000E+00 0.000E+00 0.000E+00 0.000E+00 0.000E+00 0.000E+00 0.000E+00 0.000E+00 0.144E-07 0.166E-03
    16.0 0.000E+00 0.000E+00 0.000E+00 0.000E+00 0.000E+00 0.000E+00 0.000E+00 0.000E+00 0.252E-06 0.188E-03
    17.0 0.000E+00 0.000E+00 0.000E+00 0.000E+00 0.000E+00 0.000E+00 0.000E+00 0.000E+00 0.106E-05 0.186E-03
    18.0 0.000E+00 0.000E+00 0.000E+00 0.000E+00 0.000E+00 0.000E+00 0.000E+00 0.000E+00 0.160E-05 0.165E-03
    19.0 0.000E+00 0.000E+00 0.000E+00 0.000E+00 0.000E+00 0.000E+00 0.000E+00 0.000E+00 0.319E-05 0.135E-03
    20.0 0.000E+00 0.000E+00 0.000E+00 0.000E+00 0.000E+00 0.000E+00 0.000E+00 0.000E+00 0.847E-05 0.104E-03
    21.0 0.000E+00 0.000E+00 0.000E+00 0.000E+00 0.000E+00 0.000E+00 0.000E+00 0.000E+00 0.227E-04 0.762E-04
    22.0 0.000E+00 0.000E+00 0.000E+00 0.000E+00 0.000E+00 0.000E+00 0.000E+00 0.000E+00 0.551E-04 0.536E-04
    23.0 0.000E+00 0.000E+00 0.000E+00 0.000E+00 0.000E+00 0.000E+00 0.000E+00 0.000E+00 0.117E-03 0.362E-04

  E*/MeV   182Bi     183Bi     184Bi     185Bi     186Bi     187Bi     188Bi     189Bi     190Bi     191Bi  
     8.0 0.000E+00 0.000E+00 0.000E+00 0.000E+00 0.000E+00 0.000E+00 0.000E+00 0.217E-09 0.000E+00 0.000E+00
     9.0 0.000E+00 0.000E+00 0.000E+00 0.000E+00 0.000E+00 0.000E+00 0.000E+00 0.240E-08 0.000E+00 0.000E+00
    10.0 0.000E+00 0.000E+00 0.000E+00 0.000E+00 0.000E+00 0.000E+00 0.000E+00 0.227E-07 0.000E+00 0.000E+00
    11.0 0.000E+00 0.000E+00 0.000E+00 0.000E+00 0.000E+00 0.000E+00 0.000E+00 0.153E-06 0.000E+00 0.575E-11
    12.0 0.000E+00 0.000E+00 0.000E+00 0.000E+00 0.000E+00 0.000E+00 0.000E+00 0.756E-06 0.000E+00 0.200E-09
    13.0 0.000E+00 0.000E+00 0.000E+00 0.000E+00 0.000E+00 0.000E+00 0.000E+00 0.266E-05 0.000E+00 0.236E-08
    14.0 0.000E+00 0.000E+00 0.000E+00 0.000E+00 0.000E+00 0.000E+00 0.000E+00 0.766E-05 0.000E+00 0.169E-07
    15.0 0.000E+00 0.000E+00 0.000E+00 0.000E+00 0.000E+00 0.000E+00 0.000E+00 0.192E-04 0.000E+00 0.884E-07
    16.0 0.000E+00 0.000E+00 0.000E+00 0.000E+00 0.000E+00 0.000E+00 0.000E+00 0.420E-04 0.000E+00 0.358E-06
    17.0 0.000E+00 0.000E+00 0.000E+00 0.000E+00 0.000E+00 0.000E+00 0.000E+00 0.807E-04 0.000E+00 0.119E-05
    18.0 0.000E+00 0.000E+00 0.000E+00 0.000E+00 0.000E+00 0.000E+00 0.101E-08 0.137E-03 0.000E+00 0.340E-05
    19.0 0.000E+00 0.000E+00 0.000E+00 0.000E+00 0.000E+00 0.000E+00 0.134E-07 0.206E-03 0.000E+00 0.857E-05
    20.0 0.000E+00 0.000E+00 0.000E+00 0.000E+00 0.000E+00 0.000E+00 0.808E-07 0.273E-03 0.000E+00 0.196E-04
    21.0 0.000E+00 0.000E+00 0.000E+00 0.000E+00 0.000E+00 0.000E+00 0.346E-06 0.320E-03 0.000E+00 0.412E-04
    22.0 0.000E+00 0.000E+00 0.000E+00 0.000E+00 0.000E+00 0.000E+00 0.121E-05 0.337E-03 0.900E-10 0.803E-04
    23.0 0.000E+00 0.000E+00 0.000E+00 0.000E+00 0.000E+00 0.000E+00 0.363E-05 0.322E-03 0.136E-08 0.145E-03

 Z-Verteilung  
 E*/MeV     Bi         Po         At  
    8.0  0.217E-09 0.284E-07 0.731E-06
    9.0  0.240E-08 0.248E-06 0.430E-06
   10.0  0.227E-07 0.183E-05 0.723E-06
   11.0  0.153E-06 0.962E-05 0.109E-05
   12.0  0.756E-06 0.327E-04 0.148E-05
   13.0  0.267E-05 0.734E-04 0.540E-05
   14.0  0.768E-05 0.122E-03 0.211E-04
   15.0  0.193E-04 0.166E-03 0.701E-04
   16.0  0.423E-04 0.189E-03 0.187E-03
   17.0  0.819E-04 0.187E-03 0.356E-03
   18.0  0.141E-03 0.167E-03 0.404E-03
   19.0  0.214E-03 0.138E-03 0.361E-03
   20.0  0.292E-03 0.113E-03 0.286E-03
   21.0  0.361E-03 0.989E-04 0.213E-03
   22.0  0.418E-03 0.109E-03 0.153E-03
   23.0  0.471E-03 0.153E-03 0.106E-03

 Z und A Mittelwerte    
   E*/MeV     MW.Z  St.Abw.Z      MW.A  St.Abw.A
     8.0     84.96      0.19    192.96      0.20
     9.0     84.63      0.49    192.62      0.53
    10.0     84.27      0.46    192.25      0.54
    11.0     84.09      0.33    192.06      0.47
    12.0     84.02      0.25    191.97      0.48
    13.0     84.03      0.31    191.92      0.55
    14.0     84.09      0.43    191.85      0.66
    15.0     84.20      0.56    191.78      0.79
    16.0     84.35      0.65    191.70      0.90
    17.0     84.44      0.71    191.61      1.01
    18.0     84.37      0.79    191.41      1.18
    19.0     84.21      0.87    191.12      1.35
    20.0     83.99      0.91    190.78      1.45
    21.0     83.78      0.90    190.48      1.44
    22.0     83.61      0.83    190.31      1.35
    23.0     83.50      0.73    190.29      1.23

 HIVAP  CASOUT

   90Zr 103Rh 193At IFUS10 barfac0.63 sigr3.0 10/02/2023 09:39 Sitarcik 


     E_lab  A*MeV   E*/MeV     SI_fus      SI_VR     SI_Spalt  L_krit     b_Spalt

   376.196    4.18    24.0  0.1126E+02  0.8487E-03  0.1125E+02     0.0       99.88
   378.070    4.20    25.0  0.1487E+02  0.1049E-02  0.1484E+02    17.0       99.84
   379.944    4.22    26.0  0.1924E+02  0.1310E-02  0.1921E+02    24.0       99.81
   381.817    4.24    27.0  0.2444E+02  0.1576E-02  0.2438E+02    30.0       99.75
   383.691    4.26    28.0  0.3051E+02  0.1802E-02  0.3042E+02    65.0       99.69
   385.565    4.28    29.0  0.3748E+02  0.1964E-02  0.3734E+02    65.0       99.64
   387.439    4.30    30.0  0.4533E+02  0.2053E-02  0.4514E+02    65.0       99.57
   389.313    4.33    31.0  0.5406E+02  0.2078E-02  0.5380E+02    65.0       99.51
   391.186    4.35    32.0  0.6359E+02  0.2042E-02  0.6324E+02    65.0       99.45
   393.060    4.37    33.0  0.7384E+02  0.1960E-02  0.7337E+02    65.0       99.37
   394.934    4.39    34.0  0.8471E+02  0.1850E-02  0.8411E+02    65.0       99.30
   396.808    4.41    35.0  0.9602E+02  0.1736E-02  0.9527E+02    65.0       99.22
   398.681    4.43    36.0  0.1077E+03  0.1645E-02  0.1068E+03    65.0       99.14
   400.555    4.45    37.0  0.1195E+03  0.1594E-02  0.1184E+03    65.0       99.07
   402.429    4.47    38.0  0.1313E+03  0.1585E-02  0.1300E+03    65.0       99.02
   404.303    4.49    39.0  0.1430E+03  0.1606E-02  0.1415E+03    65.0       98.96

     Querschnitte / mbarn

  E*/MeV   184At     185At     186At     187At     188At     189At     190At     191At     192At     193At  
    24.0 0.000E+00 0.000E+00 0.000E+00 0.000E+00 0.000E+00 0.000E+00 0.000E+00 0.600E-05 0.686E-04 0.000E+00
    25.0 0.000E+00 0.000E+00 0.000E+00 0.000E+00 0.000E+00 0.000E+00 0.000E+00 0.183E-04 0.435E-04 0.000E+00
    26.0 0.000E+00 0.000E+00 0.000E+00 0.000E+00 0.000E+00 0.000E+00 0.000E+00 0.378E-04 0.270E-04 0.000E+00
    27.0 0.000E+00 0.000E+00 0.000E+00 0.000E+00 0.000E+00 0.000E+00 0.000E+00 0.530E-04 0.162E-04 0.000E+00
    28.0 0.000E+00 0.000E+00 0.000E+00 0.000E+00 0.000E+00 0.000E+00 0.000E+00 0.579E-04 0.962E-05 0.000E+00
    29.0 0.000E+00 0.000E+00 0.000E+00 0.000E+00 0.000E+00 0.000E+00 0.000E+00 0.535E-04 0.550E-05 0.000E+00
    30.0 0.000E+00 0.000E+00 0.000E+00 0.000E+00 0.000E+00 0.000E+00 0.000E+00 0.441E-04 0.306E-05 0.000E+00
    31.0 0.000E+00 0.000E+00 0.000E+00 0.000E+00 0.000E+00 0.000E+00 0.000E+00 0.336E-04 0.167E-05 0.000E+00
    32.0 0.000E+00 0.000E+00 0.000E+00 0.000E+00 0.000E+00 0.000E+00 0.526E-10 0.241E-04 0.896E-06 0.000E+00
    33.0 0.000E+00 0.000E+00 0.000E+00 0.000E+00 0.000E+00 0.000E+00 0.152E-08 0.166E-04 0.469E-06 0.000E+00
    34.0 0.000E+00 0.000E+00 0.000E+00 0.000E+00 0.000E+00 0.000E+00 0.164E-07 0.110E-04 0.155E-06 0.000E+00
    35.0 0.000E+00 0.000E+00 0.000E+00 0.000E+00 0.000E+00 0.000E+00 0.956E-07 0.706E-05 0.238E-07 0.000E+00
    36.0 0.000E+00 0.000E+00 0.000E+00 0.000E+00 0.000E+00 0.000E+00 0.362E-06 0.443E-05 0.985E-08 0.000E+00
    37.0 0.000E+00 0.000E+00 0.000E+00 0.000E+00 0.000E+00 0.000E+00 0.102E-05 0.272E-05 0.000E+00 0.000E+00
    38.0 0.000E+00 0.000E+00 0.000E+00 0.000E+00 0.000E+00 0.000E+00 0.227E-05 0.164E-05 0.000E+00 0.000E+00
    39.0 0.000E+00 0.000E+00 0.000E+00 0.000E+00 0.000E+00 0.000E+00 0.403E-05 0.974E-06 0.000E+00 0.000E+00

  E*/MeV   183Po     184Po     185Po     186Po     187Po     188Po     189Po     190Po     191Po     192Po  
    24.0 0.000E+00 0.000E+00 0.000E+00 0.000E+00 0.000E+00 0.000E+00 0.000E+00 0.000E+00 0.214E-03 0.237E-04
    25.0 0.000E+00 0.000E+00 0.000E+00 0.000E+00 0.000E+00 0.000E+00 0.000E+00 0.469E-10 0.338E-03 0.150E-04
    26.0 0.000E+00 0.000E+00 0.000E+00 0.000E+00 0.000E+00 0.000E+00 0.000E+00 0.778E-09 0.463E-03 0.923E-05
    27.0 0.000E+00 0.000E+00 0.000E+00 0.000E+00 0.000E+00 0.000E+00 0.000E+00 0.653E-08 0.555E-03 0.554E-05
    28.0 0.000E+00 0.000E+00 0.000E+00 0.000E+00 0.000E+00 0.000E+00 0.000E+00 0.393E-07 0.592E-03 0.325E-05
    29.0 0.000E+00 0.000E+00 0.000E+00 0.000E+00 0.000E+00 0.000E+00 0.000E+00 0.187E-06 0.572E-03 0.186E-05
    30.0 0.000E+00 0.000E+00 0.000E+00 0.000E+00 0.000E+00 0.000E+00 0.000E+00 0.713E-06 0.507E-03 0.104E-05
    31.0 0.000E+00 0.000E+00 0.000E+00 0.000E+00 0.000E+00 0.000E+00 0.000E+00 0.221E-05 0.421E-03 0.550E-06
    32.0 0.000E+00 0.000E+00 0.000E+00 0.000E+00 0.000E+00 0.000E+00 0.000E+00 0.563E-05 0.329E-03 0.239E-06
    33.0 0.000E+00 0.000E+00 0.000E+00 0.000E+00 0.000E+00 0.000E+00 0.000E+00 0.120E-04 0.246E-03 0.190E-07
    34.0 0.000E+00 0.000E+00 0.000E+00 0.000E+00 0.000E+00 0.000E+00 0.000E+00 0.215E-04 0.177E-03 0.000E+00
    35.0 0.000E+00 0.000E+00 0.000E+00 0.000E+00 0.000E+00 0.000E+00 0.000E+00 0.330E-04 0.123E-03 0.000E+00
    36.0 0.000E+00 0.000E+00 0.000E+00 0.000E+00 0.000E+00 0.000E+00 0.586E-10 0.440E-04 0.827E-04 0.000E+00
    37.0 0.000E+00 0.000E+00 0.000E+00 0.000E+00 0.000E+00 0.000E+00 0.816E-09 0.519E-04 0.544E-04 0.000E+00
    38.0 0.000E+00 0.000E+00 0.000E+00 0.000E+00 0.000E+00 0.000E+00 0.455E-08 0.551E-04 0.350E-04 0.000E+00
    39.0 0.000E+00 0.000E+00 0.000E+00 0.000E+00 0.000E+00 0.000E+00 0.136E-07 0.536E-04 0.221E-04 0.000E+00

  E*/MeV   182Bi     183Bi     184Bi     185Bi     186Bi     187Bi     188Bi     189Bi     190Bi     191Bi  
    24.0 0.000E+00 0.000E+00 0.000E+00 0.000E+00 0.000E+00 0.000E+00 0.956E-05 0.285E-03 0.110E-07 0.243E-03
    25.0 0.000E+00 0.000E+00 0.000E+00 0.000E+00 0.000E+00 0.000E+00 0.225E-04 0.235E-03 0.624E-07 0.377E-03
    26.0 0.000E+00 0.000E+00 0.000E+00 0.000E+00 0.000E+00 0.000E+00 0.473E-04 0.183E-03 0.274E-06 0.541E-03
    27.0 0.000E+00 0.000E+00 0.000E+00 0.000E+00 0.000E+00 0.000E+00 0.900E-04 0.136E-03 0.986E-06 0.719E-03
    28.0 0.000E+00 0.000E+00 0.000E+00 0.000E+00 0.000E+00 0.351E-09 0.156E-03 0.968E-04 0.301E-05 0.883E-03
    29.0 0.000E+00 0.000E+00 0.000E+00 0.000E+00 0.000E+00 0.353E-08 0.248E-03 0.663E-04 0.799E-05 0.101E-02
    30.0 0.000E+00 0.000E+00 0.000E+00 0.000E+00 0.000E+00 0.214E-07 0.361E-03 0.439E-04 0.187E-04 0.107E-02
    31.0 0.000E+00 0.000E+00 0.000E+00 0.000E+00 0.000E+00 0.943E-07 0.481E-03 0.283E-04 0.394E-04 0.107E-02
    32.0 0.000E+00 0.000E+00 0.000E+00 0.000E+00 0.000E+00 0.336E-06 0.582E-03 0.177E-04 0.752E-04 0.101E-02
    33.0 0.000E+00 0.000E+00 0.000E+00 0.000E+00 0.000E+00 0.102E-05 0.643E-03 0.109E-04 0.133E-03 0.897E-03
    34.0 0.000E+00 0.000E+00 0.000E+00 0.000E+00 0.000E+00 0.270E-05 0.652E-03 0.651E-05 0.217E-03 0.763E-03
    35.0 0.000E+00 0.000E+00 0.000E+00 0.000E+00 0.000E+00 0.629E-05 0.610E-03 0.383E-05 0.332E-03 0.620E-03
    36.0 0.000E+00 0.000E+00 0.000E+00 0.000E+00 0.000E+00 0.131E-04 0.534E-03 0.226E-05 0.479E-03 0.485E-03
    37.0 0.000E+00 0.000E+00 0.000E+00 0.000E+00 0.000E+00 0.244E-04 0.441E-03 0.147E-05 0.651E-03 0.367E-03
    38.0 0.000E+00 0.000E+00 0.000E+00 0.000E+00 0.000E+00 0.411E-04 0.346E-03 0.144E-05 0.833E-03 0.269E-03
    39.0 0.000E+00 0.000E+00 0.000E+00 0.000E+00 0.000E+00 0.628E-04 0.261E-03 0.247E-05 0.101E-02 0.192E-03

 Z-Verteilung  
 E*/MeV     Bi         Po         At  
   24.0  0.537E-03 0.237E-03 0.746E-04
   25.0  0.634E-03 0.353E-03 0.618E-04
   26.0  0.772E-03 0.473E-03 0.648E-04
   27.0  0.946E-03 0.561E-03 0.692E-04
   28.0  0.114E-02 0.595E-03 0.675E-04
   29.0  0.133E-02 0.574E-03 0.590E-04
   30.0  0.150E-02 0.509E-03 0.472E-04
   31.0  0.162E-02 0.423E-03 0.353E-04
   32.0  0.168E-02 0.335E-03 0.250E-04
   33.0  0.168E-02 0.258E-03 0.170E-04
   34.0  0.164E-02 0.198E-03 0.111E-04
   35.0  0.157E-02 0.156E-03 0.718E-05
   36.0  0.151E-02 0.127E-03 0.480E-05
   37.0  0.148E-02 0.106E-03 0.374E-05
   38.0  0.149E-02 0.901E-04 0.391E-05
   39.0  0.153E-02 0.757E-04 0.500E-05

 Z und A Mittelwerte    
   E*/MeV     MW.Z  St.Abw.Z      MW.A  St.Abw.A
    24.0     83.46      0.65    190.40      1.09
    25.0     83.45      0.60    190.54      0.97
    26.0     83.46      0.59    190.64      0.88
    27.0     83.44      0.58    190.67      0.87
    28.0     83.41      0.56    190.64      0.93
    29.0     83.35      0.54    190.55      1.04
    30.0     83.29      0.50    190.42      1.16
    31.0     83.24      0.46    190.26      1.27
    32.0     83.19      0.42    190.09      1.35
    33.0     83.15      0.38    189.93      1.38
    34.0     83.12      0.34    189.80      1.38
    35.0     83.10      0.31    189.72      1.34
    36.0     83.08      0.29    189.67      1.27
    37.0     83.07      0.27    189.67      1.18
    38.0     83.06      0.25    189.68      1.09
    39.0     83.05      0.24    189.69      1.02

 HIVAP  CASOUT

   90Zr 103Rh 193At IFUS10 barfac0.63 sigr3.0 10/02/2023 09:39 Sitarcik 


     E_lab  A*MeV   E*/MeV     SI_fus      SI_VR     SI_Spalt  L_krit     b_Spalt

   406.177    4.51    40.0  0.1544E+03  0.1635E-02  0.1527E+03    65.0       98.93
   408.050    4.53    41.0  0.1653E+03  0.1648E-02  0.1636E+03    65.0       98.92
   409.924    4.55    42.0  0.1757E+03  0.1626E-02  0.1738E+03    65.0       98.92
   411.798    4.58    43.0  0.1854E+03  0.1564E-02  0.1835E+03    65.0       98.95
   413.672    4.60    44.0  0.1944E+03  0.1463E-02  0.1925E+03    65.0       99.01
   415.546    4.62    45.0  0.2026E+03  0.1343E-02  0.2008E+03    65.0       99.07
   417.419    4.64    46.0  0.2100E+03  0.1218E-02  0.2082E+03    65.0       99.16
   419.293    4.66    47.0  0.2165E+03  0.1103E-02  0.2149E+03    65.0       99.26
   421.167    4.68    48.0  0.2222E+03  0.1007E-02  0.2208E+03    65.0       99.36
   423.041    4.70    49.0  0.2271E+03  0.9297E-03  0.2258E+03    65.0       99.46
   424.914    4.72    50.0  0.2311E+03  0.8689E-03  0.2301E+03    65.0       99.56
   426.788    4.74    51.0  0.2345E+03  0.8174E-03  0.2337E+03    65.0       99.64
   428.662    4.76    52.0  0.2372E+03  0.7682E-03  0.2365E+03    65.0       99.71
   430.536    4.78    53.0  0.2393E+03  0.7162E-03  0.2388E+03    65.0       99.77
   432.410    4.80    54.0  0.2409E+03  0.6587E-03  0.2404E+03    65.0       99.82
   434.283    4.83    55.0  0.2419E+03  0.5957E-03  0.2416E+03    65.0       99.85

     Querschnitte / mbarn

  E*/MeV   184At     185At     186At     187At     188At     189At     190At     191At     192At     193At  
    40.0 0.000E+00 0.000E+00 0.000E+00 0.000E+00 0.000E+00 0.000E+00 0.573E-05 0.571E-06 0.000E+00 0.000E+00
    41.0 0.000E+00 0.000E+00 0.000E+00 0.000E+00 0.000E+00 0.000E+00 0.682E-05 0.331E-06 0.000E+00 0.000E+00
    42.0 0.000E+00 0.000E+00 0.000E+00 0.000E+00 0.000E+00 0.000E+00 0.711E-05 0.190E-06 0.000E+00 0.000E+00
    43.0 0.000E+00 0.000E+00 0.000E+00 0.000E+00 0.000E+00 0.915E-11 0.669E-05 0.108E-06 0.000E+00 0.000E+00
    44.0 0.000E+00 0.000E+00 0.000E+00 0.000E+00 0.000E+00 0.108E-09 0.583E-05 0.602E-07 0.000E+00 0.000E+00
    45.0 0.000E+00 0.000E+00 0.000E+00 0.000E+00 0.000E+00 0.733E-09 0.477E-05 0.294E-07 0.000E+00 0.000E+00
    46.0 0.000E+00 0.000E+00 0.000E+00 0.000E+00 0.000E+00 0.326E-08 0.373E-05 0.734E-08 0.000E+00 0.000E+00
    47.0 0.000E+00 0.000E+00 0.000E+00 0.000E+00 0.000E+00 0.105E-07 0.280E-05 0.000E+00 0.000E+00 0.000E+00
    48.0 0.000E+00 0.000E+00 0.000E+00 0.000E+00 0.000E+00 0.258E-07 0.204E-05 0.000E+00 0.000E+00 0.000E+00
    49.0 0.000E+00 0.000E+00 0.000E+00 0.000E+00 0.000E+00 0.505E-07 0.145E-05 0.000E+00 0.000E+00 0.000E+00
    50.0 0.000E+00 0.000E+00 0.000E+00 0.000E+00 0.000E+00 0.811E-07 0.101E-05 0.000E+00 0.000E+00 0.000E+00
    51.0 0.000E+00 0.000E+00 0.000E+00 0.000E+00 0.000E+00 0.111E-06 0.691E-06 0.000E+00 0.000E+00 0.000E+00
    52.0 0.000E+00 0.000E+00 0.000E+00 0.000E+00 0.000E+00 0.134E-06 0.466E-06 0.000E+00 0.000E+00 0.000E+00
    53.0 0.000E+00 0.000E+00 0.000E+00 0.000E+00 0.000E+00 0.147E-06 0.310E-06 0.000E+00 0.000E+00 0.000E+00
    54.0 0.000E+00 0.000E+00 0.000E+00 0.000E+00 0.000E+00 0.148E-06 0.204E-06 0.000E+00 0.000E+00 0.000E+00
    55.0 0.000E+00 0.000E+00 0.000E+00 0.000E+00 0.788E-13 0.140E-06 0.134E-06 0.000E+00 0.000E+00 0.000E+00

  E*/MeV   183Po     184Po     185Po     186Po     187Po     188Po     189Po     190Po     191Po     192Po  
    40.0 0.000E+00 0.000E+00 0.000E+00 0.000E+00 0.000E+00 0.000E+00 0.272E-07 0.483E-04 0.137E-04 0.000E+00
    41.0 0.000E+00 0.000E+00 0.000E+00 0.000E+00 0.000E+00 0.000E+00 0.479E-07 0.410E-04 0.839E-05 0.000E+00
    42.0 0.000E+00 0.000E+00 0.000E+00 0.000E+00 0.000E+00 0.000E+00 0.897E-07 0.330E-04 0.508E-05 0.000E+00
    43.0 0.000E+00 0.000E+00 0.000E+00 0.000E+00 0.000E+00 0.000E+00 0.187E-06 0.255E-04 0.304E-05 0.000E+00
    44.0 0.000E+00 0.000E+00 0.000E+00 0.000E+00 0.000E+00 0.000E+00 0.399E-06 0.190E-04 0.180E-05 0.000E+00
    45.0 0.000E+00 0.000E+00 0.000E+00 0.000E+00 0.000E+00 0.000E+00 0.806E-06 0.137E-04 0.106E-05 0.000E+00
    46.0 0.000E+00 0.000E+00 0.000E+00 0.000E+00 0.000E+00 0.000E+00 0.148E-05 0.970E-05 0.614E-06 0.000E+00
    47.0 0.000E+00 0.000E+00 0.000E+00 0.000E+00 0.000E+00 0.000E+00 0.244E-05 0.671E-05 0.337E-06 0.000E+00
    48.0 0.000E+00 0.000E+00 0.000E+00 0.000E+00 0.000E+00 0.541E-12 0.363E-05 0.456E-05 0.183E-06 0.000E+00
    49.0 0.000E+00 0.000E+00 0.000E+00 0.000E+00 0.000E+00 0.411E-11 0.487E-05 0.305E-05 0.901E-07 0.000E+00
    50.0 0.000E+00 0.000E+00 0.000E+00 0.000E+00 0.000E+00 0.237E-10 0.599E-05 0.202E-05 0.368E-07 0.000E+00
    51.0 0.000E+00 0.000E+00 0.000E+00 0.000E+00 0.000E+00 0.109E-09 0.679E-05 0.132E-05 0.000E+00 0.000E+00
    52.0 0.000E+00 0.000E+00 0.000E+00 0.000E+00 0.000E+00 0.416E-09 0.719E-05 0.856E-06 0.000E+00 0.000E+00
    53.0 0.000E+00 0.000E+00 0.000E+00 0.000E+00 0.000E+00 0.133E-08 0.717E-05 0.551E-06 0.000E+00 0.000E+00
    54.0 0.000E+00 0.000E+00 0.000E+00 0.000E+00 0.000E+00 0.362E-08 0.679E-05 0.352E-06 0.000E+00 0.000E+00
    55.0 0.000E+00 0.000E+00 0.000E+00 0.000E+00 0.000E+00 0.849E-08 0.615E-05 0.224E-06 0.000E+00 0.000E+00

  E*/MeV   182Bi     183Bi     184Bi     185Bi     186Bi     187Bi     188Bi     189Bi     190Bi     191Bi  
    40.0 0.000E+00 0.000E+00 0.000E+00 0.000E+00 0.000E+00 0.873E-04 0.190E-03 0.538E-05 0.115E-02 0.134E-03
    41.0 0.000E+00 0.000E+00 0.000E+00 0.000E+00 0.175E-09 0.111E-03 0.134E-03 0.115E-04 0.124E-02 0.909E-04
    42.0 0.000E+00 0.000E+00 0.000E+00 0.000E+00 0.951E-09 0.129E-03 0.919E-04 0.228E-04 0.128E-02 0.608E-04
    43.0 0.000E+00 0.000E+00 0.000E+00 0.000E+00 0.400E-08 0.138E-03 0.617E-04 0.412E-04 0.125E-02 0.399E-04
    44.0 0.000E+00 0.000E+00 0.000E+00 0.000E+00 0.140E-07 0.138E-03 0.406E-04 0.668E-04 0.116E-02 0.259E-04
    45.0 0.000E+00 0.000E+00 0.000E+00 0.000E+00 0.422E-07 0.129E-03 0.263E-04 0.107E-03 0.104E-02 0.165E-04
    46.0 0.000E+00 0.000E+00 0.000E+00 0.000E+00 0.112E-06 0.114E-03 0.168E-04 0.160E-03 0.902E-03 0.104E-04
    47.0 0.000E+00 0.000E+00 0.000E+00 0.000E+00 0.267E-06 0.958E-04 0.106E-04 0.225E-03 0.753E-03 0.654E-05
    48.0 0.000E+00 0.000E+00 0.000E+00 0.000E+00 0.571E-06 0.776E-04 0.660E-05 0.296E-03 0.611E-03 0.406E-05
    49.0 0.000E+00 0.000E+00 0.000E+00 0.000E+00 0.111E-05 0.607E-04 0.409E-05 0.369E-03 0.483E-03 0.250E-05
    50.0 0.000E+00 0.000E+00 0.000E+00 0.000E+00 0.196E-05 0.461E-04 0.253E-05 0.435E-03 0.373E-03 0.152E-05
    51.0 0.000E+00 0.000E+00 0.000E+00 0.000E+00 0.321E-05 0.342E-04 0.160E-05 0.486E-03 0.282E-03 0.922E-06
    52.0 0.000E+00 0.000E+00 0.000E+00 0.000E+00 0.484E-05 0.248E-04 0.112E-05 0.519E-03 0.210E-03 0.555E-06
    53.0 0.000E+00 0.000E+00 0.000E+00 0.655E-10 0.680E-05 0.177E-04 0.101E-05 0.529E-03 0.153E-03 0.329E-06
    54.0 0.000E+00 0.000E+00 0.000E+00 0.256E-09 0.889E-05 0.124E-04 0.129E-05 0.518E-03 0.110E-03 0.193E-06
    55.0 0.000E+00 0.000E+00 0.000E+00 0.864E-09 0.109E-04 0.859E-05 0.207E-05 0.489E-03 0.784E-04 0.110E-06

 Z-Verteilung  
 E*/MeV     Bi         Po         At  
   40.0  0.157E-02 0.621E-04 0.630E-05
   41.0  0.159E-02 0.494E-04 0.716E-05
   42.0  0.158E-02 0.382E-04 0.730E-05
   43.0  0.153E-02 0.287E-04 0.680E-05
   44.0  0.144E-02 0.212E-04 0.589E-05
   45.0  0.132E-02 0.156E-04 0.480E-05
   46.0  0.120E-02 0.118E-04 0.374E-05
   47.0  0.109E-02 0.949E-05 0.281E-05
   48.0  0.996E-03 0.837E-05 0.207E-05
   49.0  0.920E-03 0.802E-05 0.150E-05
   50.0  0.860E-03 0.804E-05 0.109E-05
   51.0  0.808E-03 0.811E-05 0.802E-06
   52.0  0.760E-03 0.805E-05 0.600E-06
   53.0  0.708E-03 0.772E-05 0.457E-06
   54.0  0.651E-03 0.714E-05 0.353E-06
   55.0  0.589E-03 0.639E-05 0.274E-06

 Z und A Mittelwerte    
   E*/MeV     MW.Z  St.Abw.Z      MW.A  St.Abw.A
    40.0     83.05      0.23    189.69      0.97
    41.0     83.04      0.21    189.69      0.95
    42.0     83.03      0.20    189.68      0.94
    43.0     83.03      0.19    189.66      0.94
    44.0     83.02      0.17    189.63      0.94
    45.0     83.02      0.16    189.61      0.94
    46.0     83.02      0.15    189.57      0.92
    47.0     83.01      0.14    189.52      0.90
    48.0     83.01      0.13    189.46      0.86
    49.0     83.01      0.12    189.39      0.81
    50.0     83.01      0.12    189.32      0.76
    51.0     83.01      0.12    189.25      0.70
    52.0     83.01      0.12    189.19      0.65
    53.0     83.01      0.11    189.14      0.62
    54.0     83.01      0.11    189.09      0.60
    55.0     83.01      0.11    189.05      0.60

 HIVAP  CASOUT

   90Zr 103Rh 193At IFUS10 barfac0.63 sigr3.0 10/02/2023 09:39 Sitarcik 


     E_lab  A*MeV   E*/MeV     SI_fus      SI_VR     SI_Spalt  L_krit     b_Spalt

   436.157    4.85    56.0  0.2426E+03  0.5289E-03  0.2423E+03    65.0       99.87
   438.031    4.87    57.0  0.2429E+03  0.4614E-03  0.2427E+03    65.0       99.88
   439.905    4.89    58.0  0.2430E+03  0.3963E-03  0.2427E+03    65.0       99.89
   441.779    4.91    59.0  0.2428E+03  0.3362E-03  0.2425E+03    65.0       99.89
   443.652    4.93    60.0  0.2424E+03  0.2832E-03  0.2421E+03    65.0       99.89
   445.526    4.95    61.0  0.2419E+03  0.2382E-03  0.2416E+03    65.0       99.89
   447.400    4.97    62.0  0.2412E+03  0.2013E-03  0.2409E+03    65.0       99.89
   449.274    4.99    63.0  0.2404E+03  0.1719E-03  0.2402E+03    65.0       99.88
   451.147    5.01    64.0  0.2396E+03  0.1489E-03  0.2393E+03    65.0       99.88
   453.021    5.03    65.0  0.2387E+03  0.1309E-03  0.2384E+03    65.0       99.87
   454.895    5.05    66.0  0.2378E+03  0.1167E-03  0.2375E+03    65.0       99.86
   456.769    5.08    67.0  0.2369E+03  0.1050E-03  0.2366E+03    65.0       99.85
   458.643    5.10    68.0  0.2360E+03  0.9490E-04  0.2356E+03    65.0       99.84
   460.516    5.12    69.0  0.2350E+03  0.8582E-04  0.2346E+03    65.0       99.83
   462.390    5.14    70.0  0.2341E+03  0.7741E-04  0.2337E+03    65.0       99.82
   464.264    5.16    71.0  0.2331E+03  0.6950E-04  0.2327E+03    65.0       99.81

     Querschnitte / mbarn

  E*/MeV   184At     185At     186At     187At     188At     189At     190At     191At     192At     193At  
    56.0 0.000E+00 0.000E+00 0.000E+00 0.000E+00 0.805E-12 0.126E-06 0.868E-07 0.000E+00 0.000E+00 0.000E+00
    57.0 0.000E+00 0.000E+00 0.000E+00 0.000E+00 0.544E-11 0.109E-06 0.560E-07 0.000E+00 0.000E+00 0.000E+00
    58.0 0.000E+00 0.000E+00 0.000E+00 0.000E+00 0.264E-10 0.902E-07 0.360E-07 0.000E+00 0.000E+00 0.000E+00
    59.0 0.000E+00 0.000E+00 0.000E+00 0.000E+00 0.981E-10 0.727E-07 0.230E-07 0.000E+00 0.000E+00 0.000E+00
    60.0 0.000E+00 0.000E+00 0.000E+00 0.000E+00 0.292E-09 0.572E-07 0.146E-07 0.000E+00 0.000E+00 0.000E+00
    61.0 0.000E+00 0.000E+00 0.000E+00 0.000E+00 0.720E-09 0.440E-07 0.919E-08 0.000E+00 0.000E+00 0.000E+00
    62.0 0.000E+00 0.000E+00 0.000E+00 0.000E+00 0.150E-08 0.332E-07 0.565E-08 0.000E+00 0.000E+00 0.000E+00
    63.0 0.000E+00 0.000E+00 0.000E+00 0.000E+00 0.269E-08 0.247E-07 0.343E-08 0.000E+00 0.000E+00 0.000E+00
    64.0 0.000E+00 0.000E+00 0.000E+00 0.000E+00 0.424E-08 0.181E-07 0.186E-08 0.000E+00 0.000E+00 0.000E+00
    65.0 0.000E+00 0.000E+00 0.000E+00 0.000E+00 0.597E-08 0.131E-07 0.476E-09 0.000E+00 0.000E+00 0.000E+00
    66.0 0.000E+00 0.000E+00 0.000E+00 0.000E+00 0.768E-08 0.939E-08 0.000E+00 0.000E+00 0.000E+00 0.000E+00
    67.0 0.000E+00 0.000E+00 0.000E+00 0.837E-14 0.912E-08 0.667E-08 0.000E+00 0.000E+00 0.000E+00 0.000E+00
    68.0 0.000E+00 0.000E+00 0.000E+00 0.554E-13 0.102E-07 0.469E-08 0.000E+00 0.000E+00 0.000E+00 0.000E+00
    69.0 0.000E+00 0.000E+00 0.000E+00 0.273E-12 0.107E-07 0.328E-08 0.000E+00 0.000E+00 0.000E+00 0.000E+00
    70.0 0.000E+00 0.000E+00 0.000E+00 0.104E-11 0.108E-07 0.228E-08 0.000E+00 0.000E+00 0.000E+00 0.000E+00
    71.0 0.000E+00 0.000E+00 0.000E+00 0.316E-11 0.104E-07 0.157E-08 0.000E+00 0.000E+00 0.000E+00 0.000E+00

  E*/MeV   183Po     184Po     185Po     186Po     187Po     188Po     189Po     190Po     191Po     192Po  
    56.0 0.000E+00 0.000E+00 0.000E+00 0.000E+00 0.000E+00 0.174E-07 0.537E-05 0.140E-06 0.000E+00 0.000E+00
    57.0 0.000E+00 0.000E+00 0.000E+00 0.000E+00 0.000E+00 0.315E-07 0.454E-05 0.871E-07 0.000E+00 0.000E+00
    58.0 0.000E+00 0.000E+00 0.000E+00 0.000E+00 0.000E+00 0.510E-07 0.372E-05 0.528E-07 0.000E+00 0.000E+00
    59.0 0.000E+00 0.000E+00 0.000E+00 0.000E+00 0.000E+00 0.750E-07 0.299E-05 0.309E-07 0.000E+00 0.000E+00
    60.0 0.000E+00 0.000E+00 0.000E+00 0.000E+00 0.901E-12 0.101E-06 0.234E-05 0.161E-07 0.000E+00 0.000E+00
    61.0 0.000E+00 0.000E+00 0.000E+00 0.000E+00 0.381E-11 0.126E-06 0.180E-05 0.582E-08 0.000E+00 0.000E+00
    62.0 0.000E+00 0.000E+00 0.000E+00 0.000E+00 0.116E-10 0.147E-06 0.137E-05 0.000E+00 0.000E+00 0.000E+00
    63.0 0.000E+00 0.000E+00 0.000E+00 0.000E+00 0.279E-10 0.162E-06 0.102E-05 0.000E+00 0.000E+00 0.000E+00
    64.0 0.000E+00 0.000E+00 0.000E+00 0.000E+00 0.570E-10 0.169E-06 0.752E-06 0.000E+00 0.000E+00 0.000E+00
    65.0 0.000E+00 0.000E+00 0.000E+00 0.000E+00 0.108E-09 0.170E-06 0.549E-06 0.000E+00 0.000E+00 0.000E+00
    66.0 0.000E+00 0.000E+00 0.000E+00 0.000E+00 0.201E-09 0.163E-06 0.396E-06 0.000E+00 0.000E+00 0.000E+00
    67.0 0.000E+00 0.000E+00 0.000E+00 0.000E+00 0.378E-09 0.152E-06 0.284E-06 0.000E+00 0.000E+00 0.000E+00
    68.0 0.000E+00 0.000E+00 0.000E+00 0.000E+00 0.715E-09 0.137E-06 0.201E-06 0.000E+00 0.000E+00 0.000E+00
    69.0 0.000E+00 0.000E+00 0.000E+00 0.000E+00 0.131E-08 0.120E-06 0.142E-06 0.000E+00 0.000E+00 0.000E+00
    70.0 0.000E+00 0.000E+00 0.000E+00 0.000E+00 0.230E-08 0.103E-06 0.994E-07 0.000E+00 0.000E+00 0.000E+00
    71.0 0.000E+00 0.000E+00 0.000E+00 0.000E+00 0.378E-08 0.869E-07 0.691E-07 0.000E+00 0.000E+00 0.000E+00

  E*/MeV   182Bi     183Bi     184Bi     185Bi     186Bi     187Bi     188Bi     189Bi     190Bi     191Bi  
    56.0 0.000E+00 0.000E+00 0.000E+00 0.258E-08 0.125E-04 0.588E-05 0.350E-05 0.446E-03 0.551E-04 0.599E-07
    57.0 0.000E+00 0.000E+00 0.000E+00 0.687E-08 0.136E-04 0.398E-05 0.579E-05 0.395E-03 0.384E-04 0.303E-07
    58.0 0.000E+00 0.000E+00 0.000E+00 0.165E-07 0.140E-04 0.267E-05 0.912E-05 0.340E-03 0.265E-04 0.110E-07
    59.0 0.000E+00 0.000E+00 0.000E+00 0.361E-07 0.137E-04 0.178E-05 0.136E-04 0.286E-03 0.181E-04 0.000E+00
    60.0 0.000E+00 0.000E+00 0.000E+00 0.720E-07 0.129E-04 0.118E-05 0.193E-04 0.235E-03 0.123E-04 0.000E+00
    61.0 0.000E+00 0.000E+00 0.000E+00 0.132E-06 0.117E-04 0.781E-06 0.260E-04 0.189E-03 0.827E-05 0.000E+00
    62.0 0.000E+00 0.000E+00 0.000E+00 0.222E-06 0.103E-04 0.519E-06 0.333E-04 0.150E-03 0.554E-05 0.000E+00
    63.0 0.000E+00 0.000E+00 0.000E+00 0.347E-06 0.883E-05 0.357E-06 0.408E-04 0.117E-03 0.368E-05 0.000E+00
    64.0 0.000E+00 0.000E+00 0.000E+00 0.502E-06 0.736E-05 0.273E-06 0.478E-04 0.896E-04 0.243E-05 0.000E+00
    65.0 0.000E+00 0.000E+00 0.000E+00 0.679E-06 0.600E-05 0.260E-06 0.538E-04 0.679E-04 0.159E-05 0.000E+00
    66.0 0.000E+00 0.000E+00 0.000E+00 0.861E-06 0.480E-05 0.325E-06 0.583E-04 0.508E-04 0.104E-05 0.000E+00
    67.0 0.000E+00 0.000E+00 0.101E-10 0.103E-05 0.377E-05 0.484E-06 0.609E-04 0.377E-04 0.674E-06 0.000E+00
    68.0 0.000E+00 0.000E+00 0.320E-10 0.116E-05 0.292E-05 0.761E-06 0.616E-04 0.276E-04 0.433E-06 0.000E+00
    69.0 0.000E+00 0.000E+00 0.914E-10 0.126E-05 0.223E-05 0.118E-05 0.605E-04 0.201E-04 0.277E-06 0.000E+00
    70.0 0.000E+00 0.000E+00 0.236E-09 0.130E-05 0.168E-05 0.175E-05 0.578E-04 0.145E-04 0.175E-06 0.000E+00
    71.0 0.000E+00 0.000E+00 0.555E-09 0.129E-05 0.125E-05 0.249E-05 0.538E-04 0.104E-04 0.110E-06 0.000E+00

 Z-Verteilung  
 E*/MeV     Bi         Po         At  
   56.0  0.523E-03 0.553E-05 0.213E-06
   57.0  0.457E-03 0.465E-05 0.165E-06
   58.0  0.392E-03 0.383E-05 0.126E-06
   59.0  0.333E-03 0.309E-05 0.958E-07
   60.0  0.281E-03 0.246E-05 0.720E-07
   61.0  0.236E-03 0.194E-05 0.539E-07
   62.0  0.200E-03 0.151E-05 0.404E-07
   63.0  0.171E-03 0.118E-05 0.308E-07
   64.0  0.148E-03 0.922E-06 0.242E-07
   65.0  0.130E-03 0.719E-06 0.196E-07
   66.0  0.116E-03 0.560E-06 0.171E-07
   67.0  0.105E-03 0.436E-06 0.158E-07
   68.0  0.945E-04 0.339E-06 0.149E-07
   69.0  0.855E-04 0.264E-06 0.140E-07
   70.0  0.772E-04 0.205E-06 0.130E-07
   71.0  0.693E-04 0.160E-06 0.120E-07

 Z und A Mittelwerte    
   E*/MeV     MW.Z  St.Abw.Z      MW.A  St.Abw.A
    56.0     83.01      0.11    189.01      0.61
    57.0     83.01      0.11    188.97      0.63
    58.0     83.01      0.10    188.92      0.66
    59.0     83.01      0.10    188.88      0.69
    60.0     83.01      0.10    188.83      0.72
    61.0     83.01      0.09    188.77      0.75
    62.0     83.01      0.09    188.70      0.77
    63.0     83.01      0.09    188.62      0.78
    64.0     83.01      0.08    188.53      0.79
    65.0     83.01      0.08    188.44      0.78
    66.0     83.01      0.07    188.35      0.77
    67.0     83.00      0.07    188.27      0.74
    68.0     83.00      0.06    188.20      0.72
    69.0     83.00      0.06    188.13      0.69
    70.0     83.00      0.06    188.08      0.67
    71.0     83.00      0.05    188.03      0.66

 HIVAP  CASOUT

   90Zr 103Rh 193At IFUS10 barfac0.63 sigr3.0 10/02/2023 09:39 Sitarcik 


     E_lab  A*MeV   E*/MeV     SI_fus      SI_VR     SI_Spalt  L_krit     b_Spalt

   466.138    5.18    72.0  0.2322E+03  0.6207E-04  0.2317E+03    65.0       99.80
   468.012    5.20    73.0  0.2313E+03  0.5495E-04  0.2308E+03    65.0       99.79
   469.885    5.22    74.0  0.2303E+03  0.4772E-04  0.2298E+03    65.0       99.78
   471.759    5.24    75.0  0.2294E+03  0.4190E-04  0.2289E+03    65.0       99.77
   473.633    5.26    76.0  0.2285E+03  0.3687E-04  0.2280E+03    65.0       99.75
   475.507    5.28    77.0  0.2276E+03  0.3244E-04  0.2270E+03    65.0       99.74
   477.380    5.30    78.0  0.2267E+03  0.2854E-04  0.2261E+03    65.0       99.73
   479.254    5.33    79.0  0.2258E+03  0.2490E-04  0.2252E+03    65.0       99.71
   481.128    5.35    80.0  0.2250E+03  0.2166E-04  0.2243E+03    65.0       99.70
   483.002    5.37    81.0  0.2241E+03  0.1881E-04  0.2234E+03    65.0       99.68
   484.876    5.39    82.0  0.2232E+03  0.1619E-04  0.2225E+03    65.0       99.67
   486.749    5.41    83.0  0.2224E+03  0.1377E-04  0.2216E+03    65.0       99.65
   488.623    5.43    84.0  0.2215E+03  0.1149E-04  0.2207E+03    65.0       99.63
   490.497    5.45    85.0  0.2207E+03  0.9126E-05  0.2198E+03    65.0       99.62
   492.371    5.47    86.0  0.2198E+03  0.7228E-05  0.2189E+03    65.0       99.60
   494.245    5.49    87.0  0.2190E+03  0.6092E-05  0.2181E+03    65.0       99.58

     Querschnitte / mbarn

  E*/MeV   184At     185At     186At     187At     188At     189At     190At     191At     192At     193At  
    72.0 0.000E+00 0.000E+00 0.000E+00 0.792E-11 0.967E-08 0.108E-08 0.000E+00 0.000E+00 0.000E+00 0.000E+00
    73.0 0.000E+00 0.000E+00 0.000E+00 0.168E-10 0.875E-08 0.734E-09 0.000E+00 0.000E+00 0.000E+00 0.000E+00
    74.0 0.000E+00 0.000E+00 0.000E+00 0.309E-10 0.770E-08 0.489E-09 0.000E+00 0.000E+00 0.000E+00 0.000E+00
    75.0 0.000E+00 0.000E+00 0.000E+00 0.506E-10 0.663E-08 0.322E-09 0.000E+00 0.000E+00 0.000E+00 0.000E+00
    76.0 0.000E+00 0.000E+00 0.000E+00 0.749E-10 0.559E-08 0.188E-09 0.000E+00 0.000E+00 0.000E+00 0.000E+00
    77.0 0.000E+00 0.000E+00 0.000E+00 0.102E-09 0.463E-08 0.102E-09 0.000E+00 0.000E+00 0.000E+00 0.000E+00
    78.0 0.000E+00 0.000E+00 0.000E+00 0.129E-09 0.378E-08 0.421E-10 0.000E+00 0.000E+00 0.000E+00 0.000E+00
    79.0 0.000E+00 0.000E+00 0.000E+00 0.154E-09 0.304E-08 0.000E+00 0.000E+00 0.000E+00 0.000E+00 0.000E+00
    80.0 0.000E+00 0.000E+00 0.000E+00 0.175E-09 0.241E-08 0.000E+00 0.000E+00 0.000E+00 0.000E+00 0.000E+00
    81.0 0.000E+00 0.000E+00 0.988E-15 0.189E-09 0.189E-08 0.000E+00 0.000E+00 0.000E+00 0.000E+00 0.000E+00
    82.0 0.000E+00 0.000E+00 0.445E-14 0.197E-09 0.147E-08 0.000E+00 0.000E+00 0.000E+00 0.000E+00 0.000E+00
    83.0 0.000E+00 0.000E+00 0.165E-13 0.198E-09 0.113E-08 0.000E+00 0.000E+00 0.000E+00 0.000E+00 0.000E+00
    84.0 0.000E+00 0.000E+00 0.511E-13 0.193E-09 0.862E-09 0.000E+00 0.000E+00 0.000E+00 0.000E+00 0.000E+00
    85.0 0.000E+00 0.000E+00 0.136E-12 0.183E-09 0.653E-09 0.000E+00 0.000E+00 0.000E+00 0.000E+00 0.000E+00
    86.0 0.000E+00 0.000E+00 0.316E-12 0.170E-09 0.492E-09 0.000E+00 0.000E+00 0.000E+00 0.000E+00 0.000E+00
    87.0 0.000E+00 0.000E+00 0.653E-12 0.154E-09 0.367E-09 0.000E+00 0.000E+00 0.000E+00 0.000E+00 0.000E+00

  E*/MeV   183Po     184Po     185Po     186Po     187Po     188Po     189Po     190Po     191Po     192Po  
    72.0 0.000E+00 0.000E+00 0.000E+00 0.000E+00 0.581E-08 0.717E-07 0.478E-07 0.000E+00 0.000E+00 0.000E+00
    73.0 0.000E+00 0.000E+00 0.000E+00 0.687E-14 0.836E-08 0.582E-07 0.327E-07 0.000E+00 0.000E+00 0.000E+00
    74.0 0.000E+00 0.000E+00 0.000E+00 0.311E-13 0.113E-07 0.466E-07 0.222E-07 0.000E+00 0.000E+00 0.000E+00
    75.0 0.000E+00 0.000E+00 0.000E+00 0.121E-12 0.144E-07 0.368E-07 0.150E-07 0.000E+00 0.000E+00 0.000E+00
    76.0 0.000E+00 0.000E+00 0.000E+00 0.406E-12 0.175E-07 0.287E-07 0.992E-08 0.000E+00 0.000E+00 0.000E+00
    77.0 0.000E+00 0.000E+00 0.000E+00 0.119E-11 0.203E-07 0.221E-07 0.648E-08 0.000E+00 0.000E+00 0.000E+00
    78.0 0.000E+00 0.000E+00 0.000E+00 0.310E-11 0.225E-07 0.169E-07 0.382E-08 0.000E+00 0.000E+00 0.000E+00
    79.0 0.000E+00 0.000E+00 0.000E+00 0.721E-11 0.240E-07 0.128E-07 0.217E-08 0.000E+00 0.000E+00 0.000E+00
    80.0 0.000E+00 0.000E+00 0.000E+00 0.151E-10 0.248E-07 0.961E-08 0.523E-09 0.000E+00 0.000E+00 0.000E+00
    81.0 0.000E+00 0.000E+00 0.000E+00 0.287E-10 0.248E-07 0.717E-08 0.000E+00 0.000E+00 0.000E+00 0.000E+00
    82.0 0.000E+00 0.000E+00 0.000E+00 0.501E-10 0.242E-07 0.530E-08 0.000E+00 0.000E+00 0.000E+00 0.000E+00
    83.0 0.000E+00 0.000E+00 0.000E+00 0.810E-10 0.230E-07 0.389E-08 0.000E+00 0.000E+00 0.000E+00 0.000E+00
    84.0 0.000E+00 0.000E+00 0.000E+00 0.122E-09 0.214E-07 0.284E-08 0.000E+00 0.000E+00 0.000E+00 0.000E+00
    85.0 0.000E+00 0.000E+00 0.202E-14 0.173E-09 0.195E-07 0.205E-08 0.000E+00 0.000E+00 0.000E+00 0.000E+00
    86.0 0.000E+00 0.000E+00 0.595E-14 0.232E-09 0.174E-07 0.143E-08 0.000E+00 0.000E+00 0.000E+00 0.000E+00
    87.0 0.000E+00 0.000E+00 0.151E-13 0.295E-09 0.153E-07 0.101E-08 0.000E+00 0.000E+00 0.000E+00 0.000E+00

  E*/MeV   182Bi     183Bi     184Bi     185Bi     186Bi     187Bi     188Bi     189Bi     190Bi     191Bi  
    72.0 0.000E+00 0.000E+00 0.120E-08 0.124E-05 0.926E-06 0.337E-05 0.490E-04 0.737E-05 0.670E-07 0.000E+00
    73.0 0.000E+00 0.000E+00 0.239E-08 0.116E-05 0.678E-06 0.434E-05 0.436E-04 0.501E-05 0.399E-07 0.000E+00
    74.0 0.000E+00 0.000E+00 0.440E-08 0.105E-05 0.493E-06 0.536E-05 0.381E-04 0.259E-05 0.222E-07 0.000E+00
    75.0 0.000E+00 0.000E+00 0.756E-08 0.928E-06 0.356E-06 0.635E-05 0.327E-04 0.145E-05 0.113E-07 0.000E+00
    76.0 0.000E+00 0.000E+00 0.121E-07 0.804E-06 0.256E-06 0.724E-05 0.276E-04 0.842E-06 0.262E-09 0.000E+00
    77.0 0.000E+00 0.000E+00 0.183E-07 0.683E-06 0.185E-06 0.798E-05 0.230E-04 0.507E-06 0.000E+00 0.000E+00
    78.0 0.000E+00 0.000E+00 0.261E-07 0.571E-06 0.136E-06 0.850E-05 0.189E-04 0.354E-06 0.000E+00 0.000E+00
    79.0 0.000E+00 0.000E+00 0.352E-07 0.469E-06 0.105E-06 0.880E-05 0.153E-04 0.122E-06 0.000E+00 0.000E+00
    80.0 0.000E+00 0.228E-11 0.452E-07 0.380E-06 0.886E-07 0.886E-05 0.122E-04 0.000E+00 0.000E+00 0.000E+00
    81.0 0.000E+00 0.615E-11 0.554E-07 0.304E-06 0.869E-07 0.870E-05 0.963E-05 0.000E+00 0.000E+00 0.000E+00
    82.0 0.000E+00 0.152E-10 0.650E-07 0.241E-06 0.996E-07 0.835E-05 0.741E-05 0.000E+00 0.000E+00 0.000E+00
    83.0 0.000E+00 0.344E-10 0.733E-07 0.189E-06 0.127E-06 0.784E-05 0.551E-05 0.000E+00 0.000E+00 0.000E+00
    84.0 0.000E+00 0.721E-10 0.799E-07 0.146E-06 0.170E-06 0.722E-05 0.385E-05 0.000E+00 0.000E+00 0.000E+00
    85.0 0.000E+00 0.140E-09 0.842E-07 0.113E-06 0.229E-06 0.654E-05 0.214E-05 0.000E+00 0.000E+00 0.000E+00
    86.0 0.000E+00 0.254E-09 0.861E-07 0.860E-07 0.303E-06 0.582E-05 0.915E-06 0.000E+00 0.000E+00 0.000E+00
    87.0 0.000E+00 0.431E-09 0.858E-07 0.653E-07 0.388E-06 0.510E-05 0.433E-06 0.000E+00 0.000E+00 0.000E+00

 Z-Verteilung  
 E*/MeV     Bi         Po         At  
   72.0  0.619E-04 0.125E-06 0.108E-07
   73.0  0.548E-04 0.993E-07 0.950E-08
   74.0  0.476E-04 0.801E-07 0.822E-08
   75.0  0.418E-04 0.662E-07 0.700E-08
   76.0  0.368E-04 0.561E-07 0.585E-08
   77.0  0.324E-04 0.489E-07 0.484E-08
   78.0  0.285E-04 0.432E-07 0.395E-08
   79.0  0.249E-04 0.390E-07 0.319E-08
   80.0  0.216E-04 0.349E-07 0.258E-08
   81.0  0.188E-04 0.320E-07 0.208E-08
   82.0  0.162E-04 0.295E-07 0.167E-08
   83.0  0.137E-04 0.270E-07 0.133E-08
   84.0  0.115E-04 0.243E-07 0.106E-08
   85.0  0.910E-05 0.217E-07 0.837E-09
   86.0  0.721E-05 0.191E-07 0.662E-09
   87.0  0.607E-05 0.166E-07 0.522E-09

 Z und A Mittelwerte    
   E*/MeV     MW.Z  St.Abw.Z      MW.A  St.Abw.A
    72.0     83.00      0.05    187.98      0.65
    73.0     83.00      0.05    187.93      0.64
    74.0     83.00      0.05    187.86      0.62
    75.0     83.00      0.05    187.80      0.62
    76.0     83.00      0.05    187.75      0.62
    77.0     83.00      0.05    187.69      0.62
    78.0     83.00      0.05    187.64      0.63
    79.0     83.00      0.05    187.58      0.63
    80.0     83.00      0.05    187.52      0.62
    81.0     83.00      0.05    187.47      0.62
    82.0     83.00      0.05    187.41      0.63
    83.0     83.00      0.05    187.35      0.63
    84.0     83.00      0.05    187.27      0.62
    85.0     83.00      0.05    187.16      0.61
    86.0     83.00      0.05    187.03      0.57
    87.0     83.00      0.06    186.94      0.55

 HIVAP  CASOUT

   90Zr 103Rh 193At IFUS10 barfac0.63 sigr3.0 10/02/2023 09:39 Sitarcik 


     E_lab  A*MeV   E*/MeV     SI_fus      SI_VR     SI_Spalt  L_krit     b_Spalt

   496.118    5.51    88.0  0.2182E+03  0.5255E-05  0.2172E+03    65.0       99.56
   497.992    5.53    89.0  0.2173E+03  0.4585E-05  0.2163E+03    65.0       99.54
   499.866    5.55    90.0  0.2165E+03  0.4008E-05  0.2155E+03    65.0       99.52
   501.740    5.57    91.0  0.2157E+03  0.3453E-05  0.2146E+03    65.0       99.50

     Querschnitte / mbarn

  E*/MeV   184At     185At     186At     187At     188At     189At     190At     191At     192At     193At  
    88.0 0.000E+00 0.000E+00 0.121E-11 0.137E-09 0.273E-09 0.000E+00 0.000E+00 0.000E+00 0.000E+00 0.000E+00
    89.0 0.000E+00 0.000E+00 0.206E-11 0.120E-09 0.202E-09 0.000E+00 0.000E+00 0.000E+00 0.000E+00 0.000E+00
    90.0 0.000E+00 0.000E+00 0.322E-11 0.104E-09 0.148E-09 0.000E+00 0.000E+00 0.000E+00 0.000E+00 0.000E+00
    91.0 0.000E+00 0.000E+00 0.470E-11 0.882E-10 0.108E-09 0.000E+00 0.000E+00 0.000E+00 0.000E+00 0.000E+00

  E*/MeV   183Po     184Po     185Po     186Po     187Po     188Po     189Po     190Po     191Po     192Po  
    88.0 0.000E+00 0.000E+00 0.343E-13 0.359E-09 0.133E-07 0.700E-09 0.000E+00 0.000E+00 0.000E+00 0.000E+00
    89.0 0.000E+00 0.000E+00 0.722E-13 0.420E-09 0.114E-07 0.425E-09 0.000E+00 0.000E+00 0.000E+00 0.000E+00
    90.0 0.000E+00 0.000E+00 0.145E-12 0.474E-09 0.958E-08 0.223E-09 0.000E+00 0.000E+00 0.000E+00 0.000E+00
    91.0 0.000E+00 0.000E+00 0.286E-12 0.516E-09 0.799E-08 0.105E-09 0.000E+00 0.000E+00 0.000E+00 0.000E+00

  E*/MeV   182Bi     183Bi     184Bi     185Bi     186Bi     187Bi     188Bi     189Bi     190Bi     191Bi  
    88.0 0.000E+00 0.688E-09 0.834E-07 0.493E-07 0.483E-06 0.441E-05 0.212E-06 0.000E+00 0.000E+00 0.000E+00
    89.0 0.000E+00 0.103E-08 0.793E-07 0.372E-07 0.583E-06 0.376E-05 0.110E-06 0.000E+00 0.000E+00 0.000E+00
    90.0 0.000E+00 0.148E-08 0.738E-07 0.282E-07 0.681E-06 0.315E-05 0.670E-07 0.000E+00 0.000E+00 0.000E+00
    91.0 0.000E+00 0.200E-08 0.675E-07 0.218E-07 0.774E-06 0.256E-05 0.176E-07 0.000E+00 0.000E+00 0.000E+00

 Z-Verteilung  
 E*/MeV     Bi         Po         At  
   88.0  0.524E-05 0.143E-07 0.412E-09
   89.0  0.457E-05 0.122E-07 0.324E-09
   90.0  0.400E-05 0.103E-07 0.255E-09
   91.0  0.344E-05 0.861E-08 0.201E-09

 Z und A Mittelwerte    
   E*/MeV     MW.Z  St.Abw.Z      MW.A  St.Abw.A
    88.0     83.00      0.06    186.88      0.55
    89.0     83.00      0.05    186.83      0.56
    90.0     83.00      0.05    186.78      0.58
    91.0     83.00      0.05    186.71      0.60
                                                                        
           



 Ende HIVAP 
