          Programm HIVAP,  Autor  W.Reisdorf   Version fuer "rzri6f" vom  7. 6. 1994

           Bearbeitung F.P.Heﬂberger
           
   93Nb 99Ru 192At IFUS10 barfac0.56 sigr3.0 10/02/2023 10:32 Sitarcik  
           

 Unterprogramm SEPENF

 benutzt Sierks Programm BARFIT 
 Q-Wert  -177.443 MeV
 Massen aus der Datei "mlz.dat" 

         Exp. Schaleneffekte,  SHELL0=    0.00
          At  183   At  184   At  185   At  186   At  187   At  188   At  189   At  190   At  191   At  192
             -0.16     -0.96     -0.15     -0.95     -0.13     -0.92     -0.10     -0.88     -0.07     -0.87
          Po  182   Po  183   Po  184   Po  185   Po  186   Po  187   Po  188   Po  189   Po  190   Po  191
              0.25     -0.41      0.51     -0.23      0.60     -0.21      0.55     -0.34      0.34     -0.63
          Bi  181   Bi  182   Bi  183   Bi  184   Bi  185   Bi  186   Bi  187   Bi  188   Bi  189   Bi  190
             -1.37     -2.02     -1.09     -1.82     -0.98     -1.79     -1.03     -1.92     -1.24     -2.20

           BARFAC=   0.560      BAR0=   0.000

          Separationsenergien (BN,BP,BA) und Spaltbarrieren
          At  183   At  184   At  185   At  186   At  187   At  188   At  189   At  190   At  191   At  192
             12.65     10.83     12.24     10.41     11.81     10.00     11.40      9.60     11.01      9.25
             -3.05     -2.63     -2.25     -1.92     -1.64     -1.40     -1.20     -1.04     -0.93     -0.82
            -10.29     -9.93     -9.63     -9.36     -9.14     -8.96     -8.83     -8.72     -8.66     -8.59
              2.38      3.32      2.64      3.58      2.90      3.82      3.14      4.05      3.38      4.31
             -0.81     -1.62     -0.81     -1.61     -0.80     -1.60     -0.80     -1.60     -0.80     -1.59
          Po  182   Po  183   Po  184   Po  185   Po  186   Po  187   Po  188   Po  189   Po  190   Po  191
             12.21     10.41     11.86     10.08     11.54      9.75     11.20      9.44     10.89      9.14
             -1.35     -1.08     -0.82     -0.54     -0.28     -0.02      0.24      0.50      0.75      1.01
            -10.37    -10.16     -9.96     -9.74     -9.53     -9.32     -9.12     -8.90     -8.69     -8.47
              2.48      3.29      2.52      3.41      2.73      3.68      3.07      4.10      3.57      4.68
              0.00     -0.81      0.00     -0.81      0.00     -0.80      0.00     -0.80      0.00     -0.80
          Bi  181   Bi  182   Bi  183   Bi  184   Bi  185   Bi  186   Bi  187   Bi  188   Bi  189   Bi  190
             11.94     10.14     11.60      9.81     11.27      9.49     10.95      9.18     10.64      8.88
             -2.58     -2.30     -2.03     -1.76     -1.49     -1.22     -0.96     -0.69     -0.43     -0.17
             -8.40     -8.19     -7.99     -7.78     -7.58     -7.36     -7.16     -6.93     -6.73     -6.50
              4.67      5.49      4.72      5.61      4.93      5.89      5.29      6.32      5.79      6.90
             -0.82     -1.63     -0.81     -1.62     -0.81     -1.61     -0.80     -1.60     -0.80     -1.60

 benutzter Q-Wert  -177.443 MeV    effektiver Q-Wert  -177.443 MeV

 HIVAP  CASOUT

   93Nb 99Ru 192At IFUS10 barfac0.56 sigr3.0 10/02/2023 10:32 Sitarcik  


     E_lab  A*MeV   E*/MeV     SI_fus      SI_VR     SI_Spalt  L_krit     b_Spalt

   359.647    3.87     8.0  0.1378E-04  0.1612E-06  0.1362E-04     0.0       98.83
   361.587    3.89     9.0  0.7079E-04  0.1644E-06  0.7063E-04     0.0       99.77
   363.526    3.91    10.0  0.3534E-03  0.7472E-06  0.3527E-03     0.0       99.79
   365.466    3.93    11.0  0.1674E-02  0.3787E-05  0.1670E-02     0.0       99.77
   367.405    3.95    12.0  0.6929E-02  0.1606E-04  0.6913E-02     0.0       99.77
   369.344    3.97    13.0  0.2273E-01  0.4808E-04  0.2268E-01     0.0       99.79
   371.284    3.99    14.0  0.5918E-01  0.1013E-03  0.5908E-01     0.0       99.83
   373.223    4.01    15.0  0.1313E+00  0.1515E-03  0.1311E+00     0.0       99.88
   375.163    4.03    16.0  0.2639E+00  0.1903E-03  0.2637E+00     0.0       99.93
   377.102    4.05    17.0  0.4849E+00  0.2177E-03  0.4847E+00     0.0       99.95
   379.041    4.08    18.0  0.8351E+00  0.2440E-03  0.8348E+00     0.0       99.97
   380.981    4.10    19.0  0.1369E+01  0.2743E-03  0.1368E+01     0.0       99.98
   382.920    4.12    20.0  0.2149E+01  0.3056E-03  0.2149E+01     0.0       99.98
   384.860    4.14    21.0  0.3260E+01  0.3345E-03  0.3260E+01     0.0       99.99
   386.799    4.16    22.0  0.4784E+01  0.3612E-03  0.4782E+01     0.0       99.97
   388.738    4.18    23.0  0.6814E+01  0.3947E-03  0.6809E+01     0.0       99.94

     Querschnitte / mbarn

  E*/MeV   183At     184At     185At     186At     187At     188At     189At     190At     191At     192At  
     8.0 0.000E+00 0.000E+00 0.000E+00 0.000E+00 0.000E+00 0.000E+00 0.000E+00 0.000E+00 0.000E+00 0.151E-06
     9.0 0.000E+00 0.000E+00 0.000E+00 0.000E+00 0.000E+00 0.000E+00 0.000E+00 0.000E+00 0.000E+00 0.824E-07
    10.0 0.000E+00 0.000E+00 0.000E+00 0.000E+00 0.000E+00 0.000E+00 0.000E+00 0.000E+00 0.753E-09 0.155E-06
    11.0 0.000E+00 0.000E+00 0.000E+00 0.000E+00 0.000E+00 0.000E+00 0.000E+00 0.000E+00 0.502E-07 0.272E-06
    12.0 0.000E+00 0.000E+00 0.000E+00 0.000E+00 0.000E+00 0.000E+00 0.000E+00 0.000E+00 0.849E-06 0.401E-06
    13.0 0.000E+00 0.000E+00 0.000E+00 0.000E+00 0.000E+00 0.000E+00 0.000E+00 0.000E+00 0.592E-05 0.421E-06
    14.0 0.000E+00 0.000E+00 0.000E+00 0.000E+00 0.000E+00 0.000E+00 0.000E+00 0.000E+00 0.202E-04 0.392E-06
    15.0 0.000E+00 0.000E+00 0.000E+00 0.000E+00 0.000E+00 0.000E+00 0.000E+00 0.000E+00 0.303E-04 0.341E-06
    16.0 0.000E+00 0.000E+00 0.000E+00 0.000E+00 0.000E+00 0.000E+00 0.000E+00 0.000E+00 0.329E-04 0.279E-06
    17.0 0.000E+00 0.000E+00 0.000E+00 0.000E+00 0.000E+00 0.000E+00 0.000E+00 0.000E+00 0.300E-04 0.201E-06
    18.0 0.000E+00 0.000E+00 0.000E+00 0.000E+00 0.000E+00 0.000E+00 0.000E+00 0.000E+00 0.249E-04 0.156E-06
    19.0 0.000E+00 0.000E+00 0.000E+00 0.000E+00 0.000E+00 0.000E+00 0.000E+00 0.000E+00 0.192E-04 0.148E-06
    20.0 0.000E+00 0.000E+00 0.000E+00 0.000E+00 0.000E+00 0.000E+00 0.000E+00 0.000E+00 0.142E-04 0.126E-06
    21.0 0.000E+00 0.000E+00 0.000E+00 0.000E+00 0.000E+00 0.000E+00 0.000E+00 0.479E-09 0.102E-04 0.656E-07
    22.0 0.000E+00 0.000E+00 0.000E+00 0.000E+00 0.000E+00 0.000E+00 0.000E+00 0.170E-07 0.704E-05 0.000E+00
    23.0 0.000E+00 0.000E+00 0.000E+00 0.000E+00 0.000E+00 0.000E+00 0.000E+00 0.212E-06 0.485E-05 0.000E+00

  E*/MeV   182Po     183Po     184Po     185Po     186Po     187Po     188Po     189Po     190Po     191Po  
     8.0 0.000E+00 0.000E+00 0.000E+00 0.000E+00 0.000E+00 0.000E+00 0.000E+00 0.000E+00 0.000E+00 0.984E-08
     9.0 0.000E+00 0.000E+00 0.000E+00 0.000E+00 0.000E+00 0.000E+00 0.000E+00 0.000E+00 0.000E+00 0.814E-07
    10.0 0.000E+00 0.000E+00 0.000E+00 0.000E+00 0.000E+00 0.000E+00 0.000E+00 0.000E+00 0.000E+00 0.585E-06
    11.0 0.000E+00 0.000E+00 0.000E+00 0.000E+00 0.000E+00 0.000E+00 0.000E+00 0.000E+00 0.000E+00 0.342E-05
    12.0 0.000E+00 0.000E+00 0.000E+00 0.000E+00 0.000E+00 0.000E+00 0.000E+00 0.000E+00 0.000E+00 0.145E-04
    13.0 0.000E+00 0.000E+00 0.000E+00 0.000E+00 0.000E+00 0.000E+00 0.000E+00 0.000E+00 0.000E+00 0.403E-04
    14.0 0.000E+00 0.000E+00 0.000E+00 0.000E+00 0.000E+00 0.000E+00 0.000E+00 0.000E+00 0.190E-10 0.760E-04
    15.0 0.000E+00 0.000E+00 0.000E+00 0.000E+00 0.000E+00 0.000E+00 0.000E+00 0.000E+00 0.719E-09 0.108E-03
    16.0 0.000E+00 0.000E+00 0.000E+00 0.000E+00 0.000E+00 0.000E+00 0.000E+00 0.000E+00 0.894E-08 0.128E-03
    17.0 0.000E+00 0.000E+00 0.000E+00 0.000E+00 0.000E+00 0.000E+00 0.000E+00 0.000E+00 0.678E-07 0.129E-03
    18.0 0.000E+00 0.000E+00 0.000E+00 0.000E+00 0.000E+00 0.000E+00 0.000E+00 0.000E+00 0.372E-06 0.116E-03
    19.0 0.000E+00 0.000E+00 0.000E+00 0.000E+00 0.000E+00 0.000E+00 0.000E+00 0.000E+00 0.147E-05 0.971E-04
    20.0 0.000E+00 0.000E+00 0.000E+00 0.000E+00 0.000E+00 0.000E+00 0.000E+00 0.000E+00 0.443E-05 0.766E-04
    21.0 0.000E+00 0.000E+00 0.000E+00 0.000E+00 0.000E+00 0.000E+00 0.000E+00 0.000E+00 0.104E-04 0.577E-04
    22.0 0.000E+00 0.000E+00 0.000E+00 0.000E+00 0.000E+00 0.000E+00 0.000E+00 0.000E+00 0.196E-04 0.416E-04
    23.0 0.000E+00 0.000E+00 0.000E+00 0.000E+00 0.000E+00 0.000E+00 0.000E+00 0.000E+00 0.301E-04 0.288E-04

  E*/MeV   181Bi     182Bi     183Bi     184Bi     185Bi     186Bi     187Bi     188Bi     189Bi     190Bi  
     8.0 0.000E+00 0.000E+00 0.000E+00 0.000E+00 0.000E+00 0.000E+00 0.000E+00 0.566E-10 0.000E+00 0.000E+00
     9.0 0.000E+00 0.000E+00 0.000E+00 0.000E+00 0.000E+00 0.000E+00 0.000E+00 0.635E-09 0.000E+00 0.000E+00
    10.0 0.000E+00 0.000E+00 0.000E+00 0.000E+00 0.000E+00 0.000E+00 0.000E+00 0.615E-08 0.000E+00 0.000E+00
    11.0 0.000E+00 0.000E+00 0.000E+00 0.000E+00 0.000E+00 0.000E+00 0.000E+00 0.481E-07 0.000E+00 0.647E-11
    12.0 0.000E+00 0.000E+00 0.000E+00 0.000E+00 0.000E+00 0.000E+00 0.000E+00 0.309E-06 0.000E+00 0.188E-09
    13.0 0.000E+00 0.000E+00 0.000E+00 0.000E+00 0.000E+00 0.000E+00 0.000E+00 0.139E-05 0.000E+00 0.235E-08
    14.0 0.000E+00 0.000E+00 0.000E+00 0.000E+00 0.000E+00 0.000E+00 0.000E+00 0.467E-05 0.000E+00 0.170E-07
    15.0 0.000E+00 0.000E+00 0.000E+00 0.000E+00 0.000E+00 0.000E+00 0.000E+00 0.125E-04 0.000E+00 0.887E-07
    16.0 0.000E+00 0.000E+00 0.000E+00 0.000E+00 0.000E+00 0.000E+00 0.000E+00 0.292E-04 0.000E+00 0.364E-06
    17.0 0.000E+00 0.000E+00 0.000E+00 0.000E+00 0.000E+00 0.000E+00 0.258E-09 0.576E-04 0.000E+00 0.120E-05
    18.0 0.000E+00 0.000E+00 0.000E+00 0.000E+00 0.000E+00 0.000E+00 0.433E-08 0.990E-04 0.000E+00 0.340E-05
    19.0 0.000E+00 0.000E+00 0.000E+00 0.000E+00 0.000E+00 0.000E+00 0.291E-07 0.148E-03 0.000E+00 0.847E-05
    20.0 0.000E+00 0.000E+00 0.000E+00 0.000E+00 0.000E+00 0.000E+00 0.139E-06 0.191E-03 0.000E+00 0.190E-04
    21.0 0.000E+00 0.000E+00 0.000E+00 0.000E+00 0.000E+00 0.000E+00 0.536E-06 0.217E-03 0.321E-10 0.390E-04
    22.0 0.000E+00 0.000E+00 0.000E+00 0.000E+00 0.000E+00 0.000E+00 0.172E-05 0.218E-03 0.388E-09 0.728E-04
    23.0 0.000E+00 0.000E+00 0.000E+00 0.000E+00 0.000E+00 0.000E+00 0.474E-05 0.201E-03 0.314E-08 0.125E-03

 Z-Verteilung  
 E*/MeV     Bi         Po         At  
    8.0  0.566E-10 0.984E-08 0.151E-06
    9.0  0.635E-09 0.814E-07 0.824E-07
   10.0  0.615E-08 0.585E-06 0.156E-06
   11.0  0.481E-07 0.342E-05 0.322E-06
   12.0  0.309E-06 0.145E-04 0.125E-05
   13.0  0.140E-05 0.403E-04 0.634E-05
   14.0  0.468E-05 0.760E-04 0.206E-04
   15.0  0.126E-04 0.108E-03 0.306E-04
   16.0  0.295E-04 0.128E-03 0.332E-04
   17.0  0.588E-04 0.129E-03 0.302E-04
   18.0  0.102E-03 0.116E-03 0.251E-04
   19.0  0.156E-03 0.986E-04 0.193E-04
   20.0  0.210E-03 0.810E-04 0.143E-04
   21.0  0.256E-03 0.682E-04 0.103E-04
   22.0  0.293E-03 0.612E-04 0.705E-05
   23.0  0.331E-03 0.589E-04 0.507E-05

 Z und A Mittelwerte    
   E*/MeV     MW.Z  St.Abw.Z      MW.A  St.Abw.A
     8.0     84.94      0.24    191.94      0.25
     9.0     84.50      0.51    191.49      0.54
    10.0     84.20      0.42    191.18      0.50
    11.0     84.07      0.30    191.03      0.43
    12.0     84.06      0.31    190.97      0.44
    13.0     84.10      0.39    190.92      0.51
    14.0     84.16      0.47    190.87      0.63
    15.0     84.12      0.52    190.75      0.83
    16.0     84.02      0.57    190.54      1.08
    17.0     83.87      0.63    190.20      1.32
    18.0     83.68      0.65    189.77      1.47
    19.0     83.50      0.63    189.35      1.47
    20.0     83.36      0.57    189.05      1.38
    21.0     83.27      0.51    188.90      1.27
    22.0     83.21      0.45    188.91      1.19
    23.0     83.17      0.41    189.03      1.14

 HIVAP  CASOUT

   93Nb 99Ru 192At IFUS10 barfac0.56 sigr3.0 10/02/2023 10:32 Sitarcik  


     E_lab  A*MeV   E*/MeV     SI_fus      SI_VR     SI_Spalt  L_krit     b_Spalt

   390.678    4.20    24.0  0.9442E+01  0.4426E-03  0.9430E+01     2.0       99.88
   392.617    4.22    25.0  0.1275E+02  0.5080E-03  0.1273E+02    17.0       99.81
   394.557    4.24    26.0  0.1685E+02  0.5905E-03  0.1680E+02    24.0       99.73
   396.496    4.26    27.0  0.2177E+02  0.6744E-03  0.2170E+02    30.0       99.65
   398.435    4.28    28.0  0.2760E+02  0.7397E-03  0.2747E+02    35.0       99.54
   400.375    4.31    29.0  0.3438E+02  0.7708E-03  0.3418E+02    65.0       99.43
   402.314    4.33    30.0  0.4207E+02  0.7588E-03  0.4178E+02    65.0       99.31
   404.253    4.35    31.0  0.5069E+02  0.7126E-03  0.5028E+02    65.0       99.18
   406.193    4.37    32.0  0.6019E+02  0.6454E-03  0.5961E+02    65.0       99.03
   408.132    4.39    33.0  0.7042E+02  0.5746E-03  0.6964E+02    65.0       98.89
   410.072    4.41    34.0  0.8136E+02  0.5138E-03  0.8031E+02    65.0       98.71
   412.011    4.43    35.0  0.9279E+02  0.4670E-03  0.9144E+02    65.0       98.55
   413.950    4.45    36.0  0.1046E+03  0.4323E-03  0.1029E+03    65.0       98.36
   415.890    4.47    37.0  0.1166E+03  0.4042E-03  0.1145E+03    65.0       98.21
   417.829    4.49    38.0  0.1286E+03  0.3758E-03  0.1261E+03    65.0       98.04
   419.769    4.51    39.0  0.1405E+03  0.3439E-03  0.1376E+03    65.0       97.87

     Querschnitte / mbarn

  E*/MeV   183At     184At     185At     186At     187At     188At     189At     190At     191At     192At  
    24.0 0.000E+00 0.000E+00 0.000E+00 0.000E+00 0.000E+00 0.000E+00 0.000E+00 0.122E-05 0.321E-05 0.000E+00
    25.0 0.000E+00 0.000E+00 0.000E+00 0.000E+00 0.000E+00 0.000E+00 0.000E+00 0.419E-05 0.213E-05 0.000E+00
    26.0 0.000E+00 0.000E+00 0.000E+00 0.000E+00 0.000E+00 0.000E+00 0.000E+00 0.106E-04 0.148E-05 0.000E+00
    27.0 0.000E+00 0.000E+00 0.000E+00 0.000E+00 0.000E+00 0.000E+00 0.000E+00 0.193E-04 0.109E-05 0.000E+00
    28.0 0.000E+00 0.000E+00 0.000E+00 0.000E+00 0.000E+00 0.000E+00 0.000E+00 0.255E-04 0.689E-06 0.000E+00
    29.0 0.000E+00 0.000E+00 0.000E+00 0.000E+00 0.000E+00 0.000E+00 0.000E+00 0.272E-04 0.390E-06 0.000E+00
    30.0 0.000E+00 0.000E+00 0.000E+00 0.000E+00 0.000E+00 0.000E+00 0.000E+00 0.251E-04 0.189E-06 0.000E+00
    31.0 0.000E+00 0.000E+00 0.000E+00 0.000E+00 0.000E+00 0.000E+00 0.834E-11 0.209E-04 0.909E-07 0.000E+00
    32.0 0.000E+00 0.000E+00 0.000E+00 0.000E+00 0.000E+00 0.000E+00 0.251E-09 0.162E-04 0.463E-07 0.000E+00
    33.0 0.000E+00 0.000E+00 0.000E+00 0.000E+00 0.000E+00 0.000E+00 0.287E-08 0.118E-04 0.250E-07 0.000E+00
    34.0 0.000E+00 0.000E+00 0.000E+00 0.000E+00 0.000E+00 0.000E+00 0.175E-07 0.829E-05 0.134E-07 0.000E+00
    35.0 0.000E+00 0.000E+00 0.000E+00 0.000E+00 0.000E+00 0.000E+00 0.649E-07 0.561E-05 0.000E+00 0.000E+00
    36.0 0.000E+00 0.000E+00 0.000E+00 0.000E+00 0.000E+00 0.000E+00 0.161E-06 0.369E-05 0.000E+00 0.000E+00
    37.0 0.000E+00 0.000E+00 0.000E+00 0.000E+00 0.000E+00 0.000E+00 0.288E-06 0.237E-05 0.000E+00 0.000E+00
    38.0 0.000E+00 0.000E+00 0.000E+00 0.000E+00 0.000E+00 0.000E+00 0.404E-06 0.149E-05 0.000E+00 0.000E+00
    39.0 0.000E+00 0.000E+00 0.000E+00 0.000E+00 0.000E+00 0.000E+00 0.475E-06 0.922E-06 0.000E+00 0.000E+00

  E*/MeV   182Po     183Po     184Po     185Po     186Po     187Po     188Po     189Po     190Po     191Po  
    24.0 0.000E+00 0.000E+00 0.000E+00 0.000E+00 0.000E+00 0.000E+00 0.000E+00 0.000E+00 0.388E-04 0.193E-04
    25.0 0.000E+00 0.000E+00 0.000E+00 0.000E+00 0.000E+00 0.000E+00 0.000E+00 0.223E-09 0.431E-04 0.125E-04
    26.0 0.000E+00 0.000E+00 0.000E+00 0.000E+00 0.000E+00 0.000E+00 0.000E+00 0.231E-08 0.426E-04 0.795E-05
    27.0 0.000E+00 0.000E+00 0.000E+00 0.000E+00 0.000E+00 0.000E+00 0.000E+00 0.895E-08 0.381E-04 0.493E-05
    28.0 0.000E+00 0.000E+00 0.000E+00 0.000E+00 0.000E+00 0.000E+00 0.000E+00 0.216E-07 0.315E-04 0.298E-05
    29.0 0.000E+00 0.000E+00 0.000E+00 0.000E+00 0.000E+00 0.000E+00 0.000E+00 0.583E-07 0.244E-04 0.175E-05
    30.0 0.000E+00 0.000E+00 0.000E+00 0.000E+00 0.000E+00 0.000E+00 0.000E+00 0.176E-06 0.180E-04 0.995E-06
    31.0 0.000E+00 0.000E+00 0.000E+00 0.000E+00 0.000E+00 0.000E+00 0.000E+00 0.501E-06 0.127E-04 0.542E-06
    32.0 0.000E+00 0.000E+00 0.000E+00 0.000E+00 0.000E+00 0.000E+00 0.000E+00 0.124E-05 0.864E-05 0.252E-06
    33.0 0.000E+00 0.000E+00 0.000E+00 0.000E+00 0.000E+00 0.000E+00 0.000E+00 0.265E-05 0.570E-05 0.508E-07
    34.0 0.000E+00 0.000E+00 0.000E+00 0.000E+00 0.000E+00 0.000E+00 0.000E+00 0.487E-05 0.367E-05 0.220E-07
    35.0 0.000E+00 0.000E+00 0.000E+00 0.000E+00 0.000E+00 0.000E+00 0.000E+00 0.769E-05 0.231E-05 0.118E-07
    36.0 0.000E+00 0.000E+00 0.000E+00 0.000E+00 0.000E+00 0.000E+00 0.000E+00 0.106E-04 0.143E-05 0.000E+00
    37.0 0.000E+00 0.000E+00 0.000E+00 0.000E+00 0.000E+00 0.000E+00 0.829E-11 0.130E-04 0.869E-06 0.000E+00
    38.0 0.000E+00 0.000E+00 0.000E+00 0.000E+00 0.000E+00 0.000E+00 0.582E-10 0.142E-04 0.521E-06 0.000E+00
    39.0 0.000E+00 0.000E+00 0.000E+00 0.000E+00 0.000E+00 0.000E+00 0.306E-09 0.142E-04 0.309E-06 0.000E+00

  E*/MeV   181Bi     182Bi     183Bi     184Bi     185Bi     186Bi     187Bi     188Bi     189Bi     190Bi  
    24.0 0.000E+00 0.000E+00 0.000E+00 0.000E+00 0.000E+00 0.000E+00 0.113E-04 0.171E-03 0.187E-07 0.198E-03
    25.0 0.000E+00 0.000E+00 0.000E+00 0.000E+00 0.000E+00 0.000E+00 0.237E-04 0.137E-03 0.879E-07 0.285E-03
    26.0 0.000E+00 0.000E+00 0.000E+00 0.000E+00 0.000E+00 0.000E+00 0.437E-04 0.104E-03 0.339E-06 0.380E-03
    27.0 0.000E+00 0.000E+00 0.000E+00 0.000E+00 0.000E+00 0.000E+00 0.709E-04 0.757E-04 0.110E-05 0.463E-03
    28.0 0.000E+00 0.000E+00 0.000E+00 0.000E+00 0.000E+00 0.000E+00 0.101E-03 0.529E-04 0.306E-05 0.522E-03
    29.0 0.000E+00 0.000E+00 0.000E+00 0.000E+00 0.000E+00 0.182E-09 0.128E-03 0.357E-04 0.747E-05 0.546E-03
    30.0 0.000E+00 0.000E+00 0.000E+00 0.000E+00 0.000E+00 0.141E-08 0.143E-03 0.234E-04 0.162E-04 0.532E-03
    31.0 0.000E+00 0.000E+00 0.000E+00 0.000E+00 0.000E+00 0.708E-08 0.143E-03 0.150E-04 0.316E-04 0.488E-03
    32.0 0.000E+00 0.000E+00 0.000E+00 0.000E+00 0.000E+00 0.276E-07 0.131E-03 0.940E-05 0.555E-04 0.423E-03
    33.0 0.000E+00 0.000E+00 0.000E+00 0.000E+00 0.000E+00 0.900E-07 0.111E-03 0.579E-05 0.886E-04 0.349E-03
    34.0 0.000E+00 0.000E+00 0.000E+00 0.000E+00 0.000E+00 0.254E-06 0.883E-04 0.349E-05 0.129E-03 0.276E-03
    35.0 0.000E+00 0.000E+00 0.000E+00 0.000E+00 0.000E+00 0.632E-06 0.666E-04 0.206E-05 0.173E-03 0.209E-03
    36.0 0.000E+00 0.000E+00 0.000E+00 0.000E+00 0.000E+00 0.140E-05 0.482E-04 0.119E-05 0.212E-03 0.154E-03
    37.0 0.000E+00 0.000E+00 0.000E+00 0.000E+00 0.000E+00 0.276E-05 0.336E-04 0.680E-06 0.241E-03 0.109E-03
    38.0 0.000E+00 0.000E+00 0.000E+00 0.000E+00 0.000E+00 0.492E-05 0.227E-04 0.419E-06 0.255E-03 0.758E-04
    39.0 0.000E+00 0.000E+00 0.000E+00 0.000E+00 0.000E+00 0.796E-05 0.150E-04 0.348E-06 0.253E-03 0.513E-04

 Z-Verteilung  
 E*/MeV     Bi         Po         At  
   24.0  0.380E-03 0.581E-04 0.443E-05
   25.0  0.446E-03 0.556E-04 0.633E-05
   26.0  0.528E-03 0.505E-04 0.120E-04
   27.0  0.611E-03 0.430E-04 0.203E-04
   28.0  0.679E-03 0.345E-04 0.262E-04
   29.0  0.717E-03 0.262E-04 0.276E-04
   30.0  0.714E-03 0.192E-04 0.253E-04
   31.0  0.678E-03 0.137E-04 0.210E-04
   32.0  0.619E-03 0.101E-04 0.162E-04
   33.0  0.554E-03 0.841E-05 0.119E-04
   34.0  0.497E-03 0.856E-05 0.832E-05
   35.0  0.451E-03 0.100E-04 0.568E-05
   36.0  0.416E-03 0.120E-04 0.385E-05
   37.0  0.388E-03 0.138E-04 0.265E-05
   38.0  0.359E-03 0.147E-04 0.189E-05
   39.0  0.328E-03 0.146E-04 0.140E-05

 Z und A Mittelwerte    
   E*/MeV     MW.Z  St.Abw.Z      MW.A  St.Abw.A
    24.0     83.15      0.39    189.20      1.09
    25.0     83.13      0.38    189.35      1.05
    26.0     83.13      0.39    189.44      1.04
    27.0     83.12      0.41    189.47      1.06
    28.0     83.12      0.42    189.45      1.11
    29.0     83.11      0.41    189.40      1.16
    30.0     83.09      0.39    189.35      1.19
    31.0     83.08      0.36    189.31      1.21
    32.0     83.07      0.33    189.27      1.20
    33.0     83.06      0.31    189.24      1.17
    34.0     83.05      0.28    189.21      1.10
    35.0     83.05      0.26    189.17      1.01
    36.0     83.05      0.25    189.13      0.91
    37.0     83.05      0.24    189.09      0.82
    38.0     83.05      0.24    189.05      0.75
    39.0     83.05      0.24    189.00      0.73

 HIVAP  CASOUT

   93Nb 99Ru 192At IFUS10 barfac0.56 sigr3.0 10/02/2023 10:32 Sitarcik  


     E_lab  A*MeV   E*/MeV     SI_fus      SI_VR     SI_Spalt  L_krit     b_Spalt

   421.708    4.53    40.0  0.1522E+03  0.3076E-03  0.1487E+03    65.0       97.72
   423.647    4.56    41.0  0.1634E+03  0.2682E-03  0.1594E+03    65.0       97.58
   425.587    4.58    42.0  0.1740E+03  0.2283E-03  0.1695E+03    65.0       97.44
   427.526    4.60    43.0  0.1839E+03  0.1905E-03  0.1790E+03    65.0       97.33
   429.466    4.62    44.0  0.1931E+03  0.1564E-03  0.1878E+03    65.0       97.22
   431.405    4.64    45.0  0.2015E+03  0.1277E-03  0.1957E+03    65.0       97.12
   433.344    4.66    46.0  0.2090E+03  0.1050E-03  0.2029E+03    65.0       97.05
   435.284    4.68    47.0  0.2157E+03  0.8830E-04  0.2092E+03    65.0       96.97
   437.223    4.70    48.0  0.2215E+03  0.7694E-04  0.2147E+03    65.0       96.91
   439.163    4.72    49.0  0.2265E+03  0.6985E-04  0.2194E+03    65.0       96.86
   441.102    4.74    50.0  0.2307E+03  0.6567E-04  0.2233E+03    65.0       96.82
   443.041    4.76    51.0  0.2341E+03  0.6301E-04  0.2266E+03    65.0       96.77
   444.981    4.78    52.0  0.2368E+03  0.6074E-04  0.2291E+03    65.0       96.75
   446.920    4.81    53.0  0.2390E+03  0.5805E-04  0.2311E+03    65.0       96.72
   448.860    4.83    54.0  0.2406E+03  0.5456E-04  0.2326E+03    65.0       96.70
   450.799    4.85    55.0  0.2416E+03  0.5024E-04  0.2336E+03    65.0       96.69

     Querschnitte / mbarn

  E*/MeV   183At     184At     185At     186At     187At     188At     189At     190At     191At     192At  
    40.0 0.000E+00 0.000E+00 0.000E+00 0.000E+00 0.000E+00 0.000E+00 0.489E-06 0.565E-06 0.000E+00 0.000E+00
    41.0 0.000E+00 0.000E+00 0.000E+00 0.000E+00 0.000E+00 0.000E+00 0.455E-06 0.344E-06 0.000E+00 0.000E+00
    42.0 0.000E+00 0.000E+00 0.000E+00 0.000E+00 0.000E+00 0.000E+00 0.393E-06 0.207E-06 0.000E+00 0.000E+00
    43.0 0.000E+00 0.000E+00 0.000E+00 0.000E+00 0.000E+00 0.580E-13 0.319E-06 0.124E-06 0.000E+00 0.000E+00
    44.0 0.000E+00 0.000E+00 0.000E+00 0.000E+00 0.000E+00 0.172E-11 0.247E-06 0.736E-07 0.000E+00 0.000E+00
    45.0 0.000E+00 0.000E+00 0.000E+00 0.000E+00 0.000E+00 0.207E-10 0.184E-06 0.431E-07 0.000E+00 0.000E+00
    46.0 0.000E+00 0.000E+00 0.000E+00 0.000E+00 0.000E+00 0.138E-09 0.133E-06 0.251E-07 0.000E+00 0.000E+00
    47.0 0.000E+00 0.000E+00 0.000E+00 0.000E+00 0.000E+00 0.597E-09 0.936E-07 0.130E-07 0.000E+00 0.000E+00
    48.0 0.000E+00 0.000E+00 0.000E+00 0.000E+00 0.000E+00 0.187E-08 0.645E-07 0.186E-08 0.000E+00 0.000E+00
    49.0 0.000E+00 0.000E+00 0.000E+00 0.000E+00 0.000E+00 0.452E-08 0.437E-07 0.111E-08 0.000E+00 0.000E+00
    50.0 0.000E+00 0.000E+00 0.000E+00 0.000E+00 0.000E+00 0.881E-08 0.292E-07 0.681E-09 0.000E+00 0.000E+00
    51.0 0.000E+00 0.000E+00 0.000E+00 0.000E+00 0.000E+00 0.143E-07 0.192E-07 0.000E+00 0.000E+00 0.000E+00
    52.0 0.000E+00 0.000E+00 0.000E+00 0.000E+00 0.000E+00 0.199E-07 0.126E-07 0.000E+00 0.000E+00 0.000E+00
    53.0 0.000E+00 0.000E+00 0.000E+00 0.000E+00 0.000E+00 0.246E-07 0.815E-08 0.000E+00 0.000E+00 0.000E+00
    54.0 0.000E+00 0.000E+00 0.000E+00 0.000E+00 0.000E+00 0.276E-07 0.525E-08 0.000E+00 0.000E+00 0.000E+00
    55.0 0.000E+00 0.000E+00 0.000E+00 0.000E+00 0.226E-13 0.286E-07 0.335E-08 0.000E+00 0.000E+00 0.000E+00

  E*/MeV   182Po     183Po     184Po     185Po     186Po     187Po     188Po     189Po     190Po     191Po  
    40.0 0.000E+00 0.000E+00 0.000E+00 0.000E+00 0.000E+00 0.000E+00 0.125E-08 0.132E-04 0.179E-06 0.000E+00
    41.0 0.000E+00 0.000E+00 0.000E+00 0.000E+00 0.000E+00 0.000E+00 0.410E-08 0.115E-04 0.993E-07 0.000E+00
    42.0 0.000E+00 0.000E+00 0.000E+00 0.000E+00 0.000E+00 0.000E+00 0.110E-07 0.948E-05 0.438E-07 0.000E+00
    43.0 0.000E+00 0.000E+00 0.000E+00 0.000E+00 0.000E+00 0.000E+00 0.246E-07 0.747E-05 0.284E-08 0.000E+00
    44.0 0.000E+00 0.000E+00 0.000E+00 0.000E+00 0.000E+00 0.000E+00 0.470E-07 0.568E-05 0.000E+00 0.000E+00
    45.0 0.000E+00 0.000E+00 0.000E+00 0.000E+00 0.000E+00 0.000E+00 0.775E-07 0.418E-05 0.000E+00 0.000E+00
    46.0 0.000E+00 0.000E+00 0.000E+00 0.000E+00 0.000E+00 0.000E+00 0.113E-06 0.300E-05 0.000E+00 0.000E+00
    47.0 0.000E+00 0.000E+00 0.000E+00 0.000E+00 0.000E+00 0.000E+00 0.147E-06 0.211E-05 0.000E+00 0.000E+00
    48.0 0.000E+00 0.000E+00 0.000E+00 0.000E+00 0.000E+00 0.381E-12 0.174E-06 0.145E-05 0.000E+00 0.000E+00
    49.0 0.000E+00 0.000E+00 0.000E+00 0.000E+00 0.000E+00 0.187E-11 0.190E-06 0.986E-06 0.000E+00 0.000E+00
    50.0 0.000E+00 0.000E+00 0.000E+00 0.000E+00 0.000E+00 0.629E-11 0.194E-06 0.660E-06 0.000E+00 0.000E+00
    51.0 0.000E+00 0.000E+00 0.000E+00 0.000E+00 0.000E+00 0.173E-10 0.186E-06 0.438E-06 0.000E+00 0.000E+00
    52.0 0.000E+00 0.000E+00 0.000E+00 0.000E+00 0.000E+00 0.455E-10 0.171E-06 0.287E-06 0.000E+00 0.000E+00
    53.0 0.000E+00 0.000E+00 0.000E+00 0.000E+00 0.000E+00 0.120E-09 0.150E-06 0.187E-06 0.000E+00 0.000E+00
    54.0 0.000E+00 0.000E+00 0.000E+00 0.000E+00 0.000E+00 0.305E-09 0.127E-06 0.121E-06 0.000E+00 0.000E+00
    55.0 0.000E+00 0.000E+00 0.000E+00 0.000E+00 0.000E+00 0.721E-09 0.104E-06 0.777E-07 0.000E+00 0.000E+00

  E*/MeV   181Bi     182Bi     183Bi     184Bi     185Bi     186Bi     187Bi     188Bi     189Bi     190Bi  
    40.0 0.000E+00 0.000E+00 0.000E+00 0.000E+00 0.249E-10 0.117E-04 0.966E-05 0.476E-06 0.237E-03 0.340E-04
    41.0 0.000E+00 0.000E+00 0.000E+00 0.000E+00 0.133E-09 0.157E-04 0.611E-05 0.865E-06 0.211E-03 0.221E-04
    42.0 0.000E+00 0.000E+00 0.000E+00 0.000E+00 0.558E-09 0.193E-04 0.381E-05 0.169E-05 0.179E-03 0.142E-04
    43.0 0.000E+00 0.000E+00 0.000E+00 0.000E+00 0.196E-08 0.217E-04 0.234E-05 0.311E-05 0.146E-03 0.895E-05
    44.0 0.000E+00 0.000E+00 0.000E+00 0.000E+00 0.596E-08 0.225E-04 0.142E-05 0.524E-05 0.116E-03 0.558E-05
    45.0 0.000E+00 0.000E+00 0.000E+00 0.000E+00 0.159E-07 0.218E-04 0.856E-06 0.862E-05 0.885E-04 0.345E-05
    46.0 0.000E+00 0.000E+00 0.000E+00 0.000E+00 0.379E-07 0.199E-04 0.511E-06 0.132E-04 0.660E-04 0.211E-05
    47.0 0.000E+00 0.000E+00 0.000E+00 0.000E+00 0.808E-07 0.172E-04 0.303E-06 0.190E-04 0.482E-04 0.128E-05
    48.0 0.000E+00 0.000E+00 0.000E+00 0.000E+00 0.155E-06 0.142E-04 0.180E-06 0.255E-04 0.345E-04 0.768E-06
    49.0 0.000E+00 0.000E+00 0.000E+00 0.000E+00 0.269E-06 0.113E-04 0.108E-06 0.322E-04 0.242E-04 0.457E-06
    50.0 0.000E+00 0.000E+00 0.000E+00 0.000E+00 0.424E-06 0.873E-05 0.702E-07 0.385E-04 0.168E-04 0.270E-06
    51.0 0.000E+00 0.000E+00 0.000E+00 0.000E+00 0.610E-06 0.656E-05 0.589E-07 0.435E-04 0.115E-04 0.156E-06
    52.0 0.000E+00 0.000E+00 0.000E+00 0.000E+00 0.803E-06 0.482E-05 0.749E-07 0.467E-04 0.779E-05 0.879E-07
    53.0 0.000E+00 0.000E+00 0.000E+00 0.000E+00 0.976E-06 0.348E-05 0.129E-06 0.478E-04 0.522E-05 0.478E-07
    54.0 0.000E+00 0.000E+00 0.000E+00 0.519E-11 0.110E-05 0.247E-05 0.239E-06 0.470E-04 0.347E-05 0.242E-07
    55.0 0.000E+00 0.000E+00 0.000E+00 0.196E-10 0.117E-05 0.172E-05 0.423E-06 0.444E-04 0.229E-05 0.100E-07

 Z-Verteilung  
 E*/MeV     Bi         Po         At  
   40.0  0.293E-03 0.134E-04 0.105E-05
   41.0  0.256E-03 0.116E-04 0.799E-06
   42.0  0.218E-03 0.953E-05 0.600E-06
   43.0  0.183E-03 0.750E-05 0.443E-06
   44.0  0.150E-03 0.573E-05 0.321E-06
   45.0  0.123E-03 0.426E-05 0.227E-06
   46.0  0.102E-03 0.311E-05 0.158E-06
   47.0  0.859E-04 0.225E-05 0.107E-06
   48.0  0.752E-04 0.163E-05 0.682E-07
   49.0  0.686E-04 0.118E-05 0.493E-07
   50.0  0.648E-04 0.854E-06 0.387E-07
   51.0  0.624E-04 0.624E-06 0.335E-07
   52.0  0.602E-04 0.458E-06 0.325E-07
   53.0  0.577E-04 0.337E-06 0.328E-07
   54.0  0.543E-04 0.248E-06 0.329E-07
   55.0  0.500E-04 0.183E-06 0.320E-07

 Z und A Mittelwerte    
   E*/MeV     MW.Z  St.Abw.Z      MW.A  St.Abw.A
    40.0     83.05      0.23    188.93      0.76
    41.0     83.05      0.23    188.86      0.83
    42.0     83.05      0.22    188.77      0.92
    43.0     83.04      0.22    188.66      1.01
    44.0     83.04      0.21    188.55      1.10
    45.0     83.04      0.20    188.43      1.16
    46.0     83.03      0.19    188.32      1.19
    47.0     83.03      0.17    188.20      1.17
    48.0     83.02      0.16    188.11      1.12
    49.0     83.02      0.14    188.04      1.03
    50.0     83.01      0.12    187.99      0.93
    51.0     83.01      0.11    187.96      0.84
    52.0     83.01      0.10    187.94      0.76
    53.0     83.01      0.09    187.92      0.70
    54.0     83.01      0.08    187.91      0.65
    55.0     83.00      0.08    187.90      0.63

 HIVAP  CASOUT

   93Nb 99Ru 192At IFUS10 barfac0.56 sigr3.0 10/02/2023 10:32 Sitarcik  


     E_lab  A*MeV   E*/MeV     SI_fus      SI_VR     SI_Spalt  L_krit     b_Spalt

   452.738    4.87    56.0  0.2423E+03  0.4528E-04  0.2343E+03    65.0       96.68
   454.678    4.89    57.0  0.2427E+03  0.4002E-04  0.2346E+03    65.0       96.67
   456.617    4.91    58.0  0.2427E+03  0.3478E-04  0.2346E+03    65.0       96.67
   458.557    4.93    59.0  0.2425E+03  0.2984E-04  0.2344E+03    65.0       96.67
   460.496    4.95    60.0  0.2421E+03  0.2536E-04  0.2341E+03    65.0       96.67
   462.435    4.97    61.0  0.2416E+03  0.2145E-04  0.2336E+03    65.0       96.68
   464.375    4.99    62.0  0.2409E+03  0.1809E-04  0.2329E+03    65.0       96.68
   466.314    5.01    63.0  0.2402E+03  0.1526E-04  0.2322E+03    65.0       96.69
   468.253    5.03    64.0  0.2394E+03  0.1287E-04  0.2315E+03    65.0       96.70
   470.193    5.06    65.0  0.2385E+03  0.1085E-04  0.2306E+03    65.0       96.71
   472.132    5.08    66.0  0.2376E+03  0.9148E-05  0.2298E+03    65.0       96.72
   474.072    5.10    67.0  0.2366E+03  0.7689E-05  0.2289E+03    65.0       96.73
   476.011    5.12    68.0  0.2357E+03  0.6429E-05  0.2280E+03    65.0       96.74
   477.950    5.14    69.0  0.2348E+03  0.5362E-05  0.2271E+03    65.0       96.75
   479.890    5.16    70.0  0.2338E+03  0.4445E-05  0.2262E+03    65.0       96.76
   481.829    5.18    71.0  0.2329E+03  0.3678E-05  0.2254E+03    65.0       96.77

     Querschnitte / mbarn

  E*/MeV   183At     184At     185At     186At     187At     188At     189At     190At     191At     192At  
    56.0 0.000E+00 0.000E+00 0.000E+00 0.000E+00 0.202E-12 0.279E-07 0.212E-08 0.000E+00 0.000E+00 0.000E+00
    57.0 0.000E+00 0.000E+00 0.000E+00 0.000E+00 0.118E-11 0.257E-07 0.131E-08 0.000E+00 0.000E+00 0.000E+00
    58.0 0.000E+00 0.000E+00 0.000E+00 0.000E+00 0.492E-11 0.228E-07 0.761E-09 0.000E+00 0.000E+00 0.000E+00
    59.0 0.000E+00 0.000E+00 0.000E+00 0.000E+00 0.154E-10 0.194E-07 0.342E-09 0.000E+00 0.000E+00 0.000E+00
    60.0 0.000E+00 0.000E+00 0.000E+00 0.000E+00 0.378E-10 0.161E-07 0.610E-10 0.000E+00 0.000E+00 0.000E+00
    61.0 0.000E+00 0.000E+00 0.000E+00 0.000E+00 0.760E-10 0.129E-07 0.000E+00 0.000E+00 0.000E+00 0.000E+00
    62.0 0.000E+00 0.000E+00 0.000E+00 0.000E+00 0.129E-09 0.102E-07 0.000E+00 0.000E+00 0.000E+00 0.000E+00
    63.0 0.000E+00 0.000E+00 0.000E+00 0.000E+00 0.193E-09 0.789E-08 0.000E+00 0.000E+00 0.000E+00 0.000E+00
    64.0 0.000E+00 0.000E+00 0.000E+00 0.000E+00 0.259E-09 0.600E-08 0.000E+00 0.000E+00 0.000E+00 0.000E+00
    65.0 0.000E+00 0.000E+00 0.000E+00 0.000E+00 0.317E-09 0.450E-08 0.000E+00 0.000E+00 0.000E+00 0.000E+00
    66.0 0.000E+00 0.000E+00 0.000E+00 0.000E+00 0.362E-09 0.333E-08 0.000E+00 0.000E+00 0.000E+00 0.000E+00
    67.0 0.000E+00 0.000E+00 0.000E+00 0.000E+00 0.388E-09 0.244E-08 0.000E+00 0.000E+00 0.000E+00 0.000E+00
    68.0 0.000E+00 0.000E+00 0.000E+00 0.406E-15 0.396E-09 0.177E-08 0.000E+00 0.000E+00 0.000E+00 0.000E+00
    69.0 0.000E+00 0.000E+00 0.000E+00 0.299E-14 0.387E-09 0.127E-08 0.000E+00 0.000E+00 0.000E+00 0.000E+00
    70.0 0.000E+00 0.000E+00 0.000E+00 0.158E-13 0.364E-09 0.906E-09 0.000E+00 0.000E+00 0.000E+00 0.000E+00
    71.0 0.000E+00 0.000E+00 0.000E+00 0.637E-13 0.332E-09 0.642E-09 0.000E+00 0.000E+00 0.000E+00 0.000E+00

  E*/MeV   182Po     183Po     184Po     185Po     186Po     187Po     188Po     189Po     190Po     191Po  
    56.0 0.000E+00 0.000E+00 0.000E+00 0.000E+00 0.000E+00 0.154E-08 0.832E-07 0.495E-07 0.000E+00 0.000E+00
    57.0 0.000E+00 0.000E+00 0.000E+00 0.000E+00 0.000E+00 0.295E-08 0.650E-07 0.309E-07 0.000E+00 0.000E+00
    58.0 0.000E+00 0.000E+00 0.000E+00 0.000E+00 0.000E+00 0.510E-08 0.498E-07 0.189E-07 0.000E+00 0.000E+00
    59.0 0.000E+00 0.000E+00 0.000E+00 0.000E+00 0.000E+00 0.800E-08 0.374E-07 0.112E-07 0.000E+00 0.000E+00
    60.0 0.000E+00 0.000E+00 0.000E+00 0.000E+00 0.000E+00 0.115E-07 0.278E-07 0.633E-08 0.000E+00 0.000E+00
    61.0 0.000E+00 0.000E+00 0.000E+00 0.000E+00 0.119E-13 0.152E-07 0.203E-07 0.196E-08 0.000E+00 0.000E+00
    62.0 0.000E+00 0.000E+00 0.000E+00 0.000E+00 0.577E-13 0.188E-07 0.147E-07 0.320E-09 0.000E+00 0.000E+00
    63.0 0.000E+00 0.000E+00 0.000E+00 0.000E+00 0.234E-12 0.218E-07 0.105E-07 0.000E+00 0.000E+00 0.000E+00
    64.0 0.000E+00 0.000E+00 0.000E+00 0.000E+00 0.801E-12 0.240E-07 0.743E-08 0.000E+00 0.000E+00 0.000E+00
    65.0 0.000E+00 0.000E+00 0.000E+00 0.000E+00 0.235E-11 0.251E-07 0.523E-08 0.000E+00 0.000E+00 0.000E+00
    66.0 0.000E+00 0.000E+00 0.000E+00 0.000E+00 0.598E-11 0.252E-07 0.364E-08 0.000E+00 0.000E+00 0.000E+00
    67.0 0.000E+00 0.000E+00 0.000E+00 0.000E+00 0.134E-10 0.244E-07 0.251E-08 0.000E+00 0.000E+00 0.000E+00
    68.0 0.000E+00 0.000E+00 0.000E+00 0.000E+00 0.266E-10 0.229E-07 0.167E-08 0.000E+00 0.000E+00 0.000E+00
    69.0 0.000E+00 0.000E+00 0.000E+00 0.000E+00 0.477E-10 0.208E-07 0.111E-08 0.000E+00 0.000E+00 0.000E+00
    70.0 0.000E+00 0.000E+00 0.000E+00 0.000E+00 0.778E-10 0.185E-07 0.691E-09 0.000E+00 0.000E+00 0.000E+00
    71.0 0.000E+00 0.000E+00 0.000E+00 0.000E+00 0.117E-09 0.160E-07 0.369E-09 0.000E+00 0.000E+00 0.000E+00

  E*/MeV   181Bi     182Bi     183Bi     184Bi     185Bi     186Bi     187Bi     188Bi     189Bi     190Bi  
    56.0 0.000E+00 0.000E+00 0.000E+00 0.645E-10 0.117E-05 0.119E-05 0.700E-06 0.406E-04 0.150E-05 0.000E+00
    57.0 0.000E+00 0.000E+00 0.000E+00 0.188E-09 0.112E-05 0.814E-06 0.108E-05 0.359E-04 0.977E-06 0.000E+00
    58.0 0.000E+00 0.000E+00 0.000E+00 0.488E-09 0.103E-05 0.552E-06 0.155E-05 0.309E-04 0.631E-06 0.000E+00
    59.0 0.000E+00 0.000E+00 0.000E+00 0.115E-08 0.904E-06 0.371E-06 0.210E-05 0.260E-04 0.405E-06 0.000E+00
    60.0 0.000E+00 0.000E+00 0.000E+00 0.245E-08 0.772E-06 0.248E-06 0.268E-05 0.213E-04 0.258E-06 0.000E+00
    61.0 0.000E+00 0.000E+00 0.000E+00 0.477E-08 0.641E-06 0.165E-06 0.323E-05 0.172E-04 0.163E-06 0.000E+00
    62.0 0.000E+00 0.000E+00 0.000E+00 0.855E-08 0.520E-06 0.109E-06 0.370E-05 0.136E-04 0.102E-06 0.000E+00
    63.0 0.000E+00 0.000E+00 0.000E+00 0.141E-07 0.413E-06 0.722E-07 0.406E-05 0.106E-04 0.629E-07 0.000E+00
    64.0 0.000E+00 0.000E+00 0.000E+00 0.217E-07 0.321E-06 0.485E-07 0.427E-05 0.814E-05 0.379E-07 0.000E+00
    65.0 0.000E+00 0.000E+00 0.000E+00 0.310E-07 0.246E-06 0.342E-07 0.432E-05 0.616E-05 0.224E-07 0.000E+00
    66.0 0.000E+00 0.000E+00 0.000E+00 0.415E-07 0.186E-06 0.272E-07 0.423E-05 0.462E-05 0.118E-07 0.000E+00
    67.0 0.000E+00 0.000E+00 0.137E-11 0.523E-07 0.139E-06 0.267E-07 0.402E-05 0.342E-05 0.470E-08 0.000E+00
    68.0 0.000E+00 0.000E+00 0.412E-11 0.622E-07 0.102E-06 0.327E-07 0.371E-05 0.250E-05 0.000E+00 0.000E+00
    69.0 0.000E+00 0.000E+00 0.112E-10 0.704E-07 0.748E-07 0.461E-07 0.334E-05 0.181E-05 0.000E+00 0.000E+00
    70.0 0.000E+00 0.000E+00 0.274E-10 0.761E-07 0.542E-07 0.673E-07 0.294E-05 0.129E-05 0.000E+00 0.000E+00
    71.0 0.000E+00 0.000E+00 0.612E-10 0.789E-07 0.389E-07 0.972E-07 0.253E-05 0.912E-06 0.000E+00 0.000E+00

 Z-Verteilung  
 E*/MeV     Bi         Po         At  
   56.0  0.451E-04 0.134E-06 0.300E-07
   57.0  0.399E-04 0.988E-07 0.270E-07
   58.0  0.347E-04 0.737E-07 0.235E-07
   59.0  0.298E-04 0.566E-07 0.198E-07
   60.0  0.253E-04 0.456E-07 0.162E-07
   61.0  0.214E-04 0.375E-07 0.130E-07
   62.0  0.180E-04 0.338E-07 0.103E-07
   63.0  0.152E-04 0.323E-07 0.808E-08
   64.0  0.128E-04 0.314E-07 0.626E-08
   65.0  0.108E-04 0.303E-07 0.482E-08
   66.0  0.912E-05 0.289E-07 0.369E-08
   67.0  0.766E-05 0.270E-07 0.282E-08
   68.0  0.640E-05 0.246E-07 0.216E-08
   69.0  0.534E-05 0.220E-07 0.166E-08
   70.0  0.442E-05 0.193E-07 0.127E-08
   71.0  0.366E-05 0.165E-07 0.974E-09

 Z und A Mittelwerte    
   E*/MeV     MW.Z  St.Abw.Z      MW.A  St.Abw.A
    56.0     83.00      0.07    187.89      0.61
    57.0     83.00      0.07    187.87      0.61
    58.0     83.00      0.07    187.85      0.61
    59.0     83.00      0.07    187.83      0.61
    60.0     83.00      0.07    187.79      0.62
    61.0     83.00      0.06    187.75      0.63
    62.0     83.00      0.06    187.70      0.64
    63.0     83.00      0.07    187.64      0.65
    64.0     83.00      0.07    187.58      0.65
    65.0     83.00      0.07    187.52      0.66
    66.0     83.00      0.07    187.45      0.66
    67.0     83.00      0.07    187.39      0.66
    68.0     83.00      0.07    187.32      0.66
    69.0     83.00      0.07    187.26      0.67
    70.0     83.00      0.07    187.20      0.68
    71.0     83.01      0.07    187.14      0.70

 HIVAP  CASOUT

   93Nb 99Ru 192At IFUS10 barfac0.56 sigr3.0 10/02/2023 10:32 Sitarcik  


     E_lab  A*MeV   E*/MeV     SI_fus      SI_VR     SI_Spalt  L_krit     b_Spalt

   483.769    5.20    72.0  0.2319E+03  0.3029E-05  0.2245E+03    65.0       96.78
   485.708    5.22    73.0  0.2310E+03  0.2477E-05  0.2236E+03    65.0       96.79
   487.647    5.24    74.0  0.2301E+03  0.1968E-05  0.2227E+03    65.0       96.80
   489.587    5.26    75.0  0.2292E+03  0.1619E-05  0.2219E+03    65.0       96.81
   491.526    5.29    76.0  0.2283E+03  0.1373E-05  0.2210E+03    65.0       96.81
   493.466    5.31    77.0  0.2274E+03  0.1195E-05  0.2201E+03    65.0       96.82
   495.405    5.33    78.0  0.2265E+03  0.1057E-05  0.2193E+03    65.0       96.83
   497.344    5.35    79.0  0.2256E+03  0.9303E-06  0.2185E+03    65.0       96.83
   499.284    5.37    80.0  0.2247E+03  0.8175E-06  0.2176E+03    65.0       96.84
   501.223    5.39    81.0  0.2239E+03  0.7035E-06  0.2168E+03    65.0       96.85
   503.163    5.41    82.0  0.2230E+03  0.5771E-06  0.2160E+03    65.0       96.85
   505.102    5.43    83.0  0.2221E+03  0.5036E-06  0.2152E+03    65.0       96.86
   507.041    5.45    84.0  0.2213E+03  0.4447E-06  0.2144E+03    65.0       96.87
   508.981    5.47    85.0  0.2204E+03  0.1535E+01  0.2095E+03    65.0       95.06
   510.920    5.49    86.0  0.2196E+03  0.1497E+01  0.2086E+03    65.0       95.01
   512.860    5.51    87.0  0.2188E+03  0.1461E+01  0.2077E+03    65.0       94.96

     Querschnitte / mbarn

  E*/MeV   183At     184At     185At     186At     187At     188At     189At     190At     191At     192At  
    72.0 0.000E+00 0.000E+00 0.000E+00 0.203E-12 0.294E-09 0.452E-09 0.000E+00 0.000E+00 0.000E+00 0.000E+00
    73.0 0.000E+00 0.000E+00 0.000E+00 0.534E-12 0.255E-09 0.315E-09 0.000E+00 0.000E+00 0.000E+00 0.000E+00
    74.0 0.000E+00 0.000E+00 0.000E+00 0.119E-11 0.216E-09 0.218E-09 0.000E+00 0.000E+00 0.000E+00 0.000E+00
    75.0 0.000E+00 0.000E+00 0.000E+00 0.229E-11 0.179E-09 0.150E-09 0.000E+00 0.000E+00 0.000E+00 0.000E+00
    76.0 0.000E+00 0.000E+00 0.000E+00 0.392E-11 0.147E-09 0.102E-09 0.000E+00 0.000E+00 0.000E+00 0.000E+00
    77.0 0.000E+00 0.000E+00 0.000E+00 0.608E-11 0.118E-09 0.673E-10 0.000E+00 0.000E+00 0.000E+00 0.000E+00
    78.0 0.000E+00 0.000E+00 0.000E+00 0.865E-11 0.940E-10 0.376E-10 0.000E+00 0.000E+00 0.000E+00 0.000E+00
    79.0 0.000E+00 0.000E+00 0.000E+00 0.114E-10 0.739E-10 0.152E-10 0.000E+00 0.000E+00 0.000E+00 0.000E+00
    80.0 0.000E+00 0.000E+00 0.100E-16 0.142E-10 0.574E-10 0.790E-11 0.000E+00 0.000E+00 0.000E+00 0.000E+00
    81.0 0.000E+00 0.000E+00 0.548E-16 0.168E-10 0.442E-10 0.000E+00 0.000E+00 0.000E+00 0.000E+00 0.000E+00
    82.0 0.000E+00 0.000E+00 0.235E-15 0.188E-10 0.338E-10 0.000E+00 0.000E+00 0.000E+00 0.000E+00 0.000E+00
    83.0 0.000E+00 0.000E+00 0.813E-15 0.203E-10 0.256E-10 0.000E+00 0.000E+00 0.000E+00 0.000E+00 0.000E+00
    84.0 0.000E+00 0.000E+00 0.233E-14 0.212E-10 0.193E-10 0.000E+00 0.000E+00 0.000E+00 0.000E+00 0.000E+00
    85.0 0.000E+00 0.000E+00 0.000E+00 0.000E+00 0.144E-10 0.000E+00 0.000E+00 0.000E+00 0.000E+00 0.153E+01
    86.0 0.000E+00 0.000E+00 0.000E+00 0.000E+00 0.106E-10 0.000E+00 0.000E+00 0.000E+00 0.000E+00 0.150E+01
    87.0 0.000E+00 0.000E+00 0.000E+00 0.000E+00 0.781E-11 0.000E+00 0.000E+00 0.000E+00 0.000E+00 0.146E+01

  E*/MeV   182Po     183Po     184Po     185Po     186Po     187Po     188Po     189Po     190Po     191Po  
    72.0 0.000E+00 0.000E+00 0.000E+00 0.000E+00 0.163E-09 0.136E-07 0.645E-10 0.000E+00 0.000E+00 0.000E+00
    73.0 0.000E+00 0.000E+00 0.000E+00 0.211E-14 0.213E-09 0.114E-07 0.000E+00 0.000E+00 0.000E+00 0.000E+00
    74.0 0.000E+00 0.000E+00 0.000E+00 0.630E-14 0.262E-09 0.935E-08 0.000E+00 0.000E+00 0.000E+00 0.000E+00
    75.0 0.000E+00 0.000E+00 0.000E+00 0.161E-13 0.307E-09 0.757E-08 0.000E+00 0.000E+00 0.000E+00 0.000E+00
    76.0 0.000E+00 0.000E+00 0.000E+00 0.374E-13 0.344E-09 0.605E-08 0.000E+00 0.000E+00 0.000E+00 0.000E+00
    77.0 0.000E+00 0.000E+00 0.000E+00 0.825E-13 0.370E-09 0.478E-08 0.000E+00 0.000E+00 0.000E+00 0.000E+00
    78.0 0.000E+00 0.000E+00 0.000E+00 0.177E-12 0.384E-09 0.373E-08 0.000E+00 0.000E+00 0.000E+00 0.000E+00
    79.0 0.000E+00 0.000E+00 0.000E+00 0.371E-12 0.386E-09 0.289E-08 0.000E+00 0.000E+00 0.000E+00 0.000E+00
    80.0 0.000E+00 0.000E+00 0.000E+00 0.751E-12 0.377E-09 0.221E-08 0.000E+00 0.000E+00 0.000E+00 0.000E+00
    81.0 0.000E+00 0.000E+00 0.000E+00 0.145E-11 0.359E-09 0.168E-08 0.000E+00 0.000E+00 0.000E+00 0.000E+00
    82.0 0.000E+00 0.000E+00 0.000E+00 0.263E-11 0.334E-09 0.127E-08 0.000E+00 0.000E+00 0.000E+00 0.000E+00
    83.0 0.000E+00 0.000E+00 0.000E+00 0.449E-11 0.304E-09 0.952E-09 0.000E+00 0.000E+00 0.000E+00 0.000E+00
    84.0 0.000E+00 0.000E+00 0.000E+00 0.719E-11 0.272E-09 0.709E-09 0.000E+00 0.000E+00 0.000E+00 0.000E+00
    85.0 0.000E+00 0.000E+00 0.000E+00 0.736E-11 0.218E-09 0.524E-09 0.000E+00 0.000E+00 0.000E+00 0.000E+00
    86.0 0.000E+00 0.000E+00 0.000E+00 0.108E-10 0.189E-09 0.380E-09 0.000E+00 0.000E+00 0.000E+00 0.000E+00
    87.0 0.000E+00 0.000E+00 0.257E-16 0.149E-10 0.162E-09 0.277E-09 0.000E+00 0.000E+00 0.000E+00 0.000E+00

  E*/MeV   181Bi     182Bi     183Bi     184Bi     185Bi     186Bi     187Bi     188Bi     189Bi     190Bi  
    72.0 0.000E+00 0.000E+00 0.125E-09 0.789E-07 0.278E-07 0.135E-06 0.215E-05 0.626E-06 0.000E+00 0.000E+00
    73.0 0.000E+00 0.000E+00 0.236E-09 0.763E-07 0.197E-07 0.181E-06 0.179E-05 0.401E-06 0.000E+00 0.000E+00
    74.0 0.000E+00 0.000E+00 0.410E-09 0.716E-07 0.139E-07 0.231E-06 0.146E-05 0.177E-06 0.000E+00 0.000E+00
    75.0 0.000E+00 0.000E+00 0.661E-09 0.655E-07 0.981E-08 0.283E-06 0.119E-05 0.668E-07 0.000E+00 0.000E+00
    76.0 0.000E+00 0.000E+00 0.995E-09 0.585E-07 0.698E-08 0.333E-06 0.947E-06 0.198E-07 0.000E+00 0.000E+00
    77.0 0.000E+00 0.000E+00 0.140E-08 0.512E-07 0.509E-08 0.379E-06 0.747E-06 0.615E-08 0.000E+00 0.000E+00
    78.0 0.000E+00 0.000E+00 0.187E-08 0.439E-07 0.397E-08 0.416E-06 0.581E-06 0.665E-08 0.000E+00 0.000E+00
    79.0 0.000E+00 0.000E+00 0.236E-08 0.370E-07 0.351E-08 0.442E-06 0.442E-06 0.000E+00 0.000E+00 0.000E+00
    80.0 0.000E+00 0.000E+00 0.283E-08 0.308E-07 0.365E-08 0.457E-06 0.321E-06 0.000E+00 0.000E+00 0.000E+00
    81.0 0.000E+00 0.730E-13 0.326E-08 0.252E-07 0.437E-08 0.459E-06 0.209E-06 0.000E+00 0.000E+00 0.000E+00
    82.0 0.000E+00 0.195E-12 0.360E-08 0.204E-07 0.568E-08 0.451E-06 0.949E-07 0.000E+00 0.000E+00 0.000E+00
    83.0 0.000E+00 0.477E-12 0.384E-08 0.163E-07 0.755E-08 0.433E-06 0.419E-07 0.000E+00 0.000E+00 0.000E+00
    84.0 0.000E+00 0.107E-11 0.396E-08 0.129E-07 0.994E-08 0.407E-06 0.101E-07 0.000E+00 0.000E+00 0.000E+00
    85.0 0.000E+00 0.000E+00 0.000E+00 0.000E+00 0.000E+00 0.000E+00 0.000E+00 0.000E+00 0.000E+00 0.000E+00
    86.0 0.000E+00 0.000E+00 0.000E+00 0.000E+00 0.000E+00 0.000E+00 0.000E+00 0.000E+00 0.000E+00 0.000E+00
    87.0 0.000E+00 0.000E+00 0.000E+00 0.000E+00 0.000E+00 0.000E+00 0.000E+00 0.000E+00 0.000E+00 0.000E+00

 Z-Verteilung  
 E*/MeV     Bi         Po         At  
   72.0  0.301E-05 0.139E-07 0.746E-09
   73.0  0.246E-05 0.116E-07 0.571E-09
   74.0  0.196E-05 0.961E-08 0.435E-09
   75.0  0.161E-05 0.788E-08 0.331E-09
   76.0  0.137E-05 0.639E-08 0.252E-09
   77.0  0.119E-05 0.515E-08 0.192E-09
   78.0  0.105E-05 0.412E-08 0.140E-09
   79.0  0.927E-06 0.327E-08 0.100E-09
   80.0  0.815E-06 0.259E-08 0.796E-10
   81.0  0.701E-06 0.204E-08 0.610E-10
   82.0  0.575E-06 0.161E-08 0.526E-10
   83.0  0.502E-06 0.126E-08 0.459E-10
   84.0  0.444E-06 0.988E-09 0.404E-10
   85.0  0.000E+00 0.750E-09 0.153E+01
   86.0  0.000E+00 0.580E-09 0.150E+01
   87.0  0.000E+00 0.454E-09 0.146E+01

 Z und A Mittelwerte    
   E*/MeV     MW.Z  St.Abw.Z      MW.A  St.Abw.A
    72.0     83.01      0.07    187.07      0.72
    73.0     83.01      0.07    186.98      0.74
    74.0     83.01      0.08    186.85      0.74
    75.0     83.01      0.08    186.73      0.73
    76.0     83.01      0.07    186.63      0.73
    77.0     83.00      0.07    186.55      0.73
    78.0     83.00      0.07    186.47      0.73
    79.0     83.00      0.06    186.39      0.72
    80.0     83.00      0.06    186.31      0.70
    81.0     83.00      0.06    186.21      0.67
    82.0     83.00      0.06    186.07      0.61
    83.0     83.00      0.05    185.98      0.55
    84.0     83.00      0.05    185.92      0.49
    85.0     85.00      0.00    192.00      0.00
    86.0     85.00      0.00    192.00      0.00
    87.0     85.00      0.00    192.00      0.00

 HIVAP  CASOUT

   93Nb 99Ru 192At IFUS10 barfac0.56 sigr3.0 10/02/2023 10:32 Sitarcik  


     E_lab  A*MeV   E*/MeV     SI_fus      SI_VR     SI_Spalt  L_krit     b_Spalt

   514.799    5.54    88.0  0.2180E+03  0.1426E+01  0.2068E+03    65.0       94.90
   516.738    5.56    89.0  0.2171E+03  0.1391E+01  0.2060E+03    65.0       94.85
   518.678    5.58    90.0  0.2163E+03  0.1358E+01  0.2051E+03    65.0       94.80
   520.617    5.60    91.0  0.2155E+03  0.1324E+01  0.2042E+03    65.0       94.75

     Querschnitte / mbarn

  E*/MeV   183At     184At     185At     186At     187At     188At     189At     190At     191At     192At  
    88.0 0.000E+00 0.000E+00 0.000E+00 0.000E+00 0.566E-11 0.000E+00 0.000E+00 0.000E+00 0.000E+00 0.143E+01
    89.0 0.000E+00 0.000E+00 0.000E+00 0.000E+00 0.393E-11 0.000E+00 0.000E+00 0.000E+00 0.000E+00 0.139E+01
    90.0 0.000E+00 0.000E+00 0.000E+00 0.000E+00 0.263E-11 0.000E+00 0.000E+00 0.000E+00 0.000E+00 0.136E+01
    91.0 0.000E+00 0.000E+00 0.000E+00 0.000E+00 0.156E-11 0.000E+00 0.000E+00 0.000E+00 0.000E+00 0.132E+01

  E*/MeV   182Po     183Po     184Po     185Po     186Po     187Po     188Po     189Po     190Po     191Po  
    88.0 0.000E+00 0.000E+00 0.108E-15 0.216E-10 0.149E-09 0.198E-09 0.000E+00 0.000E+00 0.000E+00 0.000E+00
    89.0 0.000E+00 0.000E+00 0.344E-15 0.271E-10 0.124E-09 0.134E-09 0.000E+00 0.000E+00 0.000E+00 0.000E+00
    90.0 0.000E+00 0.000E+00 0.975E-15 0.326E-10 0.102E-09 0.927E-10 0.000E+00 0.000E+00 0.000E+00 0.000E+00
    91.0 0.000E+00 0.000E+00 0.247E-14 0.378E-10 0.834E-10 0.445E-10 0.000E+00 0.000E+00 0.000E+00 0.000E+00

  E*/MeV   181Bi     182Bi     183Bi     184Bi     185Bi     186Bi     187Bi     188Bi     189Bi     190Bi  
    88.0 0.000E+00 0.000E+00 0.000E+00 0.000E+00 0.000E+00 0.000E+00 0.000E+00 0.000E+00 0.000E+00 0.000E+00
    89.0 0.000E+00 0.000E+00 0.000E+00 0.000E+00 0.000E+00 0.000E+00 0.000E+00 0.000E+00 0.000E+00 0.000E+00
    90.0 0.000E+00 0.000E+00 0.000E+00 0.000E+00 0.000E+00 0.000E+00 0.000E+00 0.000E+00 0.000E+00 0.000E+00
    91.0 0.000E+00 0.000E+00 0.000E+00 0.000E+00 0.000E+00 0.000E+00 0.000E+00 0.000E+00 0.000E+00 0.000E+00

 Z-Verteilung  
 E*/MeV     Bi         Po         At  
   88.0  0.000E+00 0.369E-09 0.143E+01
   89.0  0.000E+00 0.285E-09 0.139E+01
   90.0  0.000E+00 0.228E-09 0.136E+01
   91.0  0.000E+00 0.166E-09 0.132E+01

 Z und A Mittelwerte    
   E*/MeV     MW.Z  St.Abw.Z      MW.A  St.Abw.A
    88.0     85.00      0.00    192.00      0.00
    89.0     85.00      0.00    192.00      0.00
    90.0     85.00      0.00    192.00      0.00
    91.0     85.00      0.00    192.00      0.00
                                                                        
           



 Ende HIVAP 
