          Programm HIVAP,  Autor  W.Reisdorf   Version fuer "rzri6f" vom  7. 6. 1994

           Bearbeitung F.P.Heﬂberger
           
   48Ca 207Pb 255No IFUS10 barfac1.0 sigr1.5 05/10/2022 16:37 Sitarcik  
           

 Unterprogramm SEPENF

 benutzt Sierks Programm BARFIT 
 Q-Wert  -151.391 MeV
 Massen aus der Datei "mlz.dat" 

         Exp. Schaleneffekte,  SHELL0=    0.00
          No  246   No  247   No  248   No  249   No  250   No  251   No  252   No  253   No  254   No  255
             -2.31     -3.10     -2.48     -3.23     -2.59     -3.32     -2.65     -3.35     -2.66     -3.33
          Md  245   Md  246   Md  247   Md  248   Md  249   Md  250   Md  251   Md  252   Md  253   Md  254
             -2.91     -3.70     -3.07     -3.83     -3.18     -3.91     -3.24     -3.95     -3.25     -3.93
          Fm  244   Fm  245   Fm  246   Fm  247   Fm  248   Fm  249   Fm  250   Fm  251   Fm  252   Fm  253
             -2.09     -2.88     -2.26     -3.02     -2.37     -3.11     -2.44     -3.14     -2.45     -3.13

           BARFAC=   1.000      BAR0=   0.000

          Separationsenergien (BN,BP,BA) und Spaltbarrieren
          No  246   No  247   No  248   No  249   No  250   No  251   No  252   No  253   No  254   No  255
              8.76      7.21      8.46      6.92      8.17      6.64      7.89      6.37      7.61      6.10
              2.28      2.48      2.67      2.87      3.06      3.26      3.45      3.65      3.84      4.03
             -9.27     -9.15     -9.05     -8.94     -8.83     -8.71     -8.61     -8.49     -8.38     -8.25
              3.00      3.82      3.23      4.03      3.41      4.18      3.54      4.28      3.62      4.32
              0.00     -0.70      0.00     -0.70      0.00     -0.69      0.00     -0.69      0.00     -0.69
          Md  245   Md  246   Md  247   Md  248   Md  249   Md  250   Md  251   Md  252   Md  253   Md  254
              8.56      7.01      8.27      6.73      7.98      6.45      7.70      6.17      7.42      5.90
              1.30      1.50      1.70      1.90      2.10      2.30      2.49      2.69      2.88      3.08
             -8.81     -8.69     -8.59     -8.47     -8.36     -8.24     -8.13     -8.01     -7.90     -7.77
              3.81      4.64      4.06      4.86      4.24      5.01      4.38      5.12      4.46      5.16
             -0.70     -1.40     -0.70     -1.40     -0.70     -1.39     -0.69     -1.39     -0.69     -1.38
          Fm  244   Fm  245   Fm  246   Fm  247   Fm  248   Fm  249   Fm  250   Fm  251   Fm  252   Fm  253
              8.36      6.81      8.07      6.52      7.78      6.25      7.50      5.98      7.23      5.71
              3.13      3.34      3.53      3.73      3.93      4.12      4.32      4.51      4.70      4.89
             -8.36     -8.24     -8.13     -8.01     -7.90     -7.78     -7.66     -7.54     -7.42     -7.30
              3.25      4.09      3.51      4.31      3.71      4.48      3.85      4.59      3.93      4.65
              0.00     -0.70      0.00     -0.70      0.00     -0.70      0.00     -0.69      0.00     -0.69

 benutzter Q-Wert  -151.391 MeV    effektiver Q-Wert  -151.391 MeV


E_lab = 196.352 MeV    E* =   8.000 MeV   nicht gerechnet, SIGFUS kleiner als 1 nb




E_lab = 197.584 MeV    E* =   9.000 MeV   nicht gerechnet, SIGFUS kleiner als 1 nb



 HIVAP  CASOUT

   48Ca 207Pb 255No IFUS10 barfac1.0 sigr1.5 05/10/2022 16:37 Sitarcik  


     E_lab  A*MeV   E*/MeV     SI_fus      SI_VR     SI_Spalt  L_krit     b_Spalt

   198.816    4.14    10.0  0.4104E-05  0.1749E-07  0.4087E-05     0.0       99.57
   200.047    4.17    11.0  0.2172E-04  0.9434E-07  0.2163E-04     0.0       99.57
   201.279    4.19    12.0  0.1124E-03  0.1874E-06  0.1122E-03     0.0       99.83
   202.511    4.22    13.0  0.5693E-03  0.3057E-06  0.5690E-03     0.0       99.95
   203.743    4.24    14.0  0.2819E-02  0.4709E-06  0.2818E-02     0.0       99.98
   204.975    4.27    15.0  0.1359E-01  0.7125E-06  0.1359E-01     0.0       99.99
   206.207    4.30    16.0  0.6243E-01  0.1185E-05  0.6243E-01     0.0      100.00
   207.439    4.32    17.0  0.2576E+00  0.3569E-05  0.2576E+00     0.0      100.00
   208.671    4.35    18.0  0.8788E+00  0.1696E-04  0.8788E+00     0.0      100.00
   209.903    4.37    19.0  0.2432E+01  0.6689E-04  0.2432E+01     0.0      100.00
   211.134    4.40    20.0  0.5639E+01  0.1672E-03  0.5639E+01    10.0      100.00
   212.366    4.42    21.0  0.1136E+02  0.2520E-03  0.1136E+02    19.0      100.00
   213.598    4.45    22.0  0.2038E+02  0.2718E-03  0.2038E+02    26.0      100.00
   214.830    4.48    23.0  0.3322E+02  0.2337E-03  0.3322E+02    31.0      100.00
   216.062    4.50    24.0  0.4983E+02  0.1726E-03  0.4983E+02    35.0      100.00
   217.294    4.53    25.0  0.6981E+02  0.1190E-03  0.6981E+02    39.0      100.00

     Querschnitte / mbarn

  E*/MeV   246No     247No     248No     249No     250No     251No     252No     253No     254No     255No  
    10.0 0.000E+00 0.000E+00 0.000E+00 0.000E+00 0.000E+00 0.000E+00 0.000E+00 0.000E+00 0.173E-07 0.165E-09
    11.0 0.000E+00 0.000E+00 0.000E+00 0.000E+00 0.000E+00 0.000E+00 0.000E+00 0.000E+00 0.941E-07 0.227E-09
    12.0 0.000E+00 0.000E+00 0.000E+00 0.000E+00 0.000E+00 0.000E+00 0.000E+00 0.000E+00 0.187E-06 0.221E-09
    13.0 0.000E+00 0.000E+00 0.000E+00 0.000E+00 0.000E+00 0.000E+00 0.000E+00 0.000E+00 0.306E-06 0.597E-10
    14.0 0.000E+00 0.000E+00 0.000E+00 0.000E+00 0.000E+00 0.000E+00 0.000E+00 0.574E-11 0.470E-06 0.000E+00
    15.0 0.000E+00 0.000E+00 0.000E+00 0.000E+00 0.000E+00 0.000E+00 0.000E+00 0.274E-08 0.706E-06 0.000E+00
    16.0 0.000E+00 0.000E+00 0.000E+00 0.000E+00 0.000E+00 0.000E+00 0.000E+00 0.134E-06 0.102E-05 0.000E+00
    17.0 0.000E+00 0.000E+00 0.000E+00 0.000E+00 0.000E+00 0.000E+00 0.000E+00 0.208E-05 0.134E-05 0.000E+00
    18.0 0.000E+00 0.000E+00 0.000E+00 0.000E+00 0.000E+00 0.000E+00 0.000E+00 0.150E-04 0.145E-05 0.000E+00
    19.0 0.000E+00 0.000E+00 0.000E+00 0.000E+00 0.000E+00 0.000E+00 0.000E+00 0.643E-04 0.125E-05 0.000E+00
    20.0 0.000E+00 0.000E+00 0.000E+00 0.000E+00 0.000E+00 0.000E+00 0.000E+00 0.164E-03 0.904E-06 0.000E+00
    21.0 0.000E+00 0.000E+00 0.000E+00 0.000E+00 0.000E+00 0.000E+00 0.585E-09 0.248E-03 0.568E-06 0.000E+00
    22.0 0.000E+00 0.000E+00 0.000E+00 0.000E+00 0.000E+00 0.000E+00 0.205E-07 0.267E-03 0.304E-06 0.000E+00
    23.0 0.000E+00 0.000E+00 0.000E+00 0.000E+00 0.000E+00 0.000E+00 0.277E-06 0.229E-03 0.640E-07 0.000E+00
    24.0 0.000E+00 0.000E+00 0.000E+00 0.000E+00 0.000E+00 0.000E+00 0.188E-05 0.165E-03 0.000E+00 0.000E+00
    25.0 0.000E+00 0.000E+00 0.000E+00 0.000E+00 0.000E+00 0.000E+00 0.729E-05 0.105E-03 0.000E+00 0.000E+00

  E*/MeV   245Md     246Md     247Md     248Md     249Md     250Md     251Md     252Md     253Md     254Md  
    10.0 0.000E+00 0.000E+00 0.000E+00 0.000E+00 0.000E+00 0.000E+00 0.000E+00 0.000E+00 0.000E+00 0.000E+00
    11.0 0.000E+00 0.000E+00 0.000E+00 0.000E+00 0.000E+00 0.000E+00 0.000E+00 0.000E+00 0.000E+00 0.716E-13
    12.0 0.000E+00 0.000E+00 0.000E+00 0.000E+00 0.000E+00 0.000E+00 0.000E+00 0.000E+00 0.000E+00 0.128E-11
    13.0 0.000E+00 0.000E+00 0.000E+00 0.000E+00 0.000E+00 0.000E+00 0.000E+00 0.000E+00 0.000E+00 0.221E-10
    14.0 0.000E+00 0.000E+00 0.000E+00 0.000E+00 0.000E+00 0.000E+00 0.000E+00 0.000E+00 0.000E+00 0.238E-09
    15.0 0.000E+00 0.000E+00 0.000E+00 0.000E+00 0.000E+00 0.000E+00 0.000E+00 0.000E+00 0.000E+00 0.228E-08
    16.0 0.000E+00 0.000E+00 0.000E+00 0.000E+00 0.000E+00 0.000E+00 0.000E+00 0.000E+00 0.000E+00 0.171E-07
    17.0 0.000E+00 0.000E+00 0.000E+00 0.000E+00 0.000E+00 0.000E+00 0.000E+00 0.000E+00 0.163E-10 0.966E-07
    18.0 0.000E+00 0.000E+00 0.000E+00 0.000E+00 0.000E+00 0.000E+00 0.000E+00 0.000E+00 0.531E-09 0.365E-06
    19.0 0.000E+00 0.000E+00 0.000E+00 0.000E+00 0.000E+00 0.000E+00 0.000E+00 0.000E+00 0.625E-08 0.920E-06
    20.0 0.000E+00 0.000E+00 0.000E+00 0.000E+00 0.000E+00 0.000E+00 0.000E+00 0.000E+00 0.418E-07 0.163E-05
    21.0 0.000E+00 0.000E+00 0.000E+00 0.000E+00 0.000E+00 0.000E+00 0.000E+00 0.000E+00 0.185E-06 0.214E-05
    22.0 0.000E+00 0.000E+00 0.000E+00 0.000E+00 0.000E+00 0.000E+00 0.000E+00 0.000E+00 0.587E-06 0.218E-05
    23.0 0.000E+00 0.000E+00 0.000E+00 0.000E+00 0.000E+00 0.000E+00 0.000E+00 0.000E+00 0.140E-05 0.182E-05
    24.0 0.000E+00 0.000E+00 0.000E+00 0.000E+00 0.000E+00 0.000E+00 0.000E+00 0.204E-11 0.260E-05 0.129E-05
    25.0 0.000E+00 0.000E+00 0.000E+00 0.000E+00 0.000E+00 0.000E+00 0.000E+00 0.444E-10 0.382E-05 0.808E-06

  E*/MeV   244Fm     245Fm     246Fm     247Fm     248Fm     249Fm     250Fm     251Fm     252Fm     253Fm  
    10.0 0.000E+00 0.000E+00 0.000E+00 0.000E+00 0.000E+00 0.000E+00 0.000E+00 0.000E+00 0.000E+00 0.000E+00
    11.0 0.000E+00 0.000E+00 0.000E+00 0.000E+00 0.000E+00 0.000E+00 0.000E+00 0.144E-12 0.000E+00 0.000E+00
    12.0 0.000E+00 0.000E+00 0.000E+00 0.000E+00 0.000E+00 0.000E+00 0.000E+00 0.202E-11 0.000E+00 0.000E+00
    13.0 0.000E+00 0.000E+00 0.000E+00 0.000E+00 0.000E+00 0.000E+00 0.000E+00 0.243E-10 0.000E+00 0.000E+00
    14.0 0.000E+00 0.000E+00 0.000E+00 0.000E+00 0.000E+00 0.000E+00 0.000E+00 0.233E-09 0.000E+00 0.000E+00
    15.0 0.000E+00 0.000E+00 0.000E+00 0.000E+00 0.000E+00 0.000E+00 0.000E+00 0.164E-08 0.000E+00 0.000E+00
    16.0 0.000E+00 0.000E+00 0.000E+00 0.000E+00 0.000E+00 0.000E+00 0.113E-13 0.963E-08 0.000E+00 0.000E+00
    17.0 0.000E+00 0.000E+00 0.000E+00 0.000E+00 0.000E+00 0.000E+00 0.140E-10 0.454E-07 0.000E+00 0.000E+00
    18.0 0.000E+00 0.000E+00 0.000E+00 0.000E+00 0.000E+00 0.000E+00 0.391E-09 0.156E-06 0.000E+00 0.000E+00
    19.0 0.000E+00 0.000E+00 0.000E+00 0.000E+00 0.000E+00 0.000E+00 0.363E-08 0.385E-06 0.000E+00 0.000E+00
    20.0 0.000E+00 0.000E+00 0.000E+00 0.000E+00 0.000E+00 0.000E+00 0.201E-07 0.698E-06 0.000E+00 0.991E-15
    21.0 0.000E+00 0.000E+00 0.000E+00 0.000E+00 0.000E+00 0.000E+00 0.761E-07 0.954E-06 0.000E+00 0.156E-13
    22.0 0.000E+00 0.000E+00 0.000E+00 0.000E+00 0.000E+00 0.000E+00 0.214E-06 0.102E-05 0.000E+00 0.133E-12
    23.0 0.000E+00 0.000E+00 0.000E+00 0.000E+00 0.000E+00 0.000E+00 0.481E-06 0.879E-06 0.000E+00 0.765E-12
    24.0 0.000E+00 0.000E+00 0.000E+00 0.000E+00 0.000E+00 0.255E-11 0.886E-06 0.643E-06 0.000E+00 0.328E-11
    25.0 0.000E+00 0.000E+00 0.000E+00 0.000E+00 0.000E+00 0.458E-10 0.135E-05 0.414E-06 0.000E+00 0.112E-10

 Z-Verteilung  
 E*/MeV     Fm         Md         No  
   10.0  0.000E+00 0.000E+00 0.175E-07
   11.0  0.144E-12 0.716E-13 0.943E-07
   12.0  0.202E-11 0.128E-11 0.187E-06
   13.0  0.243E-10 0.221E-10 0.306E-06
   14.0  0.233E-09 0.238E-09 0.470E-06
   15.0  0.164E-08 0.228E-08 0.709E-06
   16.0  0.963E-08 0.171E-07 0.116E-05
   17.0  0.454E-07 0.966E-07 0.343E-05
   18.0  0.157E-06 0.365E-06 0.164E-04
   19.0  0.389E-06 0.926E-06 0.656E-04
   20.0  0.718E-06 0.167E-05 0.165E-03
   21.0  0.103E-05 0.233E-05 0.249E-03
   22.0  0.123E-05 0.277E-05 0.268E-03
   23.0  0.136E-05 0.322E-05 0.229E-03
   24.0  0.153E-05 0.389E-05 0.167E-03
   25.0  0.177E-05 0.463E-05 0.113E-03

 Z und A Mittelwerte    
   E*/MeV     MW.Z  St.Abw.Z      MW.A  St.Abw.A
    10.0    102.00      0.00    254.01      0.10
    11.0    102.00      0.00    254.00      0.05
    12.0    102.00      0.01    254.00      0.04
    13.0    102.00      0.02    254.00      0.03
    14.0    102.00      0.05    254.00      0.07
    15.0    101.99      0.11    253.99      0.16
    16.0    101.97      0.21    253.86      0.41
    17.0    101.95      0.27    253.38      0.56
    18.0    101.96      0.24    253.09      0.37
    19.0    101.97      0.19    253.02      0.24
    20.0    101.98      0.16    253.01      0.18
    21.0    101.98      0.16    253.00      0.17
    22.0    101.98      0.17    253.00      0.18
    23.0    101.97      0.19    252.99      0.21
    24.0    101.96      0.24    252.97      0.28
    25.0    101.93      0.31    252.90      0.42

 HIVAP  CASOUT

   48Ca 207Pb 255No IFUS10 barfac1.0 sigr1.5 05/10/2022 16:37 Sitarcik  


     E_lab  A*MeV   E*/MeV     SI_fus      SI_VR     SI_Spalt  L_krit     b_Spalt

   218.526    4.55    26.0  0.9226E+02  0.8564E-04  0.9226E+02    43.0      100.00
   219.758    4.58    27.0  0.1163E+03  0.6828E-04  0.1163E+03    46.0      100.00
   220.989    4.60    28.0  0.1411E+03  0.5569E-04  0.1411E+03    57.0      100.00
   222.221    4.63    29.0  0.1658E+03  0.4306E-04  0.1658E+03    57.0      100.00
   223.453    4.66    30.0  0.1896E+03  0.3093E-04  0.1896E+03    57.0      100.00
   224.685    4.68    31.0  0.2118E+03  0.2086E-04  0.2118E+03    57.0      100.00
   225.917    4.71    32.0  0.2317E+03  0.1352E-04  0.2317E+03    57.0      100.00
   227.149    4.73    33.0  0.2487E+03  0.8699E-05  0.2487E+03    57.0      100.00
   228.381    4.76    34.0  0.2622E+03  0.5847E-05  0.2622E+03    57.0      100.00
   229.613    4.78    35.0  0.2724E+03  0.4369E-05  0.2724E+03    57.0      100.00
   230.845    4.81    36.0  0.2792E+03  0.3747E-05  0.2792E+03    57.0      100.00
   232.076    4.83    37.0  0.2833E+03  0.3534E-05  0.2833E+03    57.0      100.00
   233.308    4.86    38.0  0.2853E+03  0.3425E-05  0.2853E+03    57.0      100.00
   234.540    4.89    39.0  0.2858E+03  0.3215E-05  0.2858E+03    57.0      100.00
   235.772    4.91    40.0  0.2853E+03  0.2874E-05  0.2853E+03    57.0      100.00
   237.004    4.94    41.0  0.2843E+03  0.2451E-05  0.2843E+03    57.0      100.00

     Querschnitte / mbarn

  E*/MeV   246No     247No     248No     249No     250No     251No     252No     253No     254No     255No  
    26.0 0.000E+00 0.000E+00 0.000E+00 0.000E+00 0.000E+00 0.000E+00 0.177E-04 0.610E-04 0.000E+00 0.000E+00
    27.0 0.000E+00 0.000E+00 0.000E+00 0.000E+00 0.000E+00 0.000E+00 0.287E-04 0.329E-04 0.000E+00 0.000E+00
    28.0 0.000E+00 0.000E+00 0.000E+00 0.000E+00 0.000E+00 0.000E+00 0.332E-04 0.168E-04 0.000E+00 0.000E+00
    29.0 0.000E+00 0.000E+00 0.000E+00 0.000E+00 0.000E+00 0.943E-11 0.304E-04 0.832E-05 0.000E+00 0.000E+00
    30.0 0.000E+00 0.000E+00 0.000E+00 0.000E+00 0.000E+00 0.221E-09 0.239E-04 0.401E-05 0.000E+00 0.000E+00
    31.0 0.000E+00 0.000E+00 0.000E+00 0.000E+00 0.000E+00 0.227E-08 0.169E-04 0.191E-05 0.000E+00 0.000E+00
    32.0 0.000E+00 0.000E+00 0.000E+00 0.000E+00 0.000E+00 0.138E-07 0.111E-04 0.903E-06 0.000E+00 0.000E+00
    33.0 0.000E+00 0.000E+00 0.000E+00 0.000E+00 0.000E+00 0.565E-07 0.691E-05 0.426E-06 0.000E+00 0.000E+00
    34.0 0.000E+00 0.000E+00 0.000E+00 0.000E+00 0.000E+00 0.171E-06 0.414E-05 0.197E-06 0.000E+00 0.000E+00
    35.0 0.000E+00 0.000E+00 0.000E+00 0.000E+00 0.000E+00 0.402E-06 0.241E-05 0.879E-07 0.000E+00 0.000E+00
    36.0 0.000E+00 0.000E+00 0.000E+00 0.000E+00 0.000E+00 0.760E-06 0.137E-05 0.350E-07 0.000E+00 0.000E+00
    37.0 0.000E+00 0.000E+00 0.000E+00 0.000E+00 0.125E-11 0.117E-05 0.771E-06 0.000E+00 0.000E+00 0.000E+00
    38.0 0.000E+00 0.000E+00 0.000E+00 0.000E+00 0.155E-10 0.151E-05 0.427E-06 0.000E+00 0.000E+00 0.000E+00
    39.0 0.000E+00 0.000E+00 0.000E+00 0.000E+00 0.117E-09 0.167E-05 0.234E-06 0.000E+00 0.000E+00 0.000E+00
    40.0 0.000E+00 0.000E+00 0.000E+00 0.000E+00 0.601E-09 0.165E-05 0.128E-06 0.000E+00 0.000E+00 0.000E+00
    41.0 0.000E+00 0.000E+00 0.000E+00 0.000E+00 0.226E-08 0.148E-05 0.691E-07 0.000E+00 0.000E+00 0.000E+00

  E*/MeV   245Md     246Md     247Md     248Md     249Md     250Md     251Md     252Md     253Md     254Md  
    26.0 0.000E+00 0.000E+00 0.000E+00 0.000E+00 0.000E+00 0.000E+00 0.000E+00 0.426E-09 0.456E-05 0.459E-06
    27.0 0.000E+00 0.000E+00 0.000E+00 0.000E+00 0.000E+00 0.000E+00 0.000E+00 0.247E-08 0.452E-05 0.243E-06
    28.0 0.000E+00 0.000E+00 0.000E+00 0.000E+00 0.000E+00 0.000E+00 0.000E+00 0.100E-07 0.384E-05 0.122E-06
    29.0 0.000E+00 0.000E+00 0.000E+00 0.000E+00 0.000E+00 0.000E+00 0.000E+00 0.312E-07 0.286E-05 0.588E-07
    30.0 0.000E+00 0.000E+00 0.000E+00 0.000E+00 0.000E+00 0.000E+00 0.000E+00 0.787E-07 0.193E-05 0.276E-07
    31.0 0.000E+00 0.000E+00 0.000E+00 0.000E+00 0.000E+00 0.000E+00 0.225E-12 0.167E-06 0.121E-05 0.127E-07
    32.0 0.000E+00 0.000E+00 0.000E+00 0.000E+00 0.000E+00 0.000E+00 0.424E-11 0.308E-06 0.715E-06 0.578E-08
    33.0 0.000E+00 0.000E+00 0.000E+00 0.000E+00 0.000E+00 0.000E+00 0.396E-10 0.498E-06 0.406E-06 0.259E-08
    34.0 0.000E+00 0.000E+00 0.000E+00 0.000E+00 0.000E+00 0.000E+00 0.234E-09 0.713E-06 0.224E-06 0.111E-08
    35.0 0.000E+00 0.000E+00 0.000E+00 0.000E+00 0.000E+00 0.000E+00 0.100E-08 0.908E-06 0.121E-06 0.301E-09
    36.0 0.000E+00 0.000E+00 0.000E+00 0.000E+00 0.000E+00 0.000E+00 0.336E-08 0.103E-05 0.644E-07 0.000E+00
    37.0 0.000E+00 0.000E+00 0.000E+00 0.000E+00 0.000E+00 0.000E+00 0.919E-08 0.106E-05 0.338E-07 0.000E+00
    38.0 0.000E+00 0.000E+00 0.000E+00 0.000E+00 0.000E+00 0.000E+00 0.211E-07 0.989E-06 0.176E-07 0.000E+00
    39.0 0.000E+00 0.000E+00 0.000E+00 0.000E+00 0.000E+00 0.000E+00 0.414E-07 0.851E-06 0.913E-08 0.000E+00
    40.0 0.000E+00 0.000E+00 0.000E+00 0.000E+00 0.000E+00 0.000E+00 0.708E-07 0.682E-06 0.470E-08 0.000E+00
    41.0 0.000E+00 0.000E+00 0.000E+00 0.000E+00 0.000E+00 0.426E-12 0.107E-06 0.516E-06 0.238E-08 0.000E+00

  E*/MeV   244Fm     245Fm     246Fm     247Fm     248Fm     249Fm     250Fm     251Fm     252Fm     253Fm  
    26.0 0.000E+00 0.000E+00 0.000E+00 0.000E+00 0.000E+00 0.346E-09 0.172E-05 0.242E-06 0.183E-15 0.311E-10
    27.0 0.000E+00 0.000E+00 0.000E+00 0.000E+00 0.000E+00 0.159E-08 0.183E-05 0.131E-06 0.345E-14 0.729E-10
    28.0 0.000E+00 0.000E+00 0.000E+00 0.000E+00 0.000E+00 0.540E-08 0.166E-05 0.673E-07 0.312E-13 0.147E-09
    29.0 0.000E+00 0.000E+00 0.000E+00 0.000E+00 0.000E+00 0.149E-07 0.130E-05 0.331E-07 0.229E-12 0.257E-09
    30.0 0.000E+00 0.000E+00 0.000E+00 0.000E+00 0.000E+00 0.344E-07 0.910E-06 0.158E-07 0.101E-11 0.396E-09
    31.0 0.000E+00 0.000E+00 0.000E+00 0.000E+00 0.112E-12 0.691E-07 0.583E-06 0.732E-08 0.359E-11 0.542E-09
    32.0 0.000E+00 0.000E+00 0.000E+00 0.000E+00 0.201E-11 0.123E-06 0.351E-06 0.335E-08 0.107E-10 0.666E-09
    33.0 0.000E+00 0.000E+00 0.000E+00 0.000E+00 0.169E-10 0.198E-06 0.202E-06 0.145E-08 0.272E-10 0.738E-09
    34.0 0.000E+00 0.000E+00 0.000E+00 0.000E+00 0.860E-10 0.287E-06 0.112E-06 0.548E-09 0.604E-10 0.743E-09
    35.0 0.000E+00 0.000E+00 0.000E+00 0.000E+00 0.316E-09 0.375E-06 0.610E-07 0.337E-10 0.118E-09 0.686E-09
    36.0 0.000E+00 0.000E+00 0.000E+00 0.000E+00 0.925E-09 0.440E-06 0.326E-07 0.000E+00 0.204E-09 0.586E-09
    37.0 0.000E+00 0.000E+00 0.000E+00 0.000E+00 0.228E-08 0.466E-06 0.172E-07 0.000E+00 0.315E-09 0.466E-09
    38.0 0.000E+00 0.000E+00 0.000E+00 0.000E+00 0.489E-08 0.447E-06 0.899E-08 0.000E+00 0.439E-09 0.350E-09
    39.0 0.000E+00 0.000E+00 0.000E+00 0.000E+00 0.934E-08 0.393E-06 0.467E-08 0.000E+00 0.553E-09 0.249E-09
    40.0 0.000E+00 0.000E+00 0.000E+00 0.000E+00 0.160E-07 0.321E-06 0.240E-08 0.000E+00 0.634E-09 0.170E-09
    41.0 0.000E+00 0.000E+00 0.000E+00 0.186E-12 0.247E-07 0.246E-06 0.122E-08 0.000E+00 0.669E-09 0.112E-09

 Z-Verteilung  
 E*/MeV     Fm         Md         No  
   26.0  0.196E-05 0.502E-05 0.787E-04
   27.0  0.197E-05 0.477E-05 0.615E-04
   28.0  0.173E-05 0.397E-05 0.500E-04
   29.0  0.135E-05 0.295E-05 0.388E-04
   30.0  0.961E-06 0.204E-05 0.279E-04
   31.0  0.660E-06 0.139E-05 0.188E-04
   32.0  0.478E-06 0.103E-05 0.120E-04
   33.0  0.402E-06 0.907E-06 0.739E-05
   34.0  0.401E-06 0.939E-06 0.451E-05
   35.0  0.437E-06 0.103E-05 0.290E-05
   36.0  0.475E-06 0.110E-05 0.217E-05
   37.0  0.486E-06 0.110E-05 0.194E-05
   38.0  0.462E-06 0.103E-05 0.194E-05
   39.0  0.408E-06 0.901E-06 0.191E-05
   40.0  0.340E-06 0.758E-06 0.178E-05
   41.0  0.273E-06 0.625E-06 0.155E-05

 Z und A Mittelwerte    
   E*/MeV     MW.Z  St.Abw.Z      MW.A  St.Abw.A
    26.0    101.90      0.37    252.73      0.58
    27.0    101.87      0.41    252.50      0.65
    28.0    101.87      0.42    252.31      0.63
    29.0    101.87      0.42    252.20      0.59
    30.0    101.87      0.42    252.13      0.55
    31.0    101.87      0.42    252.08      0.54
    32.0    101.85      0.44    252.04      0.55
    33.0    101.80      0.50    251.97      0.63
    34.0    101.70      0.59    251.86      0.78
    35.0    101.56      0.67    251.67      0.93
    36.0    101.45      0.71    251.45      1.01
    37.0    101.41      0.72    251.27      1.01
    38.0    101.43      0.72    251.16      0.97
    39.0    101.47      0.71    251.09      0.93
    40.0    101.50      0.70    251.04      0.89
    41.0    101.52      0.69    251.01      0.86

 HIVAP  CASOUT

   48Ca 207Pb 255No IFUS10 barfac1.0 sigr1.5 05/10/2022 16:37 Sitarcik  


     E_lab  A*MeV   E*/MeV     SI_fus      SI_VR     SI_Spalt  L_krit     b_Spalt

   238.236    4.96    42.0  0.2830E+03  0.2014E-05  0.2830E+03    57.0      100.00
   239.468    4.99    43.0  0.2816E+03  0.1612E-05  0.2816E+03    57.0      100.00
   240.700    5.01    44.0  0.2802E+03  0.1270E-05  0.2802E+03    57.0      100.00
   241.932    5.04    45.0  0.2788E+03  0.9919E-06  0.2788E+03    57.0      100.00
   243.163    5.07    46.0  0.2774E+03  0.7696E-06  0.2774E+03    57.0      100.00
   244.395    5.09    47.0  0.2760E+03  0.5946E-06  0.2760E+03    57.0      100.00
   245.627    5.12    48.0  0.2746E+03  0.4577E-06  0.2746E+03    57.0      100.00
   246.859    5.14    49.0  0.2732E+03  0.3509E-06  0.2732E+03    57.0      100.00
   248.091    5.17    50.0  0.2719E+03  0.2693E-06  0.2719E+03    57.0      100.00
   249.323    5.19    51.0  0.2705E+03  0.2086E-06  0.2705E+03    57.0      100.00
   250.555    5.22    52.0  0.2692E+03  0.1650E-06  0.2692E+03    57.0      100.00
   251.787    5.25    53.0  0.2679E+03  0.1347E-06  0.2679E+03    57.0      100.00
   253.018    5.27    54.0  0.2666E+03  0.1141E-06  0.2666E+03    57.0      100.00
   254.250    5.30    55.0  0.2653E+03  0.9990E-07  0.2653E+03    57.0      100.00
   255.482    5.32    56.0  0.2640E+03  0.8940E-07  0.2640E+03    57.0      100.00
   256.714    5.35    57.0  0.2627E+03  0.8073E-07  0.2627E+03    57.0      100.00

     Querschnitte / mbarn

  E*/MeV   246No     247No     248No     249No     250No     251No     252No     253No     254No     255No  
    42.0 0.000E+00 0.000E+00 0.000E+00 0.000E+00 0.645E-08 0.124E-05 0.373E-07 0.000E+00 0.000E+00 0.000E+00
    43.0 0.000E+00 0.000E+00 0.000E+00 0.000E+00 0.145E-07 0.977E-06 0.197E-07 0.000E+00 0.000E+00 0.000E+00
    44.0 0.000E+00 0.000E+00 0.000E+00 0.000E+00 0.264E-07 0.736E-06 0.103E-07 0.000E+00 0.000E+00 0.000E+00
    45.0 0.000E+00 0.000E+00 0.000E+00 0.000E+00 0.403E-07 0.534E-06 0.493E-08 0.000E+00 0.000E+00 0.000E+00
    46.0 0.000E+00 0.000E+00 0.000E+00 0.000E+00 0.532E-07 0.376E-06 0.138E-08 0.000E+00 0.000E+00 0.000E+00
    47.0 0.000E+00 0.000E+00 0.000E+00 0.277E-12 0.622E-07 0.258E-06 0.000E+00 0.000E+00 0.000E+00 0.000E+00
    48.0 0.000E+00 0.000E+00 0.000E+00 0.196E-11 0.661E-07 0.173E-06 0.000E+00 0.000E+00 0.000E+00 0.000E+00
    49.0 0.000E+00 0.000E+00 0.000E+00 0.102E-10 0.650E-07 0.114E-06 0.000E+00 0.000E+00 0.000E+00 0.000E+00
    50.0 0.000E+00 0.000E+00 0.000E+00 0.405E-10 0.600E-07 0.745E-07 0.000E+00 0.000E+00 0.000E+00 0.000E+00
    51.0 0.000E+00 0.000E+00 0.000E+00 0.128E-09 0.525E-07 0.479E-07 0.000E+00 0.000E+00 0.000E+00 0.000E+00
    52.0 0.000E+00 0.000E+00 0.000E+00 0.328E-09 0.440E-07 0.304E-07 0.000E+00 0.000E+00 0.000E+00 0.000E+00
    53.0 0.000E+00 0.000E+00 0.000E+00 0.702E-09 0.355E-07 0.192E-07 0.000E+00 0.000E+00 0.000E+00 0.000E+00
    54.0 0.000E+00 0.000E+00 0.000E+00 0.128E-08 0.278E-07 0.120E-07 0.000E+00 0.000E+00 0.000E+00 0.000E+00
    55.0 0.000E+00 0.000E+00 0.786E-14 0.205E-08 0.212E-07 0.745E-08 0.000E+00 0.000E+00 0.000E+00 0.000E+00
    56.0 0.000E+00 0.000E+00 0.563E-13 0.292E-08 0.157E-07 0.461E-08 0.000E+00 0.000E+00 0.000E+00 0.000E+00
    57.0 0.000E+00 0.000E+00 0.303E-12 0.377E-08 0.115E-07 0.281E-08 0.000E+00 0.000E+00 0.000E+00 0.000E+00

  E*/MeV   245Md     246Md     247Md     248Md     249Md     250Md     251Md     252Md     253Md     254Md  
    42.0 0.000E+00 0.000E+00 0.000E+00 0.000E+00 0.000E+00 0.280E-11 0.143E-06 0.373E-06 0.120E-08 0.000E+00
    43.0 0.000E+00 0.000E+00 0.000E+00 0.000E+00 0.000E+00 0.139E-10 0.172E-06 0.259E-06 0.573E-09 0.000E+00
    44.0 0.000E+00 0.000E+00 0.000E+00 0.000E+00 0.000E+00 0.554E-10 0.188E-06 0.174E-06 0.189E-09 0.000E+00
    45.0 0.000E+00 0.000E+00 0.000E+00 0.000E+00 0.000E+00 0.182E-09 0.190E-06 0.114E-06 0.000E+00 0.000E+00
    46.0 0.000E+00 0.000E+00 0.000E+00 0.000E+00 0.000E+00 0.507E-09 0.178E-06 0.728E-07 0.000E+00 0.000E+00
    47.0 0.000E+00 0.000E+00 0.000E+00 0.000E+00 0.000E+00 0.123E-08 0.158E-06 0.458E-07 0.000E+00 0.000E+00
    48.0 0.000E+00 0.000E+00 0.000E+00 0.000E+00 0.225E-13 0.262E-08 0.132E-06 0.284E-07 0.000E+00 0.000E+00
    49.0 0.000E+00 0.000E+00 0.000E+00 0.000E+00 0.153E-12 0.499E-08 0.106E-06 0.174E-07 0.000E+00 0.000E+00
    50.0 0.000E+00 0.000E+00 0.000E+00 0.000E+00 0.799E-12 0.858E-08 0.817E-07 0.106E-07 0.000E+00 0.000E+00
    51.0 0.000E+00 0.000E+00 0.000E+00 0.000E+00 0.339E-11 0.134E-07 0.610E-07 0.635E-08 0.000E+00 0.000E+00
    52.0 0.000E+00 0.000E+00 0.000E+00 0.000E+00 0.119E-10 0.191E-07 0.444E-07 0.379E-08 0.000E+00 0.000E+00
    53.0 0.000E+00 0.000E+00 0.000E+00 0.000E+00 0.357E-10 0.251E-07 0.315E-07 0.225E-08 0.000E+00 0.000E+00
    54.0 0.000E+00 0.000E+00 0.000E+00 0.000E+00 0.927E-10 0.305E-07 0.219E-07 0.133E-08 0.000E+00 0.000E+00
    55.0 0.000E+00 0.000E+00 0.000E+00 0.000E+00 0.212E-09 0.347E-07 0.150E-07 0.771E-09 0.000E+00 0.000E+00
    56.0 0.000E+00 0.000E+00 0.000E+00 0.000E+00 0.431E-09 0.371E-07 0.101E-07 0.436E-09 0.000E+00 0.000E+00
    57.0 0.000E+00 0.000E+00 0.000E+00 0.000E+00 0.788E-09 0.375E-07 0.674E-08 0.232E-09 0.000E+00 0.000E+00

  E*/MeV   244Fm     245Fm     246Fm     247Fm     248Fm     249Fm     250Fm     251Fm     252Fm     253Fm  
    42.0 0.000E+00 0.000E+00 0.000E+00 0.111E-11 0.344E-07 0.180E-06 0.605E-09 0.000E+00 0.652E-09 0.717E-10
    43.0 0.000E+00 0.000E+00 0.000E+00 0.505E-11 0.433E-07 0.126E-06 0.281E-09 0.000E+00 0.594E-09 0.447E-10
    44.0 0.000E+00 0.000E+00 0.000E+00 0.185E-10 0.496E-07 0.850E-07 0.757E-10 0.000E+00 0.508E-09 0.274E-10
    45.0 0.000E+00 0.000E+00 0.000E+00 0.571E-10 0.522E-07 0.560E-07 0.000E+00 0.000E+00 0.412E-09 0.165E-10
    46.0 0.000E+00 0.000E+00 0.000E+00 0.154E-09 0.509E-07 0.360E-07 0.000E+00 0.000E+00 0.319E-09 0.976E-11
    47.0 0.000E+00 0.000E+00 0.000E+00 0.366E-09 0.464E-07 0.227E-07 0.000E+00 0.000E+00 0.238E-09 0.571E-11
    48.0 0.000E+00 0.000E+00 0.427E-14 0.784E-09 0.400E-07 0.141E-07 0.000E+00 0.000E+00 0.171E-09 0.331E-11
    49.0 0.000E+00 0.000E+00 0.283E-13 0.152E-08 0.329E-07 0.869E-08 0.000E+00 0.000E+00 0.119E-09 0.188E-11
    50.0 0.000E+00 0.000E+00 0.145E-12 0.270E-08 0.259E-07 0.529E-08 0.000E+00 0.000E+00 0.813E-10 0.105E-11
    51.0 0.000E+00 0.000E+00 0.606E-12 0.436E-08 0.197E-07 0.319E-08 0.000E+00 0.000E+00 0.542E-10 0.548E-12
    52.0 0.000E+00 0.000E+00 0.210E-11 0.647E-08 0.145E-07 0.191E-08 0.000E+00 0.000E+00 0.355E-10 0.188E-12
    53.0 0.000E+00 0.000E+00 0.630E-11 0.882E-08 0.105E-07 0.113E-08 0.000E+00 0.000E+00 0.229E-10 0.000E+00
    54.0 0.000E+00 0.000E+00 0.166E-10 0.111E-07 0.737E-08 0.666E-09 0.000E+00 0.000E+00 0.146E-10 0.000E+00
    55.0 0.000E+00 0.000E+00 0.394E-10 0.130E-07 0.510E-08 0.389E-09 0.000E+00 0.000E+00 0.921E-11 0.000E+00
    56.0 0.000E+00 0.000E+00 0.845E-10 0.143E-07 0.347E-08 0.218E-09 0.000E+00 0.000E+00 0.574E-11 0.000E+00
    57.0 0.000E+00 0.000E+00 0.165E-09 0.148E-07 0.233E-08 0.117E-09 0.000E+00 0.000E+00 0.352E-11 0.000E+00

 Z-Verteilung  
 E*/MeV     Fm         Md         No  
   42.0  0.215E-06 0.516E-06 0.128E-05
   43.0  0.170E-06 0.431E-06 0.101E-05
   44.0  0.135E-06 0.362E-06 0.773E-06
   45.0  0.109E-06 0.304E-06 0.580E-06
   46.0  0.874E-07 0.252E-06 0.431E-06
   47.0  0.698E-07 0.205E-06 0.320E-06
   48.0  0.551E-07 0.163E-06 0.239E-06
   49.0  0.432E-07 0.128E-06 0.180E-06
   50.0  0.340E-07 0.101E-06 0.135E-06
   51.0  0.273E-07 0.808E-07 0.101E-06
   52.0  0.230E-07 0.673E-07 0.747E-07
   53.0  0.205E-07 0.589E-07 0.554E-07
   54.0  0.192E-07 0.539E-07 0.411E-07
   55.0  0.186E-07 0.507E-07 0.307E-07
   56.0  0.181E-07 0.481E-07 0.233E-07
   57.0  0.174E-07 0.453E-07 0.181E-07

 Z und A Mittelwerte    
   E*/MeV     MW.Z  St.Abw.Z      MW.A  St.Abw.A
    42.0    101.53      0.68    250.97      0.85
    43.0    101.52      0.68    250.93      0.86
    44.0    101.50      0.68    250.87      0.88
    45.0    101.47      0.68    250.81      0.91
    46.0    101.45      0.69    250.73      0.94
    47.0    101.42      0.69    250.66      0.97
    48.0    101.40      0.69    250.58      0.99
    49.0    101.39      0.70    250.50      1.01
    50.0    101.37      0.70    250.42      1.03
    51.0    101.35      0.70    250.32      1.06
    52.0    101.31      0.70    250.19      1.11
    53.0    101.26      0.70    250.04      1.16
    54.0    101.19      0.70    249.88      1.22
    55.0    101.12      0.69    249.72      1.26
    56.0    101.06      0.68    249.57      1.29
    57.0    101.01      0.66    249.45      1.30

 HIVAP  CASOUT

   48Ca 207Pb 255No IFUS10 barfac1.0 sigr1.5 05/10/2022 16:37 Sitarcik  


     E_lab  A*MeV   E*/MeV     SI_fus      SI_VR     SI_Spalt  L_krit     b_Spalt

   257.946    5.37    58.0  0.2615E+03  0.7276E-07  0.2615E+03    57.0      100.00
   259.178    5.40    59.0  0.2602E+03  0.6506E-07  0.2602E+03    57.0      100.00
   260.410    5.43    60.0  0.2590E+03  0.5767E-07  0.2590E+03    57.0      100.00
   261.642    5.45    61.0  0.2578E+03  0.5056E-07  0.2578E+03    57.0      100.00
   262.874    5.48    62.0  0.2566E+03  0.4398E-07  0.2566E+03    57.0      100.00
   264.105    5.50    63.0  0.2554E+03  0.3799E-07  0.2554E+03    57.0      100.00
   265.337    5.53    64.0  0.2542E+03  0.3256E-07  0.2542E+03    57.0      100.00
   266.569    5.55    65.0  0.2530E+03  0.2771E-07  0.2530E+03    57.0      100.00
   267.801    5.58    66.0  0.2519E+03  0.2344E-07  0.2519E+03    57.0      100.00
   269.033    5.60    67.0  0.2507E+03  0.1970E-07  0.2507E+03    57.0      100.00
   270.265    5.63    68.0  0.2496E+03  0.1646E-07  0.2496E+03    57.0      100.00
   271.497    5.66    69.0  0.2484E+03  0.1373E-07  0.2484E+03    57.0      100.00
   272.729    5.68    70.0  0.2473E+03  0.1144E-07  0.2473E+03    57.0      100.00
   273.960    5.71    71.0  0.2462E+03  0.9537E-08  0.2462E+03    57.0      100.00
   275.192    5.73    72.0  0.2451E+03  0.8014E-08  0.2451E+03    57.0      100.00
   276.424    5.76    73.0  0.2440E+03  0.6790E-08  0.2440E+03    57.0      100.00

     Querschnitte / mbarn

  E*/MeV   246No     247No     248No     249No     250No     251No     252No     253No     254No     255No  
    58.0 0.000E+00 0.000E+00 0.127E-11 0.449E-08 0.825E-08 0.166E-08 0.000E+00 0.000E+00 0.000E+00 0.000E+00
    59.0 0.000E+00 0.000E+00 0.424E-11 0.498E-08 0.584E-08 0.893E-09 0.000E+00 0.000E+00 0.000E+00 0.000E+00
    60.0 0.000E+00 0.000E+00 0.117E-10 0.522E-08 0.408E-08 0.459E-09 0.000E+00 0.000E+00 0.000E+00 0.000E+00
    61.0 0.000E+00 0.000E+00 0.269E-10 0.520E-08 0.282E-08 0.175E-09 0.000E+00 0.000E+00 0.000E+00 0.000E+00
    62.0 0.000E+00 0.000E+00 0.535E-10 0.496E-08 0.193E-08 0.000E+00 0.000E+00 0.000E+00 0.000E+00 0.000E+00
    63.0 0.000E+00 0.000E+00 0.934E-10 0.456E-08 0.130E-08 0.000E+00 0.000E+00 0.000E+00 0.000E+00 0.000E+00
    64.0 0.000E+00 0.000E+00 0.146E-09 0.405E-08 0.877E-09 0.000E+00 0.000E+00 0.000E+00 0.000E+00 0.000E+00
    65.0 0.000E+00 0.900E-15 0.207E-09 0.350E-08 0.585E-09 0.000E+00 0.000E+00 0.000E+00 0.000E+00 0.000E+00
    66.0 0.000E+00 0.492E-14 0.272E-09 0.295E-08 0.381E-09 0.000E+00 0.000E+00 0.000E+00 0.000E+00 0.000E+00
    67.0 0.000E+00 0.218E-13 0.332E-09 0.243E-08 0.242E-09 0.000E+00 0.000E+00 0.000E+00 0.000E+00 0.000E+00
    68.0 0.000E+00 0.801E-13 0.383E-09 0.196E-08 0.144E-09 0.000E+00 0.000E+00 0.000E+00 0.000E+00 0.000E+00
    69.0 0.000E+00 0.250E-12 0.420E-09 0.156E-08 0.778E-10 0.000E+00 0.000E+00 0.000E+00 0.000E+00 0.000E+00
    70.0 0.000E+00 0.672E-12 0.439E-09 0.122E-08 0.355E-10 0.000E+00 0.000E+00 0.000E+00 0.000E+00 0.000E+00
    71.0 0.000E+00 0.158E-11 0.442E-09 0.940E-09 0.000E+00 0.000E+00 0.000E+00 0.000E+00 0.000E+00 0.000E+00
    72.0 0.000E+00 0.330E-11 0.430E-09 0.716E-09 0.000E+00 0.000E+00 0.000E+00 0.000E+00 0.000E+00 0.000E+00
    73.0 0.000E+00 0.617E-11 0.405E-09 0.539E-09 0.000E+00 0.000E+00 0.000E+00 0.000E+00 0.000E+00 0.000E+00

  E*/MeV   245Md     246Md     247Md     248Md     249Md     250Md     251Md     252Md     253Md     254Md  
    58.0 0.000E+00 0.000E+00 0.000E+00 0.396E-14 0.131E-08 0.361E-07 0.444E-08 0.101E-09 0.000E+00 0.000E+00
    59.0 0.000E+00 0.000E+00 0.000E+00 0.214E-13 0.198E-08 0.333E-07 0.289E-08 0.275E-10 0.000E+00 0.000E+00
    60.0 0.000E+00 0.000E+00 0.000E+00 0.969E-13 0.277E-08 0.296E-07 0.187E-08 0.000E+00 0.000E+00 0.000E+00
    61.0 0.000E+00 0.000E+00 0.000E+00 0.367E-12 0.360E-08 0.255E-07 0.120E-08 0.000E+00 0.000E+00 0.000E+00
    62.0 0.000E+00 0.000E+00 0.000E+00 0.120E-11 0.447E-08 0.212E-07 0.766E-09 0.000E+00 0.000E+00 0.000E+00
    63.0 0.000E+00 0.000E+00 0.000E+00 0.347E-11 0.514E-08 0.173E-07 0.486E-09 0.000E+00 0.000E+00 0.000E+00
    64.0 0.000E+00 0.000E+00 0.000E+00 0.889E-11 0.561E-08 0.137E-07 0.302E-09 0.000E+00 0.000E+00 0.000E+00
    65.0 0.000E+00 0.000E+00 0.000E+00 0.205E-10 0.584E-08 0.107E-07 0.181E-09 0.000E+00 0.000E+00 0.000E+00
    66.0 0.000E+00 0.000E+00 0.000E+00 0.428E-10 0.583E-08 0.819E-08 0.107E-09 0.000E+00 0.000E+00 0.000E+00
    67.0 0.000E+00 0.000E+00 0.280E-14 0.818E-10 0.560E-08 0.617E-08 0.570E-10 0.000E+00 0.000E+00 0.000E+00
    68.0 0.000E+00 0.000E+00 0.119E-13 0.144E-09 0.521E-08 0.458E-08 0.105E-10 0.000E+00 0.000E+00 0.000E+00
    69.0 0.000E+00 0.000E+00 0.435E-13 0.233E-09 0.471E-08 0.336E-08 0.000E+00 0.000E+00 0.000E+00 0.000E+00
    70.0 0.000E+00 0.000E+00 0.139E-12 0.353E-09 0.414E-08 0.244E-08 0.000E+00 0.000E+00 0.000E+00 0.000E+00
    71.0 0.000E+00 0.000E+00 0.395E-12 0.501E-09 0.355E-08 0.175E-08 0.000E+00 0.000E+00 0.000E+00 0.000E+00
    72.0 0.000E+00 0.000E+00 0.100E-11 0.669E-09 0.298E-08 0.124E-08 0.000E+00 0.000E+00 0.000E+00 0.000E+00
    73.0 0.000E+00 0.000E+00 0.231E-11 0.846E-09 0.246E-08 0.878E-09 0.000E+00 0.000E+00 0.000E+00 0.000E+00

  E*/MeV   244Fm     245Fm     246Fm     247Fm     248Fm     249Fm     250Fm     251Fm     252Fm     253Fm  
    58.0 0.000E+00 0.000E+00 0.294E-09 0.145E-07 0.155E-08 0.305E-10 0.000E+00 0.000E+00 0.212E-11 0.000E+00
    59.0 0.000E+00 0.533E-14 0.481E-09 0.136E-07 0.102E-08 0.000E+00 0.000E+00 0.000E+00 0.124E-11 0.000E+00
    60.0 0.000E+00 0.231E-13 0.726E-09 0.122E-07 0.661E-09 0.000E+00 0.000E+00 0.000E+00 0.563E-12 0.000E+00
    61.0 0.000E+00 0.831E-13 0.101E-08 0.106E-07 0.427E-09 0.000E+00 0.000E+00 0.000E+00 0.116E-12 0.000E+00
    62.0 0.000E+00 0.262E-12 0.132E-08 0.897E-08 0.273E-09 0.000E+00 0.000E+00 0.000E+00 0.000E+00 0.000E+00
    63.0 0.000E+00 0.736E-12 0.161E-08 0.735E-08 0.172E-09 0.000E+00 0.000E+00 0.000E+00 0.000E+00 0.000E+00
    64.0 0.000E+00 0.187E-11 0.185E-08 0.588E-08 0.107E-09 0.000E+00 0.000E+00 0.000E+00 0.000E+00 0.000E+00
    65.0 0.000E+00 0.431E-11 0.201E-08 0.461E-08 0.600E-10 0.000E+00 0.000E+00 0.000E+00 0.000E+00 0.000E+00
    66.0 0.000E+00 0.913E-11 0.209E-08 0.354E-08 0.295E-10 0.000E+00 0.000E+00 0.000E+00 0.000E+00 0.000E+00
    67.0 0.333E-15 0.178E-10 0.208E-08 0.268E-08 0.116E-10 0.000E+00 0.000E+00 0.000E+00 0.000E+00 0.000E+00
    68.0 0.139E-14 0.319E-10 0.200E-08 0.200E-08 0.000E+00 0.000E+00 0.000E+00 0.000E+00 0.000E+00 0.000E+00
    69.0 0.505E-14 0.534E-10 0.185E-08 0.147E-08 0.000E+00 0.000E+00 0.000E+00 0.000E+00 0.000E+00 0.000E+00
    70.0 0.163E-13 0.832E-10 0.167E-08 0.107E-08 0.000E+00 0.000E+00 0.000E+00 0.000E+00 0.000E+00 0.000E+00
    71.0 0.469E-13 0.121E-09 0.146E-08 0.769E-09 0.000E+00 0.000E+00 0.000E+00 0.000E+00 0.000E+00 0.000E+00
    72.0 0.122E-12 0.167E-09 0.125E-08 0.548E-09 0.000E+00 0.000E+00 0.000E+00 0.000E+00 0.000E+00 0.000E+00
    73.0 0.291E-12 0.216E-09 0.105E-08 0.387E-09 0.000E+00 0.000E+00 0.000E+00 0.000E+00 0.000E+00 0.000E+00

 Z-Verteilung  
 E*/MeV     Fm         Md         No  
   58.0  0.164E-07 0.420E-07 0.144E-07
   59.0  0.151E-07 0.382E-07 0.117E-07
   60.0  0.136E-07 0.343E-07 0.977E-08
   61.0  0.121E-07 0.303E-07 0.822E-08
   62.0  0.106E-07 0.265E-07 0.694E-08
   63.0  0.913E-08 0.229E-07 0.595E-08
   64.0  0.784E-08 0.197E-07 0.507E-08
   65.0  0.668E-08 0.167E-07 0.429E-08
   66.0  0.567E-08 0.142E-07 0.360E-08
   67.0  0.479E-08 0.119E-07 0.300E-08
   68.0  0.403E-08 0.994E-08 0.249E-08
   69.0  0.337E-08 0.830E-08 0.206E-08
   70.0  0.282E-08 0.693E-08 0.169E-08
   71.0  0.235E-08 0.580E-08 0.138E-08
   72.0  0.197E-08 0.490E-08 0.115E-08
   73.0  0.165E-08 0.419E-08 0.950E-09

 Z und A Mittelwerte    
   E*/MeV     MW.Z  St.Abw.Z      MW.A  St.Abw.A
    58.0    100.97      0.65    249.35      1.30
    59.0    100.95      0.64    249.26      1.30
    60.0    100.93      0.63    249.19      1.30
    61.0    100.92      0.63    249.12      1.30
    62.0    100.92      0.63    249.06      1.30
    63.0    100.92      0.62    248.99      1.30
    64.0    100.92      0.62    248.93      1.31
    65.0    100.91      0.62    248.86      1.32
    66.0    100.91      0.62    248.79      1.33
    67.0    100.91      0.62    248.72      1.34
    68.0    100.91      0.62    248.64      1.34
    69.0    100.90      0.62    248.57      1.35
    70.0    100.90      0.62    248.49      1.35
    71.0    100.90      0.62    248.41      1.36
    72.0    100.90      0.62    248.33      1.36
    73.0    100.90      0.61    248.24      1.37

 HIVAP  CASOUT

   48Ca 207Pb 255No IFUS10 barfac1.0 sigr1.5 05/10/2022 16:37 Sitarcik  


     E_lab  A*MeV   E*/MeV     SI_fus      SI_VR     SI_Spalt  L_krit     b_Spalt

   277.656    5.78    74.0  0.2429E+03  0.5816E-08  0.2429E+03    57.0      100.00
   278.888    5.81    75.0  0.2418E+03  0.5041E-08  0.2418E+03    57.0      100.00
   280.120    5.84    76.0  0.2408E+03  0.4426E-08  0.2408E+03    57.0      100.00
   281.352    5.86    77.0  0.2397E+03  0.3925E-08  0.2397E+03    57.0      100.00
   282.584    5.89    78.0  0.2387E+03  0.3509E-08  0.2387E+03    57.0      100.00
   283.816    5.91    79.0  0.2376E+03  0.3154E-08  0.2376E+03    57.0      100.00
   285.047    5.94    80.0  0.2366E+03  0.2831E-08  0.2366E+03    57.0      100.00
   286.279    5.96    81.0  0.2356E+03  0.2543E-08  0.2356E+03    57.0      100.00
   287.511    5.99    82.0  0.2346E+03  0.2280E-08  0.2346E+03    57.0      100.00
   288.743    6.02    83.0  0.2336E+03  0.2043E-08  0.2336E+03    57.0      100.00
   289.975    6.04    84.0  0.2326E+03  0.1820E-08  0.2326E+03    57.0      100.00
   291.207    6.07    85.0  0.2316E+03  0.1626E-08  0.2316E+03    57.0      100.00
   292.439    6.09    86.0  0.2306E+03  0.1446E-08  0.2306E+03    57.0      100.00
   293.671    6.12    87.0  0.2297E+03  0.1278E-08  0.2297E+03    57.0      100.00
   294.903    6.14    88.0  0.2287E+03  0.1124E-08  0.2287E+03    57.0      100.00
   296.134    6.17    89.0  0.2278E+03  0.9834E-09  0.2278E+03    57.0      100.00

     Querschnitte / mbarn

  E*/MeV   246No     247No     248No     249No     250No     251No     252No     253No     254No     255No  
    74.0 0.735E-16 0.105E-10 0.371E-09 0.402E-09 0.000E+00 0.000E+00 0.000E+00 0.000E+00 0.000E+00 0.000E+00
    75.0 0.336E-15 0.164E-10 0.333E-09 0.297E-09 0.000E+00 0.000E+00 0.000E+00 0.000E+00 0.000E+00 0.000E+00
    76.0 0.127E-14 0.239E-10 0.291E-09 0.217E-09 0.000E+00 0.000E+00 0.000E+00 0.000E+00 0.000E+00 0.000E+00
    77.0 0.407E-14 0.325E-10 0.250E-09 0.158E-09 0.000E+00 0.000E+00 0.000E+00 0.000E+00 0.000E+00 0.000E+00
    78.0 0.112E-13 0.417E-10 0.211E-09 0.114E-09 0.000E+00 0.000E+00 0.000E+00 0.000E+00 0.000E+00 0.000E+00
    79.0 0.269E-13 0.509E-10 0.176E-09 0.813E-10 0.000E+00 0.000E+00 0.000E+00 0.000E+00 0.000E+00 0.000E+00
    80.0 0.574E-13 0.594E-10 0.144E-09 0.552E-10 0.000E+00 0.000E+00 0.000E+00 0.000E+00 0.000E+00 0.000E+00
    81.0 0.111E-12 0.666E-10 0.116E-09 0.376E-10 0.000E+00 0.000E+00 0.000E+00 0.000E+00 0.000E+00 0.000E+00
    82.0 0.195E-12 0.720E-10 0.929E-10 0.242E-10 0.000E+00 0.000E+00 0.000E+00 0.000E+00 0.000E+00 0.000E+00
    83.0 0.317E-12 0.754E-10 0.734E-10 0.105E-10 0.000E+00 0.000E+00 0.000E+00 0.000E+00 0.000E+00 0.000E+00
    84.0 0.480E-12 0.766E-10 0.574E-10 0.169E-11 0.000E+00 0.000E+00 0.000E+00 0.000E+00 0.000E+00 0.000E+00
    85.0 0.684E-12 0.759E-10 0.446E-10 0.000E+00 0.000E+00 0.000E+00 0.000E+00 0.000E+00 0.000E+00 0.000E+00
    86.0 0.923E-12 0.734E-10 0.342E-10 0.000E+00 0.000E+00 0.000E+00 0.000E+00 0.000E+00 0.000E+00 0.000E+00
    87.0 0.119E-11 0.694E-10 0.261E-10 0.000E+00 0.000E+00 0.000E+00 0.000E+00 0.000E+00 0.000E+00 0.000E+00
    88.0 0.146E-11 0.644E-10 0.196E-10 0.000E+00 0.000E+00 0.000E+00 0.000E+00 0.000E+00 0.000E+00 0.000E+00
    89.0 0.172E-11 0.587E-10 0.144E-10 0.000E+00 0.000E+00 0.000E+00 0.000E+00 0.000E+00 0.000E+00 0.000E+00

  E*/MeV   245Md     246Md     247Md     248Md     249Md     250Md     251Md     252Md     253Md     254Md  
    74.0 0.000E+00 0.000E+00 0.484E-11 0.102E-08 0.199E-08 0.614E-09 0.000E+00 0.000E+00 0.000E+00 0.000E+00
    75.0 0.000E+00 0.000E+00 0.931E-11 0.117E-08 0.159E-08 0.428E-09 0.000E+00 0.000E+00 0.000E+00 0.000E+00
    76.0 0.000E+00 0.000E+00 0.165E-10 0.129E-08 0.125E-08 0.295E-09 0.000E+00 0.000E+00 0.000E+00 0.000E+00
    77.0 0.000E+00 0.246E-15 0.273E-10 0.137E-08 0.970E-09 0.202E-09 0.000E+00 0.000E+00 0.000E+00 0.000E+00
    78.0 0.000E+00 0.978E-15 0.423E-10 0.141E-08 0.745E-09 0.136E-09 0.000E+00 0.000E+00 0.000E+00 0.000E+00
    79.0 0.000E+00 0.348E-14 0.615E-10 0.141E-08 0.566E-09 0.914E-10 0.000E+00 0.000E+00 0.000E+00 0.000E+00
    80.0 0.000E+00 0.109E-13 0.846E-10 0.137E-08 0.426E-09 0.575E-10 0.000E+00 0.000E+00 0.000E+00 0.000E+00
    81.0 0.000E+00 0.309E-13 0.111E-09 0.130E-08 0.318E-09 0.327E-10 0.000E+00 0.000E+00 0.000E+00 0.000E+00
    82.0 0.000E+00 0.796E-13 0.138E-09 0.120E-08 0.236E-09 0.159E-10 0.000E+00 0.000E+00 0.000E+00 0.000E+00
    83.0 0.000E+00 0.188E-12 0.165E-09 0.109E-08 0.173E-09 0.781E-11 0.000E+00 0.000E+00 0.000E+00 0.000E+00
    84.0 0.000E+00 0.408E-12 0.191E-09 0.971E-09 0.126E-09 0.000E+00 0.000E+00 0.000E+00 0.000E+00 0.000E+00
    85.0 0.000E+00 0.821E-12 0.212E-09 0.850E-09 0.913E-10 0.000E+00 0.000E+00 0.000E+00 0.000E+00 0.000E+00
    86.0 0.000E+00 0.154E-11 0.229E-09 0.732E-09 0.656E-10 0.000E+00 0.000E+00 0.000E+00 0.000E+00 0.000E+00
    87.0 0.204E-15 0.271E-11 0.239E-09 0.621E-09 0.464E-10 0.000E+00 0.000E+00 0.000E+00 0.000E+00 0.000E+00
    88.0 0.650E-15 0.448E-11 0.244E-09 0.520E-09 0.318E-10 0.000E+00 0.000E+00 0.000E+00 0.000E+00 0.000E+00
    89.0 0.188E-14 0.700E-11 0.243E-09 0.431E-09 0.216E-10 0.000E+00 0.000E+00 0.000E+00 0.000E+00 0.000E+00

  E*/MeV   244Fm     245Fm     246Fm     247Fm     248Fm     249Fm     250Fm     251Fm     252Fm     253Fm  
    74.0 0.638E-12 0.266E-09 0.864E-09 0.272E-09 0.000E+00 0.000E+00 0.000E+00 0.000E+00 0.000E+00 0.000E+00
    75.0 0.129E-11 0.313E-09 0.698E-09 0.189E-09 0.000E+00 0.000E+00 0.000E+00 0.000E+00 0.000E+00 0.000E+00
    76.0 0.243E-11 0.352E-09 0.556E-09 0.131E-09 0.000E+00 0.000E+00 0.000E+00 0.000E+00 0.000E+00 0.000E+00
    77.0 0.424E-11 0.382E-09 0.436E-09 0.883E-10 0.000E+00 0.000E+00 0.000E+00 0.000E+00 0.000E+00 0.000E+00
    78.0 0.694E-11 0.399E-09 0.338E-09 0.595E-10 0.000E+00 0.000E+00 0.000E+00 0.000E+00 0.000E+00 0.000E+00
    79.0 0.107E-10 0.405E-09 0.259E-09 0.398E-10 0.000E+00 0.000E+00 0.000E+00 0.000E+00 0.000E+00 0.000E+00
    80.0 0.155E-10 0.399E-09 0.197E-09 0.218E-10 0.000E+00 0.000E+00 0.000E+00 0.000E+00 0.000E+00 0.000E+00
    81.0 0.212E-10 0.382E-09 0.147E-09 0.119E-10 0.000E+00 0.000E+00 0.000E+00 0.000E+00 0.000E+00 0.000E+00
    82.0 0.278E-10 0.358E-09 0.109E-09 0.364E-11 0.000E+00 0.000E+00 0.000E+00 0.000E+00 0.000E+00 0.000E+00
    83.0 0.347E-10 0.328E-09 0.808E-10 0.256E-11 0.000E+00 0.000E+00 0.000E+00 0.000E+00 0.000E+00 0.000E+00
    84.0 0.416E-10 0.294E-09 0.591E-10 0.000E+00 0.000E+00 0.000E+00 0.000E+00 0.000E+00 0.000E+00 0.000E+00
    85.0 0.480E-10 0.260E-09 0.426E-10 0.000E+00 0.000E+00 0.000E+00 0.000E+00 0.000E+00 0.000E+00 0.000E+00
    86.0 0.534E-10 0.226E-09 0.307E-10 0.000E+00 0.000E+00 0.000E+00 0.000E+00 0.000E+00 0.000E+00 0.000E+00
    87.0 0.577E-10 0.193E-09 0.209E-10 0.000E+00 0.000E+00 0.000E+00 0.000E+00 0.000E+00 0.000E+00 0.000E+00
    88.0 0.604E-10 0.163E-09 0.142E-10 0.000E+00 0.000E+00 0.000E+00 0.000E+00 0.000E+00 0.000E+00 0.000E+00
    89.0 0.617E-10 0.135E-09 0.916E-11 0.000E+00 0.000E+00 0.000E+00 0.000E+00 0.000E+00 0.000E+00 0.000E+00

 Z-Verteilung  
 E*/MeV     Fm         Md         No  
   74.0  0.140E-08 0.363E-08 0.784E-09
   75.0  0.120E-08 0.319E-08 0.645E-09
   76.0  0.104E-08 0.285E-08 0.532E-09
   77.0  0.911E-09 0.257E-08 0.440E-09
   78.0  0.804E-09 0.234E-08 0.367E-09
   79.0  0.715E-09 0.213E-08 0.308E-09
   80.0  0.633E-09 0.194E-08 0.259E-09
   81.0  0.562E-09 0.176E-08 0.221E-09
   82.0  0.498E-09 0.159E-08 0.189E-09
   83.0  0.446E-09 0.144E-08 0.160E-09
   84.0  0.395E-09 0.129E-08 0.136E-09
   85.0  0.350E-09 0.115E-08 0.121E-09
   86.0  0.310E-09 0.103E-08 0.108E-09
   87.0  0.271E-09 0.910E-09 0.967E-10
   88.0  0.237E-09 0.801E-09 0.855E-10
   89.0  0.206E-09 0.702E-09 0.749E-10

 Z und A Mittelwerte    
   E*/MeV     MW.Z  St.Abw.Z      MW.A  St.Abw.A
    74.0    100.89      0.60    248.14      1.37
    75.0    100.89      0.60    248.04      1.37
    76.0    100.88      0.59    247.93      1.36
    77.0    100.88      0.57    247.83      1.36
    78.0    100.88      0.56    247.74      1.35
    79.0    100.87      0.55    247.65      1.34
    80.0    100.87      0.55    247.57      1.33
    81.0    100.87      0.54    247.49      1.31
    82.0    100.86      0.53    247.42      1.30
    83.0    100.86      0.53    247.35      1.29
    84.0    100.86      0.52    247.28      1.29
    85.0    100.86      0.52    247.23      1.29
    86.0    100.86      0.52    247.17      1.29
    87.0    100.86      0.52    247.12      1.29
    88.0    100.86      0.52    247.07      1.29
    89.0    100.87      0.52    247.01      1.29

 HIVAP  CASOUT

   48Ca 207Pb 255No IFUS10 barfac1.0 sigr1.5 05/10/2022 16:37 Sitarcik  


     E_lab  A*MeV   E*/MeV     SI_fus      SI_VR     SI_Spalt  L_krit     b_Spalt

   297.366    6.20    90.0  0.2268E+03  0.8565E-09  0.2268E+03    57.0      100.00
   298.598    6.22    91.0  0.2259E+03  0.7402E-09  0.2259E+03    57.0      100.00
   299.830    6.25    92.0  0.2250E+03  0.6400E-09  0.2250E+03    57.0      100.00
   301.062    6.27    93.0  0.2240E+03  0.5534E-09  0.2240E+03    57.0      100.00
   302.294    6.30    94.0  0.2231E+03  0.4802E-09  0.2231E+03    57.0      100.00
   303.526    6.32    95.0  0.2222E+03  0.4168E-09  0.2222E+03    57.0      100.00
   304.758    6.35    96.0  0.2213E+03  0.3626E-09  0.2213E+03    57.0      100.00
   305.989    6.37    97.0  0.2204E+03  0.3162E-09  0.2204E+03    57.0      100.00
   307.221    6.40    98.0  0.2195E+03  0.2764E-09  0.2195E+03    57.0      100.00
   308.453    6.43    99.0  0.2187E+03  0.2424E-09  0.2187E+03    57.0      100.00
   309.685    6.45   100.0  0.2178E+03  0.2131E-09  0.2178E+03    57.0      100.00
   310.917    6.48   101.0  0.2169E+03  0.1877E-09  0.2169E+03    57.0      100.00
   312.149    6.50   102.0  0.2161E+03  0.1661E-09  0.2161E+03    57.0      100.00
   313.381    6.53   103.0  0.2152E+03  0.1467E-09  0.2152E+03    57.0      100.00
   314.613    6.55   104.0  0.2144E+03  0.1289E-09  0.2144E+03    57.0      100.00
   315.845    6.58   105.0  0.2136E+03  0.1137E-09  0.2135E+03    57.0      100.00

     Querschnitte / mbarn

  E*/MeV   246No     247No     248No     249No     250No     251No     252No     253No     254No     255No  
    90.0 0.197E-11 0.527E-10 0.105E-10 0.000E+00 0.000E+00 0.000E+00 0.000E+00 0.000E+00 0.000E+00 0.000E+00
    91.0 0.218E-11 0.465E-10 0.722E-11 0.000E+00 0.000E+00 0.000E+00 0.000E+00 0.000E+00 0.000E+00 0.000E+00
    92.0 0.234E-11 0.405E-10 0.470E-11 0.000E+00 0.000E+00 0.000E+00 0.000E+00 0.000E+00 0.000E+00 0.000E+00
    93.0 0.245E-11 0.349E-10 0.205E-11 0.000E+00 0.000E+00 0.000E+00 0.000E+00 0.000E+00 0.000E+00 0.000E+00
    94.0 0.250E-11 0.296E-10 0.798E-12 0.000E+00 0.000E+00 0.000E+00 0.000E+00 0.000E+00 0.000E+00 0.000E+00
    95.0 0.250E-11 0.249E-10 0.000E+00 0.000E+00 0.000E+00 0.000E+00 0.000E+00 0.000E+00 0.000E+00 0.000E+00
    96.0 0.245E-11 0.207E-10 0.000E+00 0.000E+00 0.000E+00 0.000E+00 0.000E+00 0.000E+00 0.000E+00 0.000E+00
    97.0 0.236E-11 0.171E-10 0.000E+00 0.000E+00 0.000E+00 0.000E+00 0.000E+00 0.000E+00 0.000E+00 0.000E+00
    98.0 0.223E-11 0.140E-10 0.000E+00 0.000E+00 0.000E+00 0.000E+00 0.000E+00 0.000E+00 0.000E+00 0.000E+00
    99.0 0.208E-11 0.113E-10 0.000E+00 0.000E+00 0.000E+00 0.000E+00 0.000E+00 0.000E+00 0.000E+00 0.000E+00
   100.0 0.191E-11 0.912E-11 0.000E+00 0.000E+00 0.000E+00 0.000E+00 0.000E+00 0.000E+00 0.000E+00 0.000E+00
   101.0 0.173E-11 0.728E-11 0.000E+00 0.000E+00 0.000E+00 0.000E+00 0.000E+00 0.000E+00 0.000E+00 0.000E+00
   102.0 0.155E-11 0.575E-11 0.000E+00 0.000E+00 0.000E+00 0.000E+00 0.000E+00 0.000E+00 0.000E+00 0.000E+00
   103.0 0.137E-11 0.447E-11 0.000E+00 0.000E+00 0.000E+00 0.000E+00 0.000E+00 0.000E+00 0.000E+00 0.000E+00
   104.0 0.120E-11 0.333E-11 0.000E+00 0.000E+00 0.000E+00 0.000E+00 0.000E+00 0.000E+00 0.000E+00 0.000E+00
   105.0 0.104E-11 0.254E-11 0.000E+00 0.000E+00 0.000E+00 0.000E+00 0.000E+00 0.000E+00 0.000E+00 0.000E+00

  E*/MeV   245Md     246Md     247Md     248Md     249Md     250Md     251Md     252Md     253Md     254Md  
    90.0 0.494E-14 0.104E-10 0.236E-09 0.352E-09 0.138E-10 0.000E+00 0.000E+00 0.000E+00 0.000E+00 0.000E+00
    91.0 0.119E-13 0.147E-10 0.225E-09 0.285E-09 0.644E-11 0.000E+00 0.000E+00 0.000E+00 0.000E+00 0.000E+00
    92.0 0.263E-13 0.199E-10 0.211E-09 0.229E-09 0.102E-11 0.000E+00 0.000E+00 0.000E+00 0.000E+00 0.000E+00
    93.0 0.542E-13 0.258E-10 0.194E-09 0.182E-09 0.000E+00 0.000E+00 0.000E+00 0.000E+00 0.000E+00 0.000E+00
    94.0 0.104E-12 0.323E-10 0.176E-09 0.144E-09 0.000E+00 0.000E+00 0.000E+00 0.000E+00 0.000E+00 0.000E+00
    95.0 0.188E-12 0.391E-10 0.157E-09 0.112E-09 0.000E+00 0.000E+00 0.000E+00 0.000E+00 0.000E+00 0.000E+00
    96.0 0.319E-12 0.458E-10 0.138E-09 0.872E-10 0.000E+00 0.000E+00 0.000E+00 0.000E+00 0.000E+00 0.000E+00
    97.0 0.514E-12 0.521E-10 0.120E-09 0.673E-10 0.000E+00 0.000E+00 0.000E+00 0.000E+00 0.000E+00 0.000E+00
    98.0 0.787E-12 0.577E-10 0.103E-09 0.516E-10 0.000E+00 0.000E+00 0.000E+00 0.000E+00 0.000E+00 0.000E+00
    99.0 0.115E-11 0.622E-10 0.873E-10 0.393E-10 0.000E+00 0.000E+00 0.000E+00 0.000E+00 0.000E+00 0.000E+00
   100.0 0.161E-11 0.656E-10 0.735E-10 0.297E-10 0.000E+00 0.000E+00 0.000E+00 0.000E+00 0.000E+00 0.000E+00
   101.0 0.217E-11 0.678E-10 0.612E-10 0.219E-10 0.000E+00 0.000E+00 0.000E+00 0.000E+00 0.000E+00 0.000E+00
   102.0 0.282E-11 0.686E-10 0.505E-10 0.163E-10 0.000E+00 0.000E+00 0.000E+00 0.000E+00 0.000E+00 0.000E+00
   103.0 0.354E-11 0.681E-10 0.414E-10 0.118E-10 0.000E+00 0.000E+00 0.000E+00 0.000E+00 0.000E+00 0.000E+00
   104.0 0.432E-11 0.666E-10 0.336E-10 0.758E-11 0.000E+00 0.000E+00 0.000E+00 0.000E+00 0.000E+00 0.000E+00
   105.0 0.511E-11 0.640E-10 0.271E-10 0.446E-11 0.000E+00 0.000E+00 0.000E+00 0.000E+00 0.000E+00 0.000E+00

  E*/MeV   244Fm     245Fm     246Fm     247Fm     248Fm     249Fm     250Fm     251Fm     252Fm     253Fm  
    90.0 0.615E-10 0.112E-09 0.532E-11 0.000E+00 0.000E+00 0.000E+00 0.000E+00 0.000E+00 0.000E+00 0.000E+00
    91.0 0.599E-10 0.908E-10 0.154E-11 0.000E+00 0.000E+00 0.000E+00 0.000E+00 0.000E+00 0.000E+00 0.000E+00
    92.0 0.572E-10 0.732E-10 0.124E-11 0.000E+00 0.000E+00 0.000E+00 0.000E+00 0.000E+00 0.000E+00 0.000E+00
    93.0 0.536E-10 0.585E-10 0.000E+00 0.000E+00 0.000E+00 0.000E+00 0.000E+00 0.000E+00 0.000E+00 0.000E+00
    94.0 0.493E-10 0.464E-10 0.000E+00 0.000E+00 0.000E+00 0.000E+00 0.000E+00 0.000E+00 0.000E+00 0.000E+00
    95.0 0.447E-10 0.364E-10 0.000E+00 0.000E+00 0.000E+00 0.000E+00 0.000E+00 0.000E+00 0.000E+00 0.000E+00
    96.0 0.399E-10 0.284E-10 0.000E+00 0.000E+00 0.000E+00 0.000E+00 0.000E+00 0.000E+00 0.000E+00 0.000E+00
    97.0 0.351E-10 0.219E-10 0.000E+00 0.000E+00 0.000E+00 0.000E+00 0.000E+00 0.000E+00 0.000E+00 0.000E+00
    98.0 0.306E-10 0.167E-10 0.000E+00 0.000E+00 0.000E+00 0.000E+00 0.000E+00 0.000E+00 0.000E+00 0.000E+00
    99.0 0.263E-10 0.127E-10 0.000E+00 0.000E+00 0.000E+00 0.000E+00 0.000E+00 0.000E+00 0.000E+00 0.000E+00
   100.0 0.223E-10 0.932E-11 0.000E+00 0.000E+00 0.000E+00 0.000E+00 0.000E+00 0.000E+00 0.000E+00 0.000E+00
   101.0 0.188E-10 0.684E-11 0.000E+00 0.000E+00 0.000E+00 0.000E+00 0.000E+00 0.000E+00 0.000E+00 0.000E+00
   102.0 0.157E-10 0.495E-11 0.000E+00 0.000E+00 0.000E+00 0.000E+00 0.000E+00 0.000E+00 0.000E+00 0.000E+00
   103.0 0.129E-10 0.304E-11 0.000E+00 0.000E+00 0.000E+00 0.000E+00 0.000E+00 0.000E+00 0.000E+00 0.000E+00
   104.0 0.106E-10 0.163E-11 0.000E+00 0.000E+00 0.000E+00 0.000E+00 0.000E+00 0.000E+00 0.000E+00 0.000E+00
   105.0 0.863E-11 0.783E-12 0.000E+00 0.000E+00 0.000E+00 0.000E+00 0.000E+00 0.000E+00 0.000E+00 0.000E+00

 Z-Verteilung  
 E*/MeV     Fm         Md         No  
   90.0  0.178E-09 0.613E-09 0.651E-10
   91.0  0.152E-09 0.532E-09 0.559E-10
   92.0  0.132E-09 0.461E-09 0.476E-10
   93.0  0.112E-09 0.402E-09 0.394E-10
   94.0  0.957E-10 0.352E-09 0.329E-10
   95.0  0.811E-10 0.308E-09 0.274E-10
   96.0  0.683E-10 0.271E-09 0.232E-10
   97.0  0.571E-10 0.240E-09 0.195E-10
   98.0  0.473E-10 0.213E-09 0.162E-10
   99.0  0.390E-10 0.190E-09 0.134E-10
  100.0  0.316E-10 0.170E-09 0.110E-10
  101.0  0.256E-10 0.153E-09 0.901E-11
  102.0  0.206E-10 0.138E-09 0.730E-11
  103.0  0.160E-10 0.125E-09 0.584E-11
  104.0  0.122E-10 0.112E-09 0.452E-11
  105.0  0.941E-11 0.101E-09 0.358E-11

 Z und A Mittelwerte    
   E*/MeV     MW.Z  St.Abw.Z      MW.A  St.Abw.A
    90.0    100.87      0.52    246.96      1.29
    91.0    100.87      0.51    246.90      1.29
    92.0    100.87      0.51    246.83      1.28
    93.0    100.87      0.51    246.78      1.28
    94.0    100.87      0.50    246.73      1.27
    95.0    100.87      0.49    246.67      1.26
    96.0    100.88      0.49    246.62      1.24
    97.0    100.88      0.48    246.57      1.22
    98.0    100.89      0.47    246.51      1.19
    99.0    100.89      0.45    246.46      1.16
   100.0    100.90      0.44    246.41      1.12
   101.0    100.91      0.42    246.35      1.08
   102.0    100.92      0.40    246.30      1.03
   103.0    100.93      0.38    246.25      0.98
   104.0    100.94      0.36    246.19      0.93
   105.0    100.95      0.33    246.14      0.87

 HIVAP  CASOUT

   48Ca 207Pb 255No IFUS10 barfac1.0 sigr1.5 05/10/2022 16:37 Sitarcik  


     E_lab  A*MeV   E*/MeV     SI_fus      SI_VR     SI_Spalt  L_krit     b_Spalt

   317.076    6.61   106.0  0.2127E+03  0.9982E-10  0.2127E+03    57.0      100.00
   318.308    6.63   107.0  0.2119E+03  0.8832E-10  0.2119E+03    57.0      100.00
   319.540    6.66   108.0  0.2111E+03  0.7857E-10  0.2111E+03    57.0      100.00
   320.772    6.68   109.0  0.2103E+03  0.7014E-10  0.2103E+03    57.0      100.00
   322.004    6.71   110.0  0.2095E+03  0.6243E-10  0.2095E+03    57.0       99.99
   323.236    6.73   111.0  0.2087E+03  0.5522E-10  0.2087E+03    57.0       99.99
   324.468    6.76   112.0  0.2079E+03  0.4877E-10  0.2079E+03    57.0       99.99
   325.700    6.79   113.0  0.2071E+03  0.4283E-10  0.2071E+03    57.0       99.99
   326.932    6.81   114.0  0.2063E+03  0.3705E-10  0.2063E+03    57.0       99.99
   328.163    6.84   115.0  0.2055E+03  0.3181E-10  0.2055E+03    57.0       99.99
   329.395    6.86   116.0  0.2048E+03  0.2767E-10  0.2047E+03    57.0       99.99
   330.627    6.89   117.0  0.2040E+03  0.2354E-10  0.2040E+03    57.0       99.99
   331.859    6.91   118.0  0.2032E+03  0.2054E-10  0.2032E+03    57.0       99.99
   333.091    6.94   119.0  0.2025E+03  0.1783E-10  0.2025E+03    57.0       99.99
   334.323    6.97   120.0  0.2017E+03  0.1538E-10  0.2017E+03    57.0       99.99
   335.555    6.99   121.0  0.2010E+03  0.1320E-10  0.2010E+03    57.0       99.99

     Querschnitte / mbarn

  E*/MeV   246No     247No     248No     249No     250No     251No     252No     253No     254No     255No  
   106.0 0.889E-12 0.181E-11 0.000E+00 0.000E+00 0.000E+00 0.000E+00 0.000E+00 0.000E+00 0.000E+00 0.000E+00
   107.0 0.756E-12 0.843E-12 0.000E+00 0.000E+00 0.000E+00 0.000E+00 0.000E+00 0.000E+00 0.000E+00 0.000E+00
   108.0 0.634E-12 0.472E-12 0.000E+00 0.000E+00 0.000E+00 0.000E+00 0.000E+00 0.000E+00 0.000E+00 0.000E+00
   109.0 0.529E-12 0.175E-12 0.000E+00 0.000E+00 0.000E+00 0.000E+00 0.000E+00 0.000E+00 0.000E+00 0.000E+00
   110.0 0.435E-12 0.000E+00 0.000E+00 0.000E+00 0.000E+00 0.000E+00 0.000E+00 0.000E+00 0.000E+00 0.000E+00
   111.0 0.349E-12 0.000E+00 0.000E+00 0.000E+00 0.000E+00 0.000E+00 0.000E+00 0.000E+00 0.000E+00 0.000E+00
   112.0 0.265E-12 0.000E+00 0.000E+00 0.000E+00 0.000E+00 0.000E+00 0.000E+00 0.000E+00 0.000E+00 0.000E+00
   113.0 0.195E-12 0.000E+00 0.000E+00 0.000E+00 0.000E+00 0.000E+00 0.000E+00 0.000E+00 0.000E+00 0.000E+00
   114.0 0.766E-13 0.000E+00 0.000E+00 0.000E+00 0.000E+00 0.000E+00 0.000E+00 0.000E+00 0.000E+00 0.000E+00
   115.0 0.576E-13 0.000E+00 0.000E+00 0.000E+00 0.000E+00 0.000E+00 0.000E+00 0.000E+00 0.000E+00 0.000E+00
   116.0 0.346E-13 0.000E+00 0.000E+00 0.000E+00 0.000E+00 0.000E+00 0.000E+00 0.000E+00 0.000E+00 0.000E+00
   117.0 0.000E+00 0.000E+00 0.000E+00 0.000E+00 0.000E+00 0.000E+00 0.000E+00 0.000E+00 0.000E+00 0.000E+00
   118.0 0.000E+00 0.000E+00 0.000E+00 0.000E+00 0.000E+00 0.000E+00 0.000E+00 0.000E+00 0.000E+00 0.000E+00
   119.0 0.000E+00 0.000E+00 0.000E+00 0.000E+00 0.000E+00 0.000E+00 0.000E+00 0.000E+00 0.000E+00 0.000E+00
   120.0 0.000E+00 0.000E+00 0.000E+00 0.000E+00 0.000E+00 0.000E+00 0.000E+00 0.000E+00 0.000E+00 0.000E+00
   121.0 0.000E+00 0.000E+00 0.000E+00 0.000E+00 0.000E+00 0.000E+00 0.000E+00 0.000E+00 0.000E+00 0.000E+00

  E*/MeV   245Md     246Md     247Md     248Md     249Md     250Md     251Md     252Md     253Md     254Md  
   106.0 0.589E-11 0.606E-10 0.218E-10 0.194E-11 0.000E+00 0.000E+00 0.000E+00 0.000E+00 0.000E+00 0.000E+00
   107.0 0.663E-11 0.566E-10 0.173E-10 0.654E-12 0.000E+00 0.000E+00 0.000E+00 0.000E+00 0.000E+00 0.000E+00
   108.0 0.728E-11 0.522E-10 0.137E-10 0.000E+00 0.000E+00 0.000E+00 0.000E+00 0.000E+00 0.000E+00 0.000E+00
   109.0 0.784E-11 0.476E-10 0.107E-10 0.000E+00 0.000E+00 0.000E+00 0.000E+00 0.000E+00 0.000E+00 0.000E+00
   110.0 0.827E-11 0.429E-10 0.834E-11 0.000E+00 0.000E+00 0.000E+00 0.000E+00 0.000E+00 0.000E+00 0.000E+00
   111.0 0.857E-11 0.382E-10 0.636E-11 0.000E+00 0.000E+00 0.000E+00 0.000E+00 0.000E+00 0.000E+00 0.000E+00
   112.0 0.873E-11 0.337E-10 0.480E-11 0.000E+00 0.000E+00 0.000E+00 0.000E+00 0.000E+00 0.000E+00 0.000E+00
   113.0 0.875E-11 0.295E-10 0.346E-11 0.000E+00 0.000E+00 0.000E+00 0.000E+00 0.000E+00 0.000E+00 0.000E+00
   114.0 0.864E-11 0.256E-10 0.215E-11 0.000E+00 0.000E+00 0.000E+00 0.000E+00 0.000E+00 0.000E+00 0.000E+00
   115.0 0.841E-11 0.220E-10 0.101E-11 0.000E+00 0.000E+00 0.000E+00 0.000E+00 0.000E+00 0.000E+00 0.000E+00
   116.0 0.808E-11 0.187E-10 0.511E-12 0.000E+00 0.000E+00 0.000E+00 0.000E+00 0.000E+00 0.000E+00 0.000E+00
   117.0 0.766E-11 0.159E-10 0.000E+00 0.000E+00 0.000E+00 0.000E+00 0.000E+00 0.000E+00 0.000E+00 0.000E+00
   118.0 0.719E-11 0.133E-10 0.000E+00 0.000E+00 0.000E+00 0.000E+00 0.000E+00 0.000E+00 0.000E+00 0.000E+00
   119.0 0.667E-11 0.112E-10 0.000E+00 0.000E+00 0.000E+00 0.000E+00 0.000E+00 0.000E+00 0.000E+00 0.000E+00
   120.0 0.613E-11 0.926E-11 0.000E+00 0.000E+00 0.000E+00 0.000E+00 0.000E+00 0.000E+00 0.000E+00 0.000E+00
   121.0 0.557E-11 0.763E-11 0.000E+00 0.000E+00 0.000E+00 0.000E+00 0.000E+00 0.000E+00 0.000E+00 0.000E+00

  E*/MeV   244Fm     245Fm     246Fm     247Fm     248Fm     249Fm     250Fm     251Fm     252Fm     253Fm  
   106.0 0.694E-11 0.000E+00 0.000E+00 0.000E+00 0.000E+00 0.000E+00 0.000E+00 0.000E+00 0.000E+00 0.000E+00
   107.0 0.552E-11 0.000E+00 0.000E+00 0.000E+00 0.000E+00 0.000E+00 0.000E+00 0.000E+00 0.000E+00 0.000E+00
   108.0 0.431E-11 0.000E+00 0.000E+00 0.000E+00 0.000E+00 0.000E+00 0.000E+00 0.000E+00 0.000E+00 0.000E+00
   109.0 0.333E-11 0.000E+00 0.000E+00 0.000E+00 0.000E+00 0.000E+00 0.000E+00 0.000E+00 0.000E+00 0.000E+00
   110.0 0.253E-11 0.000E+00 0.000E+00 0.000E+00 0.000E+00 0.000E+00 0.000E+00 0.000E+00 0.000E+00 0.000E+00
   111.0 0.173E-11 0.000E+00 0.000E+00 0.000E+00 0.000E+00 0.000E+00 0.000E+00 0.000E+00 0.000E+00 0.000E+00
   112.0 0.125E-11 0.000E+00 0.000E+00 0.000E+00 0.000E+00 0.000E+00 0.000E+00 0.000E+00 0.000E+00 0.000E+00
   113.0 0.940E-12 0.000E+00 0.000E+00 0.000E+00 0.000E+00 0.000E+00 0.000E+00 0.000E+00 0.000E+00 0.000E+00
   114.0 0.616E-12 0.000E+00 0.000E+00 0.000E+00 0.000E+00 0.000E+00 0.000E+00 0.000E+00 0.000E+00 0.000E+00
   115.0 0.357E-12 0.000E+00 0.000E+00 0.000E+00 0.000E+00 0.000E+00 0.000E+00 0.000E+00 0.000E+00 0.000E+00
   116.0 0.304E-12 0.000E+00 0.000E+00 0.000E+00 0.000E+00 0.000E+00 0.000E+00 0.000E+00 0.000E+00 0.000E+00
   117.0 0.000E+00 0.000E+00 0.000E+00 0.000E+00 0.000E+00 0.000E+00 0.000E+00 0.000E+00 0.000E+00 0.000E+00
   118.0 0.000E+00 0.000E+00 0.000E+00 0.000E+00 0.000E+00 0.000E+00 0.000E+00 0.000E+00 0.000E+00 0.000E+00
   119.0 0.000E+00 0.000E+00 0.000E+00 0.000E+00 0.000E+00 0.000E+00 0.000E+00 0.000E+00 0.000E+00 0.000E+00
   120.0 0.000E+00 0.000E+00 0.000E+00 0.000E+00 0.000E+00 0.000E+00 0.000E+00 0.000E+00 0.000E+00 0.000E+00
   121.0 0.000E+00 0.000E+00 0.000E+00 0.000E+00 0.000E+00 0.000E+00 0.000E+00 0.000E+00 0.000E+00 0.000E+00

 Z-Verteilung  
 E*/MeV     Fm         Md         No  
  106.0  0.694E-11 0.902E-10 0.270E-11
  107.0  0.552E-11 0.812E-10 0.160E-11
  108.0  0.431E-11 0.732E-10 0.111E-11
  109.0  0.333E-11 0.661E-10 0.704E-12
  110.0  0.253E-11 0.595E-10 0.435E-12
  111.0  0.173E-11 0.531E-10 0.349E-12
  112.0  0.125E-11 0.473E-10 0.265E-12
  113.0  0.940E-12 0.417E-10 0.195E-12
  114.0  0.616E-12 0.364E-10 0.766E-13
  115.0  0.357E-12 0.314E-10 0.576E-13
  116.0  0.304E-12 0.273E-10 0.346E-13
  117.0  0.000E+00 0.235E-10 0.000E+00
  118.0  0.000E+00 0.205E-10 0.000E+00
  119.0  0.000E+00 0.178E-10 0.000E+00
  120.0  0.000E+00 0.154E-10 0.000E+00
  121.0  0.000E+00 0.132E-10 0.000E+00

 Z und A Mittelwerte    
   E*/MeV     MW.Z  St.Abw.Z      MW.A  St.Abw.A
   106.0    100.96      0.31    246.08      0.80
   107.0    100.96      0.28    246.02      0.75
   108.0    100.96      0.26    245.98      0.70
   109.0    100.96      0.24    245.95      0.67
   110.0    100.97      0.22    245.92      0.65
   111.0    100.97      0.19    245.90      0.62
   112.0    100.98      0.18    245.87      0.60
   113.0    100.98      0.16    245.83      0.59
   114.0    100.99      0.14    245.79      0.56
   115.0    100.99      0.11    245.75      0.53
   116.0    100.99      0.11    245.70      0.52
   117.0    101.00      0.00    245.67      0.47
   118.0    101.00      0.00    245.65      0.48
   119.0    101.00      0.00    245.63      0.48
   120.0    101.00      0.00    245.60      0.49
   121.0    101.00      0.00    245.58      0.49

 HIVAP  CASOUT

   48Ca 207Pb 255No IFUS10 barfac1.0 sigr1.5 05/10/2022 16:37 Sitarcik  


     E_lab  A*MeV   E*/MeV     SI_fus      SI_VR     SI_Spalt  L_krit     b_Spalt

   336.787    7.02   122.0  0.2003E+03  0.1129E-10  0.2002E+03    57.0       99.99
   338.018    7.04   123.0  0.1995E+03  0.9557E-11  0.1995E+03    57.0       99.99
   339.250    7.07   124.0  0.1988E+03  0.8074E-11  0.1988E+03    57.0       99.99
   340.482    7.09   125.0  0.1981E+03  0.6777E-11  0.1981E+03    57.0       99.99
   341.714    7.12   126.0  0.1974E+03  0.5630E-11  0.1974E+03    57.0       99.98
   342.946    7.14   127.0  0.1967E+03  0.4609E-11  0.1966E+03    57.0       99.98
   344.178    7.17   128.0  0.1960E+03  0.3639E-11  0.1959E+03    57.0       99.98
   345.410    7.20   129.0  0.1953E+03  0.2789E-11  0.1952E+03    57.0       99.98
   346.642    7.22   130.0  0.1946E+03  0.2123E-11  0.1945E+03    57.0       99.98
   347.874    7.25   131.0  0.1939E+03  0.1683E-11  0.1938E+03    57.0       99.98
   349.105    7.27   132.0  0.1932E+03  0.1165E-11  0.1932E+03    57.0       99.98
   350.337    7.30   133.0  0.1925E+03  0.9560E-12  0.1925E+03    57.0       99.98
   351.569    7.32   134.0  0.1919E+03  0.7748E-12  0.1918E+03    57.0       99.97
   352.801    7.35   135.0  0.1912E+03  0.6299E-12  0.1911E+03    57.0       99.97
   354.033    7.38   136.0  0.1905E+03  0.4894E-12  0.1905E+03    57.0       99.97
   355.265    7.40   137.0  0.1899E+03  0.3687E-12  0.1898E+03    57.0       99.97

     Querschnitte / mbarn

  E*/MeV   246No     247No     248No     249No     250No     251No     252No     253No     254No     255No  
   122.0 0.000E+00 0.000E+00 0.000E+00 0.000E+00 0.000E+00 0.000E+00 0.000E+00 0.000E+00 0.000E+00 0.000E+00
   123.0 0.000E+00 0.000E+00 0.000E+00 0.000E+00 0.000E+00 0.000E+00 0.000E+00 0.000E+00 0.000E+00 0.000E+00
   124.0 0.000E+00 0.000E+00 0.000E+00 0.000E+00 0.000E+00 0.000E+00 0.000E+00 0.000E+00 0.000E+00 0.000E+00
   125.0 0.000E+00 0.000E+00 0.000E+00 0.000E+00 0.000E+00 0.000E+00 0.000E+00 0.000E+00 0.000E+00 0.000E+00
   126.0 0.000E+00 0.000E+00 0.000E+00 0.000E+00 0.000E+00 0.000E+00 0.000E+00 0.000E+00 0.000E+00 0.000E+00
   127.0 0.000E+00 0.000E+00 0.000E+00 0.000E+00 0.000E+00 0.000E+00 0.000E+00 0.000E+00 0.000E+00 0.000E+00
   128.0 0.000E+00 0.000E+00 0.000E+00 0.000E+00 0.000E+00 0.000E+00 0.000E+00 0.000E+00 0.000E+00 0.000E+00
   129.0 0.000E+00 0.000E+00 0.000E+00 0.000E+00 0.000E+00 0.000E+00 0.000E+00 0.000E+00 0.000E+00 0.000E+00
   130.0 0.000E+00 0.000E+00 0.000E+00 0.000E+00 0.000E+00 0.000E+00 0.000E+00 0.000E+00 0.000E+00 0.000E+00
   131.0 0.000E+00 0.000E+00 0.000E+00 0.000E+00 0.000E+00 0.000E+00 0.000E+00 0.000E+00 0.000E+00 0.000E+00
   132.0 0.000E+00 0.000E+00 0.000E+00 0.000E+00 0.000E+00 0.000E+00 0.000E+00 0.000E+00 0.000E+00 0.000E+00
   133.0 0.000E+00 0.000E+00 0.000E+00 0.000E+00 0.000E+00 0.000E+00 0.000E+00 0.000E+00 0.000E+00 0.000E+00
   134.0 0.000E+00 0.000E+00 0.000E+00 0.000E+00 0.000E+00 0.000E+00 0.000E+00 0.000E+00 0.000E+00 0.000E+00
   135.0 0.000E+00 0.000E+00 0.000E+00 0.000E+00 0.000E+00 0.000E+00 0.000E+00 0.000E+00 0.000E+00 0.000E+00
   136.0 0.000E+00 0.000E+00 0.000E+00 0.000E+00 0.000E+00 0.000E+00 0.000E+00 0.000E+00 0.000E+00 0.000E+00
   137.0 0.000E+00 0.000E+00 0.000E+00 0.000E+00 0.000E+00 0.000E+00 0.000E+00 0.000E+00 0.000E+00 0.000E+00

  E*/MeV   245Md     246Md     247Md     248Md     249Md     250Md     251Md     252Md     253Md     254Md  
   122.0 0.502E-11 0.627E-11 0.000E+00 0.000E+00 0.000E+00 0.000E+00 0.000E+00 0.000E+00 0.000E+00 0.000E+00
   123.0 0.449E-11 0.507E-11 0.000E+00 0.000E+00 0.000E+00 0.000E+00 0.000E+00 0.000E+00 0.000E+00 0.000E+00
   124.0 0.398E-11 0.410E-11 0.000E+00 0.000E+00 0.000E+00 0.000E+00 0.000E+00 0.000E+00 0.000E+00 0.000E+00
   125.0 0.350E-11 0.328E-11 0.000E+00 0.000E+00 0.000E+00 0.000E+00 0.000E+00 0.000E+00 0.000E+00 0.000E+00
   126.0 0.305E-11 0.258E-11 0.000E+00 0.000E+00 0.000E+00 0.000E+00 0.000E+00 0.000E+00 0.000E+00 0.000E+00
   127.0 0.265E-11 0.196E-11 0.000E+00 0.000E+00 0.000E+00 0.000E+00 0.000E+00 0.000E+00 0.000E+00 0.000E+00
   128.0 0.228E-11 0.136E-11 0.000E+00 0.000E+00 0.000E+00 0.000E+00 0.000E+00 0.000E+00 0.000E+00 0.000E+00
   129.0 0.195E-11 0.840E-12 0.000E+00 0.000E+00 0.000E+00 0.000E+00 0.000E+00 0.000E+00 0.000E+00 0.000E+00
   130.0 0.165E-11 0.468E-12 0.000E+00 0.000E+00 0.000E+00 0.000E+00 0.000E+00 0.000E+00 0.000E+00 0.000E+00
   131.0 0.140E-11 0.287E-12 0.000E+00 0.000E+00 0.000E+00 0.000E+00 0.000E+00 0.000E+00 0.000E+00 0.000E+00
   132.0 0.116E-11 0.000E+00 0.000E+00 0.000E+00 0.000E+00 0.000E+00 0.000E+00 0.000E+00 0.000E+00 0.000E+00
   133.0 0.956E-12 0.000E+00 0.000E+00 0.000E+00 0.000E+00 0.000E+00 0.000E+00 0.000E+00 0.000E+00 0.000E+00
   134.0 0.775E-12 0.000E+00 0.000E+00 0.000E+00 0.000E+00 0.000E+00 0.000E+00 0.000E+00 0.000E+00 0.000E+00
   135.0 0.630E-12 0.000E+00 0.000E+00 0.000E+00 0.000E+00 0.000E+00 0.000E+00 0.000E+00 0.000E+00 0.000E+00
   136.0 0.489E-12 0.000E+00 0.000E+00 0.000E+00 0.000E+00 0.000E+00 0.000E+00 0.000E+00 0.000E+00 0.000E+00
   137.0 0.369E-12 0.000E+00 0.000E+00 0.000E+00 0.000E+00 0.000E+00 0.000E+00 0.000E+00 0.000E+00 0.000E+00

  E*/MeV   244Fm     245Fm     246Fm     247Fm     248Fm     249Fm     250Fm     251Fm     252Fm     253Fm  
   122.0 0.000E+00 0.000E+00 0.000E+00 0.000E+00 0.000E+00 0.000E+00 0.000E+00 0.000E+00 0.000E+00 0.000E+00
   123.0 0.000E+00 0.000E+00 0.000E+00 0.000E+00 0.000E+00 0.000E+00 0.000E+00 0.000E+00 0.000E+00 0.000E+00
   124.0 0.000E+00 0.000E+00 0.000E+00 0.000E+00 0.000E+00 0.000E+00 0.000E+00 0.000E+00 0.000E+00 0.000E+00
   125.0 0.000E+00 0.000E+00 0.000E+00 0.000E+00 0.000E+00 0.000E+00 0.000E+00 0.000E+00 0.000E+00 0.000E+00
   126.0 0.000E+00 0.000E+00 0.000E+00 0.000E+00 0.000E+00 0.000E+00 0.000E+00 0.000E+00 0.000E+00 0.000E+00
   127.0 0.000E+00 0.000E+00 0.000E+00 0.000E+00 0.000E+00 0.000E+00 0.000E+00 0.000E+00 0.000E+00 0.000E+00
   128.0 0.000E+00 0.000E+00 0.000E+00 0.000E+00 0.000E+00 0.000E+00 0.000E+00 0.000E+00 0.000E+00 0.000E+00
   129.0 0.000E+00 0.000E+00 0.000E+00 0.000E+00 0.000E+00 0.000E+00 0.000E+00 0.000E+00 0.000E+00 0.000E+00
   130.0 0.000E+00 0.000E+00 0.000E+00 0.000E+00 0.000E+00 0.000E+00 0.000E+00 0.000E+00 0.000E+00 0.000E+00
   131.0 0.000E+00 0.000E+00 0.000E+00 0.000E+00 0.000E+00 0.000E+00 0.000E+00 0.000E+00 0.000E+00 0.000E+00
   132.0 0.000E+00 0.000E+00 0.000E+00 0.000E+00 0.000E+00 0.000E+00 0.000E+00 0.000E+00 0.000E+00 0.000E+00
   133.0 0.000E+00 0.000E+00 0.000E+00 0.000E+00 0.000E+00 0.000E+00 0.000E+00 0.000E+00 0.000E+00 0.000E+00
   134.0 0.000E+00 0.000E+00 0.000E+00 0.000E+00 0.000E+00 0.000E+00 0.000E+00 0.000E+00 0.000E+00 0.000E+00
   135.0 0.000E+00 0.000E+00 0.000E+00 0.000E+00 0.000E+00 0.000E+00 0.000E+00 0.000E+00 0.000E+00 0.000E+00
   136.0 0.000E+00 0.000E+00 0.000E+00 0.000E+00 0.000E+00 0.000E+00 0.000E+00 0.000E+00 0.000E+00 0.000E+00
   137.0 0.000E+00 0.000E+00 0.000E+00 0.000E+00 0.000E+00 0.000E+00 0.000E+00 0.000E+00 0.000E+00 0.000E+00

 Z-Verteilung  
 E*/MeV     Fm         Md         No  
  122.0  0.000E+00 0.113E-10 0.000E+00
  123.0  0.000E+00 0.956E-11 0.000E+00
  124.0  0.000E+00 0.807E-11 0.000E+00
  125.0  0.000E+00 0.678E-11 0.000E+00
  126.0  0.000E+00 0.563E-11 0.000E+00
  127.0  0.000E+00 0.461E-11 0.000E+00
  128.0  0.000E+00 0.364E-11 0.000E+00
  129.0  0.000E+00 0.279E-11 0.000E+00
  130.0  0.000E+00 0.212E-11 0.000E+00
  131.0  0.000E+00 0.168E-11 0.000E+00
  132.0  0.000E+00 0.116E-11 0.000E+00
  133.0  0.000E+00 0.956E-12 0.000E+00
  134.0  0.000E+00 0.775E-12 0.000E+00
  135.0  0.000E+00 0.630E-12 0.000E+00
  136.0  0.000E+00 0.489E-12 0.000E+00
  137.0  0.000E+00 0.369E-12 0.000E+00

 Z und A Mittelwerte    
   E*/MeV     MW.Z  St.Abw.Z      MW.A  St.Abw.A
   122.0    101.00      0.00    245.56      0.50
   123.0    101.00      0.00    245.53      0.50
   124.0    101.00      0.00    245.51      0.50
   125.0    101.00      0.00    245.48      0.50
   126.0    101.00      0.00    245.46      0.50
   127.0    101.00      0.00    245.43      0.49
   128.0    101.00      0.00    245.37      0.48
   129.0    101.00      0.00    245.30      0.46
   130.0    101.00      0.00    245.22      0.41
   131.0    101.00      0.00    245.17      0.38
   132.0    101.00      0.00    245.00      0.00
   133.0    101.00      0.00    245.00      0.00
   134.0    101.00      0.00    245.00      0.00
   135.0    101.00      0.00    245.00      0.00
   136.0    101.00      0.00    245.00      0.00
   137.0    101.00      0.00    245.00      0.00

 HIVAP  CASOUT

   48Ca 207Pb 255No IFUS10 barfac1.0 sigr1.5 05/10/2022 16:37 Sitarcik  


     E_lab  A*MeV   E*/MeV     SI_fus      SI_VR     SI_Spalt  L_krit     b_Spalt

   356.497    7.43   138.0  0.1892E+03  0.1589E-12  0.1891E+03    57.0       99.97
   357.729    7.45   139.0  0.1885E+03  0.1117E-12  0.1885E+03    57.0       99.97
   358.960    7.48   140.0  0.1879E+03  0.5077E-13  0.1878E+03    57.0       99.96

     Querschnitte / mbarn

  E*/MeV   246No     247No     248No     249No     250No     251No     252No     253No     254No     255No  
   138.0 0.000E+00 0.000E+00 0.000E+00 0.000E+00 0.000E+00 0.000E+00 0.000E+00 0.000E+00 0.000E+00 0.000E+00
   139.0 0.000E+00 0.000E+00 0.000E+00 0.000E+00 0.000E+00 0.000E+00 0.000E+00 0.000E+00 0.000E+00 0.000E+00
   140.0 0.000E+00 0.000E+00 0.000E+00 0.000E+00 0.000E+00 0.000E+00 0.000E+00 0.000E+00 0.000E+00 0.000E+00

  E*/MeV   245Md     246Md     247Md     248Md     249Md     250Md     251Md     252Md     253Md     254Md  
   138.0 0.159E-12 0.000E+00 0.000E+00 0.000E+00 0.000E+00 0.000E+00 0.000E+00 0.000E+00 0.000E+00 0.000E+00
   139.0 0.112E-12 0.000E+00 0.000E+00 0.000E+00 0.000E+00 0.000E+00 0.000E+00 0.000E+00 0.000E+00 0.000E+00
   140.0 0.508E-13 0.000E+00 0.000E+00 0.000E+00 0.000E+00 0.000E+00 0.000E+00 0.000E+00 0.000E+00 0.000E+00

  E*/MeV   244Fm     245Fm     246Fm     247Fm     248Fm     249Fm     250Fm     251Fm     252Fm     253Fm  
   138.0 0.000E+00 0.000E+00 0.000E+00 0.000E+00 0.000E+00 0.000E+00 0.000E+00 0.000E+00 0.000E+00 0.000E+00
   139.0 0.000E+00 0.000E+00 0.000E+00 0.000E+00 0.000E+00 0.000E+00 0.000E+00 0.000E+00 0.000E+00 0.000E+00
   140.0 0.000E+00 0.000E+00 0.000E+00 0.000E+00 0.000E+00 0.000E+00 0.000E+00 0.000E+00 0.000E+00 0.000E+00

 Z-Verteilung  
 E*/MeV     Fm         Md         No  
  138.0  0.000E+00 0.159E-12 0.000E+00
  139.0  0.000E+00 0.112E-12 0.000E+00
  140.0  0.000E+00 0.508E-13 0.000E+00

 Z und A Mittelwerte    
   E*/MeV     MW.Z  St.Abw.Z      MW.A  St.Abw.A
   138.0    101.00      0.00    245.00      0.00
   139.0    101.00      0.00    245.00      0.00
   140.0    101.00      0.00    245.00      0.00
                                                                        
           



 Ende HIVAP 
