          Programm HIVAP,  Autor  W.Reisdorf   Version fuer "rzri6f" vom  7. 6. 1994

           Bearbeitung F.P.Heﬂberger
           
   90Zr 103Rh 193At IFUS10 barfac0.54 sigr3.0 10/10/2022 19:10 Sitarcik 
           

 Unterprogramm SEPENF

 benutzt Sierks Programm BARFIT 
 Q-Wert  -176.768 MeV
 Massen aus der Datei "mlz.dat" 

         Exp. Schaleneffekte,  SHELL0=    0.00
          At  186   At  187   At  188   At  189   At  190   At  191   At  192   At  193
             -0.95     -0.13     -0.92     -0.10     -0.88     -0.07     -0.87     -0.14
          Po  185   Po  186   Po  187   Po  188   Po  189   Po  190   Po  191   Po  192
             -0.23      0.60     -0.21      0.55     -0.34      0.34     -0.63     -0.03
          Bi  184   Bi  185   Bi  186   Bi  187   Bi  188   Bi  189   Bi  190   Bi  191
             -1.82     -0.98     -1.79     -1.03     -1.92     -1.24     -2.20     -1.60

           BARFAC=   0.540      BAR0=   0.000

          Separationsenergien (BN,BP,BA) und Spaltbarrieren
          At  186   At  187   At  188   At  189   At  190   At  191   At  192   At  193
             10.41     11.81     10.00     11.40      9.60     11.01      9.25     10.70
             -1.92     -1.64     -1.40     -1.20     -1.04     -0.93     -0.82     -0.71
             -9.36     -9.14     -8.96     -8.83     -8.72     -8.66     -8.59     -8.53
              3.48      2.80      3.72      3.03      3.94      3.26      4.19      3.59
             -1.61     -0.80     -1.60     -0.80     -1.60     -0.80     -1.59     -0.79
          Po  185   Po  186   Po  187   Po  188   Po  189   Po  190   Po  191   Po  192
             10.08     11.54      9.75     11.20      9.44     10.89      9.14     10.58
             -0.54     -0.28     -0.02      0.24      0.50      0.75      1.01      1.26
             -9.74     -9.53     -9.32     -9.12     -8.90     -8.69     -8.47     -8.26
              3.30      2.61      3.56      2.94      3.97      3.43      4.53      4.07
             -0.81      0.00     -0.80      0.00     -0.80      0.00     -0.80      0.00
          Bi  184   Bi  185   Bi  186   Bi  187   Bi  188   Bi  189   Bi  190   Bi  191
              9.81     11.27      9.49     10.95      9.18     10.64      8.88     10.33
             -1.76     -1.49     -1.22     -0.96     -0.69     -0.43     -0.17      0.09
             -7.78     -7.58     -7.36     -7.16     -6.93     -6.73     -6.50     -6.30
              5.48      4.78      5.75      5.13      6.17      5.63      6.73      6.27
             -1.62     -0.81     -1.61     -0.80     -1.60     -0.80     -1.60     -0.80

 benutzter Q-Wert  -176.768 MeV    effektiver Q-Wert  -176.768 MeV

 HIVAP  CASOUT

   90Zr 103Rh 193At IFUS10 barfac0.54 sigr3.0 10/10/2022 19:10 Sitarcik 


     E_lab  A*MeV   E*/MeV     SI_fus      SI_VR     SI_Spalt  L_krit     b_Spalt

   346.215    3.85     8.0  0.7449E-04  0.6656E-07  0.7442E-04     0.0       99.91
   348.089    3.87     9.0  0.3763E-03  0.1866E-06  0.3761E-03     0.0       99.95
   349.963    3.89    10.0  0.1798E-02  0.8028E-06  0.1797E-02     0.0       99.96
   351.837    3.91    11.0  0.7419E-02  0.3421E-05  0.7416E-02     0.0       99.95
   353.711    3.93    12.0  0.2405E-01  0.1042E-04  0.2404E-01     0.0       99.96
   355.584    3.95    13.0  0.6101E-01  0.2314E-04  0.6098E-01     0.0       99.96
   357.458    3.97    14.0  0.1312E+00  0.4246E-04  0.1311E+00     0.0       99.97
   359.332    3.99    15.0  0.2565E+00  0.7709E-04  0.2564E+00     0.0       99.97
   361.206    4.01    16.0  0.4634E+00  0.1332E-03  0.4633E+00     0.0       99.97
   363.079    4.03    17.0  0.7859E+00  0.1752E-03  0.7858E+00     0.0       99.98
   364.953    4.06    18.0  0.1268E+01  0.1922E-03  0.1268E+01     0.0       99.98
   366.827    4.08    19.0  0.1962E+01  0.1884E-03  0.1962E+01     0.0       99.99
   368.701    4.10    20.0  0.2938E+01  0.1761E-03  0.2938E+01     0.0       99.98
   370.575    4.12    21.0  0.4270E+01  0.1610E-03  0.4269E+01     0.0       99.99
   372.448    4.14    22.0  0.6047E+01  0.1510E-03  0.6044E+01     0.0       99.96
   374.322    4.16    23.0  0.8351E+01  0.1521E-03  0.8345E+01     0.0       99.93

     Querschnitte / mbarn

  E*/MeV   186At     187At     188At     189At     190At     191At     192At     193At  
     8.0 0.000E+00 0.000E+00 0.000E+00 0.000E+00 0.000E+00 0.000E+00 0.000E+00 0.570E-07
     9.0 0.000E+00 0.000E+00 0.000E+00 0.000E+00 0.000E+00 0.000E+00 0.000E+00 0.987E-07
    10.0 0.000E+00 0.000E+00 0.000E+00 0.000E+00 0.000E+00 0.000E+00 0.000E+00 0.164E-06
    11.0 0.000E+00 0.000E+00 0.000E+00 0.000E+00 0.000E+00 0.000E+00 0.158E-09 0.237E-06
    12.0 0.000E+00 0.000E+00 0.000E+00 0.000E+00 0.000E+00 0.000E+00 0.698E-07 0.250E-06
    13.0 0.000E+00 0.000E+00 0.000E+00 0.000E+00 0.000E+00 0.000E+00 0.186E-05 0.222E-06
    14.0 0.000E+00 0.000E+00 0.000E+00 0.000E+00 0.000E+00 0.000E+00 0.926E-05 0.194E-06
    15.0 0.000E+00 0.000E+00 0.000E+00 0.000E+00 0.000E+00 0.000E+00 0.329E-04 0.155E-06
    16.0 0.000E+00 0.000E+00 0.000E+00 0.000E+00 0.000E+00 0.000E+00 0.794E-04 0.129E-06
    17.0 0.000E+00 0.000E+00 0.000E+00 0.000E+00 0.000E+00 0.000E+00 0.112E-03 0.118E-06
    18.0 0.000E+00 0.000E+00 0.000E+00 0.000E+00 0.000E+00 0.000E+00 0.117E-03 0.950E-07
    19.0 0.000E+00 0.000E+00 0.000E+00 0.000E+00 0.000E+00 0.000E+00 0.103E-03 0.943E-07
    20.0 0.000E+00 0.000E+00 0.000E+00 0.000E+00 0.000E+00 0.000E+00 0.821E-04 0.813E-07
    21.0 0.000E+00 0.000E+00 0.000E+00 0.000E+00 0.000E+00 0.123E-08 0.616E-04 0.598E-07
    22.0 0.000E+00 0.000E+00 0.000E+00 0.000E+00 0.000E+00 0.335E-07 0.448E-04 0.000E+00
    23.0 0.000E+00 0.000E+00 0.000E+00 0.000E+00 0.000E+00 0.309E-06 0.317E-04 0.000E+00

  E*/MeV   185Po     186Po     187Po     188Po     189Po     190Po     191Po     192Po  
     8.0 0.000E+00 0.000E+00 0.000E+00 0.000E+00 0.000E+00 0.000E+00 0.000E+00 0.953E-08
     9.0 0.000E+00 0.000E+00 0.000E+00 0.000E+00 0.000E+00 0.000E+00 0.000E+00 0.870E-07
    10.0 0.000E+00 0.000E+00 0.000E+00 0.000E+00 0.000E+00 0.000E+00 0.000E+00 0.630E-06
    11.0 0.000E+00 0.000E+00 0.000E+00 0.000E+00 0.000E+00 0.000E+00 0.000E+00 0.312E-05
    12.0 0.000E+00 0.000E+00 0.000E+00 0.000E+00 0.000E+00 0.000E+00 0.000E+00 0.977E-05
    13.0 0.000E+00 0.000E+00 0.000E+00 0.000E+00 0.000E+00 0.000E+00 0.000E+00 0.199E-04
    14.0 0.000E+00 0.000E+00 0.000E+00 0.000E+00 0.000E+00 0.000E+00 0.000E+00 0.297E-04
    15.0 0.000E+00 0.000E+00 0.000E+00 0.000E+00 0.000E+00 0.000E+00 0.970E-11 0.361E-04
    16.0 0.000E+00 0.000E+00 0.000E+00 0.000E+00 0.000E+00 0.000E+00 0.190E-08 0.369E-04
    17.0 0.000E+00 0.000E+00 0.000E+00 0.000E+00 0.000E+00 0.000E+00 0.183E-07 0.334E-04
    18.0 0.000E+00 0.000E+00 0.000E+00 0.000E+00 0.000E+00 0.000E+00 0.967E-07 0.275E-04
    19.0 0.000E+00 0.000E+00 0.000E+00 0.000E+00 0.000E+00 0.000E+00 0.428E-06 0.211E-04
    20.0 0.000E+00 0.000E+00 0.000E+00 0.000E+00 0.000E+00 0.000E+00 0.153E-05 0.155E-04
    21.0 0.000E+00 0.000E+00 0.000E+00 0.000E+00 0.000E+00 0.000E+00 0.455E-05 0.108E-04
    22.0 0.000E+00 0.000E+00 0.000E+00 0.000E+00 0.000E+00 0.000E+00 0.115E-04 0.737E-05
    23.0 0.000E+00 0.000E+00 0.000E+00 0.000E+00 0.000E+00 0.000E+00 0.246E-04 0.487E-05

  E*/MeV   184Bi     185Bi     186Bi     187Bi     188Bi     189Bi     190Bi     191Bi  
     8.0 0.000E+00 0.000E+00 0.000E+00 0.000E+00 0.000E+00 0.727E-10 0.000E+00 0.000E+00
     9.0 0.000E+00 0.000E+00 0.000E+00 0.000E+00 0.000E+00 0.872E-09 0.000E+00 0.000E+00
    10.0 0.000E+00 0.000E+00 0.000E+00 0.000E+00 0.000E+00 0.884E-08 0.000E+00 0.000E+00
    11.0 0.000E+00 0.000E+00 0.000E+00 0.000E+00 0.000E+00 0.629E-07 0.000E+00 0.438E-12
    12.0 0.000E+00 0.000E+00 0.000E+00 0.000E+00 0.000E+00 0.326E-06 0.000E+00 0.182E-10
    13.0 0.000E+00 0.000E+00 0.000E+00 0.000E+00 0.000E+00 0.116E-05 0.000E+00 0.241E-09
    14.0 0.000E+00 0.000E+00 0.000E+00 0.000E+00 0.000E+00 0.329E-05 0.000E+00 0.192E-08
    15.0 0.000E+00 0.000E+00 0.000E+00 0.000E+00 0.000E+00 0.801E-05 0.000E+00 0.111E-07
    16.0 0.000E+00 0.000E+00 0.000E+00 0.000E+00 0.000E+00 0.167E-04 0.000E+00 0.494E-07
    17.0 0.000E+00 0.000E+00 0.000E+00 0.000E+00 0.000E+00 0.300E-04 0.000E+00 0.179E-06
    18.0 0.000E+00 0.000E+00 0.000E+00 0.000E+00 0.162E-09 0.467E-04 0.000E+00 0.551E-06
    19.0 0.000E+00 0.000E+00 0.000E+00 0.000E+00 0.229E-08 0.626E-04 0.000E+00 0.149E-05
    20.0 0.000E+00 0.000E+00 0.000E+00 0.000E+00 0.148E-07 0.733E-04 0.000E+00 0.361E-05
    21.0 0.000E+00 0.000E+00 0.000E+00 0.000E+00 0.663E-07 0.759E-04 0.000E+00 0.793E-05
    22.0 0.000E+00 0.000E+00 0.000E+00 0.000E+00 0.242E-06 0.712E-04 0.469E-11 0.158E-04
    23.0 0.000E+00 0.000E+00 0.000E+00 0.000E+00 0.753E-06 0.613E-04 0.785E-10 0.286E-04

 Z-Verteilung  
 E*/MeV     Bi         Po         At  
    8.0  0.727E-10 0.953E-08 0.570E-07
    9.0  0.872E-09 0.870E-07 0.987E-07
   10.0  0.884E-08 0.630E-06 0.164E-06
   11.0  0.629E-07 0.312E-05 0.237E-06
   12.0  0.326E-06 0.977E-05 0.320E-06
   13.0  0.116E-05 0.199E-04 0.208E-05
   14.0  0.329E-05 0.297E-04 0.945E-05
   15.0  0.802E-05 0.361E-04 0.330E-04
   16.0  0.168E-04 0.369E-04 0.795E-04
   17.0  0.302E-04 0.334E-04 0.112E-03
   18.0  0.472E-04 0.276E-04 0.117E-03
   19.0  0.641E-04 0.216E-04 0.103E-03
   20.0  0.770E-04 0.170E-04 0.821E-04
   21.0  0.839E-04 0.154E-04 0.617E-04
   22.0  0.872E-04 0.189E-04 0.448E-04
   23.0  0.907E-04 0.294E-04 0.320E-04

 Z und A Mittelwerte    
   E*/MeV     MW.Z  St.Abw.Z      MW.A  St.Abw.A
     8.0     84.85      0.36    192.85      0.37
     9.0     84.52      0.51    192.52      0.55
    10.0     84.19      0.42    192.17      0.52
    11.0     84.05      0.29    192.01      0.48
    12.0     84.00      0.25    191.93      0.55
    13.0     84.04      0.37    191.86      0.66
    14.0     84.15      0.53    191.77      0.81
    15.0     84.32      0.65    191.69      0.92
    16.0     84.47      0.71    191.62      0.99
    17.0     84.46      0.77    191.49      1.13
    18.0     84.36      0.85    191.27      1.29
    19.0     84.20      0.92    190.99      1.41
    20.0     84.03      0.95    190.72      1.46
    21.0     83.86      0.94    190.51      1.45
    22.0     83.72      0.89    190.40      1.37
    23.0     83.61      0.81    190.42      1.25

 HIVAP  CASOUT

   90Zr 103Rh 193At IFUS10 barfac0.54 sigr3.0 10/10/2022 19:10 Sitarcik 


     E_lab  A*MeV   E*/MeV     SI_fus      SI_VR     SI_Spalt  L_krit     b_Spalt

   376.196    4.18    24.0  0.1126E+02  0.1687E-03  0.1125E+02     0.0       99.89
   378.070    4.20    25.0  0.1487E+02  0.2000E-03  0.1484E+02    17.0       99.85
   379.944    4.22    26.0  0.1924E+02  0.2387E-03  0.1921E+02    24.0       99.82
   381.817    4.24    27.0  0.2444E+02  0.2728E-03  0.2438E+02    30.0       99.76
   383.691    4.26    28.0  0.3051E+02  0.2966E-03  0.3042E+02    65.0       99.70
   385.565    4.28    29.0  0.3748E+02  0.3085E-03  0.3734E+02    65.0       99.65
   387.439    4.30    30.0  0.4533E+02  0.3095E-03  0.4514E+02    65.0       99.58
   389.313    4.33    31.0  0.5406E+02  0.3017E-03  0.5380E+02    65.0       99.52
   391.186    4.35    32.0  0.6359E+02  0.2853E-03  0.6325E+02    65.0       99.46
   393.060    4.37    33.0  0.7384E+02  0.2626E-03  0.7338E+02    65.0       99.38
   394.934    4.39    34.0  0.8471E+02  0.2373E-03  0.8412E+02    65.0       99.31
   396.808    4.41    35.0  0.9602E+02  0.2140E-03  0.9528E+02    65.0       99.23
   398.681    4.43    36.0  0.1077E+03  0.1966E-03  0.1068E+03    65.0       99.16
   400.555    4.45    37.0  0.1195E+03  0.1869E-03  0.1184E+03    65.0       99.09
   402.429    4.47    38.0  0.1313E+03  0.1835E-03  0.1301E+03    65.0       99.04
   404.303    4.49    39.0  0.1430E+03  0.1839E-03  0.1416E+03    65.0       98.99

     Querschnitte / mbarn

  E*/MeV   186At     187At     188At     189At     190At     191At     192At     193At  
    24.0 0.000E+00 0.000E+00 0.000E+00 0.000E+00 0.000E+00 0.145E-05 0.216E-04 0.000E+00
    25.0 0.000E+00 0.000E+00 0.000E+00 0.000E+00 0.000E+00 0.417E-05 0.142E-04 0.000E+00
    26.0 0.000E+00 0.000E+00 0.000E+00 0.000E+00 0.000E+00 0.785E-05 0.925E-05 0.000E+00
    27.0 0.000E+00 0.000E+00 0.000E+00 0.000E+00 0.000E+00 0.103E-04 0.581E-05 0.000E+00
    28.0 0.000E+00 0.000E+00 0.000E+00 0.000E+00 0.000E+00 0.108E-04 0.364E-05 0.000E+00
    29.0 0.000E+00 0.000E+00 0.000E+00 0.000E+00 0.000E+00 0.979E-05 0.214E-05 0.000E+00
    30.0 0.000E+00 0.000E+00 0.000E+00 0.000E+00 0.000E+00 0.801E-05 0.121E-05 0.000E+00
    31.0 0.000E+00 0.000E+00 0.000E+00 0.000E+00 0.000E+00 0.609E-05 0.656E-06 0.000E+00
    32.0 0.000E+00 0.000E+00 0.000E+00 0.000E+00 0.793E-11 0.437E-05 0.344E-06 0.000E+00
    33.0 0.000E+00 0.000E+00 0.000E+00 0.000E+00 0.241E-09 0.300E-05 0.161E-06 0.000E+00
    34.0 0.000E+00 0.000E+00 0.000E+00 0.000E+00 0.272E-08 0.199E-05 0.603E-07 0.000E+00
    35.0 0.000E+00 0.000E+00 0.000E+00 0.000E+00 0.166E-07 0.128E-05 0.250E-07 0.000E+00
    36.0 0.000E+00 0.000E+00 0.000E+00 0.000E+00 0.648E-07 0.807E-06 0.832E-08 0.000E+00
    37.0 0.000E+00 0.000E+00 0.000E+00 0.000E+00 0.180E-06 0.499E-06 0.000E+00 0.000E+00
    38.0 0.000E+00 0.000E+00 0.000E+00 0.000E+00 0.375E-06 0.303E-06 0.000E+00 0.000E+00
    39.0 0.000E+00 0.000E+00 0.000E+00 0.000E+00 0.605E-06 0.181E-06 0.000E+00 0.000E+00

  E*/MeV   185Po     186Po     187Po     188Po     189Po     190Po     191Po     192Po  
    24.0 0.000E+00 0.000E+00 0.000E+00 0.000E+00 0.000E+00 0.000E+00 0.441E-04 0.315E-05
    25.0 0.000E+00 0.000E+00 0.000E+00 0.000E+00 0.000E+00 0.000E+00 0.673E-04 0.200E-05
    26.0 0.000E+00 0.000E+00 0.000E+00 0.000E+00 0.000E+00 0.550E-10 0.878E-04 0.124E-05
    27.0 0.000E+00 0.000E+00 0.000E+00 0.000E+00 0.000E+00 0.560E-09 0.997E-04 0.750E-06
    28.0 0.000E+00 0.000E+00 0.000E+00 0.000E+00 0.000E+00 0.387E-08 0.101E-03 0.439E-06
    29.0 0.000E+00 0.000E+00 0.000E+00 0.000E+00 0.000E+00 0.201E-07 0.921E-04 0.248E-06
    30.0 0.000E+00 0.000E+00 0.000E+00 0.000E+00 0.000E+00 0.806E-07 0.779E-04 0.104E-06
    31.0 0.000E+00 0.000E+00 0.000E+00 0.000E+00 0.000E+00 0.256E-06 0.618E-04 0.244E-07
    32.0 0.000E+00 0.000E+00 0.000E+00 0.000E+00 0.000E+00 0.651E-06 0.464E-04 0.115E-07
    33.0 0.000E+00 0.000E+00 0.000E+00 0.000E+00 0.000E+00 0.136E-05 0.334E-04 0.488E-08
    34.0 0.000E+00 0.000E+00 0.000E+00 0.000E+00 0.000E+00 0.236E-05 0.232E-04 0.000E+00
    35.0 0.000E+00 0.000E+00 0.000E+00 0.000E+00 0.000E+00 0.347E-05 0.156E-04 0.000E+00
    36.0 0.000E+00 0.000E+00 0.000E+00 0.000E+00 0.000E+00 0.444E-05 0.102E-04 0.000E+00
    37.0 0.000E+00 0.000E+00 0.000E+00 0.000E+00 0.159E-11 0.501E-05 0.657E-05 0.000E+00
    38.0 0.000E+00 0.000E+00 0.000E+00 0.000E+00 0.142E-10 0.511E-05 0.413E-05 0.000E+00
    39.0 0.000E+00 0.000E+00 0.000E+00 0.000E+00 0.843E-10 0.478E-05 0.255E-05 0.000E+00

  E*/MeV   184Bi     185Bi     186Bi     187Bi     188Bi     189Bi     190Bi     191Bi  
    24.0 0.000E+00 0.000E+00 0.000E+00 0.000E+00 0.205E-05 0.494E-04 0.695E-09 0.469E-04
    25.0 0.000E+00 0.000E+00 0.000E+00 0.000E+00 0.495E-05 0.376E-04 0.429E-08 0.698E-04
    26.0 0.000E+00 0.000E+00 0.000E+00 0.000E+00 0.107E-04 0.273E-04 0.204E-07 0.945E-04
    27.0 0.000E+00 0.000E+00 0.000E+00 0.000E+00 0.206E-04 0.191E-04 0.789E-07 0.117E-03
    28.0 0.000E+00 0.000E+00 0.000E+00 0.310E-10 0.357E-04 0.129E-04 0.257E-06 0.132E-03
    29.0 0.000E+00 0.000E+00 0.000E+00 0.333E-09 0.561E-04 0.847E-05 0.726E-06 0.139E-03
    30.0 0.000E+00 0.000E+00 0.000E+00 0.214E-08 0.794E-04 0.544E-05 0.180E-05 0.136E-03
    31.0 0.000E+00 0.000E+00 0.000E+00 0.985E-08 0.101E-03 0.344E-05 0.399E-05 0.125E-03
    32.0 0.000E+00 0.000E+00 0.000E+00 0.365E-07 0.115E-03 0.214E-05 0.802E-05 0.108E-03
    33.0 0.000E+00 0.000E+00 0.000E+00 0.115E-06 0.119E-03 0.131E-05 0.148E-04 0.893E-04
    34.0 0.000E+00 0.000E+00 0.000E+00 0.314E-06 0.113E-03 0.787E-06 0.252E-04 0.706E-04
    35.0 0.000E+00 0.000E+00 0.000E+00 0.754E-06 0.988E-04 0.461E-06 0.398E-04 0.537E-04
    36.0 0.000E+00 0.000E+00 0.000E+00 0.161E-05 0.813E-04 0.265E-06 0.584E-04 0.395E-04
    37.0 0.000E+00 0.000E+00 0.000E+00 0.306E-05 0.634E-04 0.154E-06 0.798E-04 0.282E-04
    38.0 0.000E+00 0.000E+00 0.000E+00 0.521E-05 0.473E-04 0.111E-06 0.101E-03 0.195E-04
    39.0 0.000E+00 0.000E+00 0.000E+00 0.799E-05 0.341E-04 0.138E-06 0.120E-03 0.132E-04

 Z-Verteilung  
 E*/MeV     Bi         Po         At  
   24.0  0.984E-04 0.473E-04 0.231E-04
   25.0  0.112E-03 0.693E-04 0.183E-04
   26.0  0.132E-03 0.891E-04 0.171E-04
   27.0  0.156E-03 0.100E-03 0.161E-04
   28.0  0.181E-03 0.101E-03 0.144E-04
   29.0  0.204E-03 0.924E-04 0.119E-04
   30.0  0.222E-03 0.781E-04 0.922E-05
   31.0  0.233E-03 0.620E-04 0.675E-05
   32.0  0.234E-03 0.471E-04 0.471E-05
   33.0  0.225E-03 0.348E-04 0.316E-05
   34.0  0.210E-03 0.256E-04 0.205E-05
   35.0  0.194E-03 0.191E-04 0.132E-05
   36.0  0.181E-03 0.147E-04 0.880E-06
   37.0  0.175E-03 0.116E-04 0.679E-06
   38.0  0.174E-03 0.923E-05 0.677E-06
   39.0  0.176E-03 0.734E-05 0.787E-06

 Z und A Mittelwerte    
   E*/MeV     MW.Z  St.Abw.Z      MW.A  St.Abw.A
    24.0     83.55      0.72    190.52      1.10
    25.0     83.53      0.66    190.63      0.96
    26.0     83.52      0.63    190.68      0.90
    27.0     83.49      0.61    190.66      0.93
    28.0     83.44      0.59    190.56      1.04
    29.0     83.38      0.56    190.40      1.18
    30.0     83.31      0.52    190.19      1.32
    31.0     83.25      0.48    189.96      1.41
    32.0     83.20      0.44    189.74      1.46
    33.0     83.16      0.40    189.57      1.45
    34.0     83.13      0.36    189.45      1.42
    35.0     83.10      0.32    189.39      1.36
    36.0     83.08      0.29    189.40      1.28
    37.0     83.07      0.27    189.46      1.18
    38.0     83.06      0.25    189.53      1.09
    39.0     83.05      0.23    189.59      1.02

 HIVAP  CASOUT

   90Zr 103Rh 193At IFUS10 barfac0.54 sigr3.0 10/10/2022 19:10 Sitarcik 


     E_lab  A*MeV   E*/MeV     SI_fus      SI_VR     SI_Spalt  L_krit     b_Spalt

   406.177    4.51    40.0  0.1544E+03  0.1840E-03  0.1528E+03    65.0       98.97
   408.050    4.53    41.0  0.1653E+03  0.1808E-03  0.1636E+03    65.0       98.96
   409.924    4.55    42.0  0.1757E+03  0.1726E-03  0.1739E+03    65.0       98.97
   411.798    4.58    43.0  0.1854E+03  0.1595E-03  0.1836E+03    65.0       99.01
   413.672    4.60    44.0  0.1944E+03  0.1427E-03  0.1926E+03    65.0       99.06
   415.546    4.62    45.0  0.2026E+03  0.1250E-03  0.2009E+03    65.0       99.14
   417.419    4.64    46.0  0.2100E+03  0.1078E-03  0.2084E+03    65.0       99.23
   419.293    4.66    47.0  0.2165E+03  0.9267E-04  0.2151E+03    65.0       99.33
   421.167    4.68    48.0  0.2222E+03  0.8020E-04  0.2209E+03    65.0       99.43
   423.041    4.70    49.0  0.2271E+03  0.7031E-04  0.2260E+03    65.0       99.54
   424.914    4.72    50.0  0.2311E+03  0.6248E-04  0.2303E+03    65.0       99.63
   426.788    4.74    51.0  0.2345E+03  0.5601E-04  0.2338E+03    65.0       99.71
   428.662    4.76    52.0  0.2372E+03  0.5032E-04  0.2367E+03    65.0       99.78
   430.536    4.78    53.0  0.2393E+03  0.4499E-04  0.2389E+03    65.0       99.83
   432.410    4.80    54.0  0.2409E+03  0.3981E-04  0.2406E+03    65.0       99.87
   434.283    4.83    55.0  0.2419E+03  0.3475E-04  0.2417E+03    65.0       99.90

     Querschnitte / mbarn

  E*/MeV   186At     187At     188At     189At     190At     191At     192At     193At  
    40.0 0.000E+00 0.000E+00 0.000E+00 0.000E+00 0.799E-06 0.107E-06 0.000E+00 0.000E+00
    41.0 0.000E+00 0.000E+00 0.000E+00 0.000E+00 0.905E-06 0.623E-07 0.000E+00 0.000E+00
    42.0 0.000E+00 0.000E+00 0.000E+00 0.000E+00 0.912E-06 0.358E-07 0.000E+00 0.000E+00
    43.0 0.000E+00 0.000E+00 0.000E+00 0.102E-11 0.841E-06 0.202E-07 0.000E+00 0.000E+00
    44.0 0.000E+00 0.000E+00 0.000E+00 0.126E-10 0.722E-06 0.108E-07 0.000E+00 0.000E+00
    45.0 0.000E+00 0.000E+00 0.000E+00 0.874E-10 0.586E-06 0.168E-08 0.000E+00 0.000E+00
    46.0 0.000E+00 0.000E+00 0.000E+00 0.391E-09 0.456E-06 0.000E+00 0.000E+00 0.000E+00
    47.0 0.000E+00 0.000E+00 0.000E+00 0.122E-08 0.342E-06 0.000E+00 0.000E+00 0.000E+00
    48.0 0.000E+00 0.000E+00 0.000E+00 0.284E-08 0.249E-06 0.000E+00 0.000E+00 0.000E+00
    49.0 0.000E+00 0.000E+00 0.000E+00 0.519E-08 0.177E-06 0.000E+00 0.000E+00 0.000E+00
    50.0 0.000E+00 0.000E+00 0.000E+00 0.783E-08 0.123E-06 0.000E+00 0.000E+00 0.000E+00
    51.0 0.000E+00 0.000E+00 0.000E+00 0.102E-07 0.842E-07 0.000E+00 0.000E+00 0.000E+00
    52.0 0.000E+00 0.000E+00 0.000E+00 0.118E-07 0.569E-07 0.000E+00 0.000E+00 0.000E+00
    53.0 0.000E+00 0.000E+00 0.000E+00 0.126E-07 0.380E-07 0.000E+00 0.000E+00 0.000E+00
    54.0 0.000E+00 0.000E+00 0.000E+00 0.124E-07 0.251E-07 0.000E+00 0.000E+00 0.000E+00
    55.0 0.000E+00 0.000E+00 0.743E-14 0.116E-07 0.164E-07 0.000E+00 0.000E+00 0.000E+00

  E*/MeV   185Po     186Po     187Po     188Po     189Po     190Po     191Po     192Po  
    40.0 0.000E+00 0.000E+00 0.000E+00 0.000E+00 0.390E-09 0.418E-05 0.156E-05 0.000E+00
    41.0 0.000E+00 0.000E+00 0.000E+00 0.000E+00 0.150E-08 0.344E-05 0.937E-06 0.000E+00
    42.0 0.000E+00 0.000E+00 0.000E+00 0.000E+00 0.486E-08 0.270E-05 0.558E-06 0.000E+00
    43.0 0.000E+00 0.000E+00 0.000E+00 0.000E+00 0.134E-07 0.204E-05 0.328E-06 0.000E+00
    44.0 0.000E+00 0.000E+00 0.000E+00 0.000E+00 0.319E-07 0.149E-05 0.191E-06 0.000E+00
    45.0 0.000E+00 0.000E+00 0.000E+00 0.000E+00 0.656E-07 0.106E-05 0.109E-06 0.000E+00
    46.0 0.000E+00 0.000E+00 0.000E+00 0.000E+00 0.118E-06 0.735E-06 0.597E-07 0.000E+00
    47.0 0.000E+00 0.000E+00 0.000E+00 0.000E+00 0.188E-06 0.501E-06 0.256E-07 0.000E+00
    48.0 0.000E+00 0.000E+00 0.000E+00 0.000E+00 0.267E-06 0.336E-06 0.000E+00 0.000E+00
    49.0 0.000E+00 0.000E+00 0.000E+00 0.209E-12 0.345E-06 0.222E-06 0.000E+00 0.000E+00
    50.0 0.000E+00 0.000E+00 0.000E+00 0.130E-11 0.408E-06 0.145E-06 0.000E+00 0.000E+00
    51.0 0.000E+00 0.000E+00 0.000E+00 0.634E-11 0.447E-06 0.940E-07 0.000E+00 0.000E+00
    52.0 0.000E+00 0.000E+00 0.000E+00 0.250E-10 0.460E-06 0.603E-07 0.000E+00 0.000E+00
    53.0 0.000E+00 0.000E+00 0.000E+00 0.816E-10 0.448E-06 0.384E-07 0.000E+00 0.000E+00
    54.0 0.000E+00 0.000E+00 0.000E+00 0.224E-09 0.415E-06 0.241E-07 0.000E+00 0.000E+00
    55.0 0.000E+00 0.000E+00 0.000E+00 0.525E-09 0.369E-06 0.149E-07 0.000E+00 0.000E+00

  E*/MeV   184Bi     185Bi     186Bi     187Bi     188Bi     189Bi     190Bi     191Bi  
    40.0 0.000E+00 0.000E+00 0.000E+00 0.110E-04 0.237E-04 0.299E-06 0.134E-03 0.879E-05
    41.0 0.000E+00 0.000E+00 0.000E+00 0.137E-04 0.161E-04 0.672E-06 0.139E-03 0.573E-05
    42.0 0.000E+00 0.000E+00 0.747E-10 0.155E-04 0.107E-04 0.137E-05 0.137E-03 0.368E-05
    43.0 0.000E+00 0.000E+00 0.325E-09 0.160E-04 0.696E-05 0.254E-05 0.128E-03 0.233E-05
    44.0 0.000E+00 0.000E+00 0.117E-08 0.154E-04 0.445E-05 0.429E-05 0.115E-03 0.145E-05
    45.0 0.000E+00 0.000E+00 0.363E-08 0.138E-04 0.281E-05 0.732E-05 0.983E-04 0.899E-06
    46.0 0.000E+00 0.000E+00 0.991E-08 0.118E-04 0.175E-05 0.110E-04 0.813E-04 0.550E-06
    47.0 0.000E+00 0.000E+00 0.241E-07 0.956E-05 0.108E-05 0.154E-04 0.652E-04 0.334E-06
    48.0 0.000E+00 0.000E+00 0.528E-07 0.748E-05 0.661E-06 0.201E-04 0.508E-04 0.201E-06
    49.0 0.000E+00 0.000E+00 0.105E-06 0.567E-05 0.402E-06 0.246E-04 0.387E-04 0.119E-06
    50.0 0.000E+00 0.000E+00 0.188E-06 0.419E-05 0.243E-06 0.283E-04 0.288E-04 0.690E-07
    51.0 0.000E+00 0.000E+00 0.310E-06 0.302E-05 0.149E-06 0.308E-04 0.211E-04 0.390E-07
    52.0 0.000E+00 0.000E+00 0.469E-06 0.214E-05 0.961E-07 0.319E-04 0.152E-04 0.208E-07
    53.0 0.000E+00 0.372E-11 0.654E-06 0.149E-05 0.737E-07 0.315E-04 0.107E-04 0.987E-08
    54.0 0.000E+00 0.150E-10 0.845E-06 0.102E-05 0.789E-07 0.299E-04 0.753E-05 0.732E-09
    55.0 0.000E+00 0.520E-10 0.102E-05 0.693E-06 0.115E-06 0.273E-04 0.522E-05 0.000E+00

 Z-Verteilung  
 E*/MeV     Bi         Po         At  
   40.0  0.177E-03 0.573E-05 0.906E-06
   41.0  0.175E-03 0.438E-05 0.968E-06
   42.0  0.168E-03 0.326E-05 0.948E-06
   43.0  0.156E-03 0.238E-05 0.861E-06
   44.0  0.140E-03 0.171E-05 0.733E-06
   45.0  0.123E-03 0.123E-05 0.588E-06
   46.0  0.106E-03 0.912E-06 0.456E-06
   47.0  0.916E-04 0.714E-06 0.343E-06
   48.0  0.793E-04 0.603E-06 0.252E-06
   49.0  0.696E-04 0.567E-06 0.182E-06
   50.0  0.618E-04 0.553E-06 0.131E-06
   51.0  0.554E-04 0.541E-06 0.944E-07
   52.0  0.497E-04 0.520E-06 0.687E-07
   53.0  0.445E-04 0.486E-06 0.505E-07
   54.0  0.393E-04 0.439E-06 0.375E-07
   55.0  0.343E-04 0.385E-06 0.280E-07

 Z und A Mittelwerte    
   E*/MeV     MW.Z  St.Abw.Z      MW.A  St.Abw.A
    40.0     83.04      0.22    189.62      0.98
    41.0     83.03      0.21    189.63      0.97
    42.0     83.03      0.20    189.62      0.97
    43.0     83.03      0.19    189.61      0.98
    44.0     83.02      0.18    189.60      0.99
    45.0     83.02      0.17    189.57      0.98
    46.0     83.02      0.16    189.54      0.97
    47.0     83.02      0.15    189.50      0.95
    48.0     83.01      0.14    189.45      0.91
    49.0     83.01      0.14    189.39      0.87
    50.0     83.01      0.13    189.32      0.82
    51.0     83.01      0.13    189.25      0.77
    52.0     83.01      0.13    189.19      0.72
    53.0     83.01      0.12    189.13      0.70
    54.0     83.01      0.12    189.07      0.69
    55.0     83.01      0.12    189.02      0.70

 HIVAP  CASOUT

   90Zr 103Rh 193At IFUS10 barfac0.54 sigr3.0 10/10/2022 19:10 Sitarcik 


     E_lab  A*MeV   E*/MeV     SI_fus      SI_VR     SI_Spalt  L_krit     b_Spalt

   436.157    4.85    56.0  0.2426E+03  0.2988E-04  0.2424E+03    65.0       99.92
   438.031    4.87    57.0  0.2429E+03  0.2531E-04  0.2428E+03    65.0       99.93
   439.905    4.89    58.0  0.2430E+03  0.2118E-04  0.2428E+03    65.0       99.94
   441.779    4.91    59.0  0.2428E+03  0.1758E-04  0.2426E+03    65.0       99.94
   443.652    4.93    60.0  0.2424E+03  0.1455E-04  0.2423E+03    65.0       99.95
   445.526    4.95    61.0  0.2419E+03  0.1209E-04  0.2417E+03    65.0       99.95
   447.400    4.97    62.0  0.2412E+03  0.1015E-04  0.2411E+03    65.0       99.94
   449.274    4.99    63.0  0.2404E+03  0.8666E-05  0.2403E+03    65.0       99.94
   451.147    5.01    64.0  0.2396E+03  0.7536E-05  0.2395E+03    65.0       99.94
   453.021    5.03    65.0  0.2387E+03  0.6670E-05  0.2386E+03    65.0       99.93
   454.895    5.05    66.0  0.2378E+03  0.5981E-05  0.2377E+03    65.0       99.93
   456.769    5.08    67.0  0.2369E+03  0.5395E-05  0.2367E+03    65.0       99.93
   458.643    5.10    68.0  0.2360E+03  0.4877E-05  0.2358E+03    65.0       99.92
   460.516    5.12    69.0  0.2350E+03  0.4403E-05  0.2348E+03    65.0       99.92
   462.390    5.14    70.0  0.2341E+03  0.3937E-05  0.2339E+03    65.0       99.91
   464.264    5.16    71.0  0.2331E+03  0.3490E-05  0.2329E+03    65.0       99.90

     Querschnitte / mbarn

  E*/MeV   186At     187At     188At     189At     190At     191At     192At     193At  
    56.0 0.000E+00 0.000E+00 0.790E-13 0.103E-07 0.107E-07 0.000E+00 0.000E+00 0.000E+00
    57.0 0.000E+00 0.000E+00 0.553E-12 0.880E-08 0.692E-08 0.000E+00 0.000E+00 0.000E+00
    58.0 0.000E+00 0.000E+00 0.275E-11 0.728E-08 0.445E-08 0.000E+00 0.000E+00 0.000E+00
    59.0 0.000E+00 0.000E+00 0.103E-10 0.585E-08 0.285E-08 0.000E+00 0.000E+00 0.000E+00
    60.0 0.000E+00 0.000E+00 0.301E-10 0.459E-08 0.178E-08 0.000E+00 0.000E+00 0.000E+00
    61.0 0.000E+00 0.000E+00 0.715E-10 0.353E-08 0.111E-08 0.000E+00 0.000E+00 0.000E+00
    62.0 0.000E+00 0.000E+00 0.142E-09 0.266E-08 0.606E-09 0.000E+00 0.000E+00 0.000E+00
    63.0 0.000E+00 0.000E+00 0.242E-09 0.198E-08 0.262E-09 0.000E+00 0.000E+00 0.000E+00
    64.0 0.000E+00 0.000E+00 0.365E-09 0.145E-08 0.000E+00 0.000E+00 0.000E+00 0.000E+00
    65.0 0.000E+00 0.000E+00 0.496E-09 0.106E-08 0.000E+00 0.000E+00 0.000E+00 0.000E+00
    66.0 0.000E+00 0.000E+00 0.619E-09 0.758E-09 0.000E+00 0.000E+00 0.000E+00 0.000E+00
    67.0 0.000E+00 0.660E-15 0.718E-09 0.540E-09 0.000E+00 0.000E+00 0.000E+00 0.000E+00
    68.0 0.000E+00 0.440E-14 0.785E-09 0.381E-09 0.000E+00 0.000E+00 0.000E+00 0.000E+00
    69.0 0.000E+00 0.216E-13 0.815E-09 0.267E-09 0.000E+00 0.000E+00 0.000E+00 0.000E+00
    70.0 0.000E+00 0.814E-13 0.810E-09 0.186E-09 0.000E+00 0.000E+00 0.000E+00 0.000E+00
    71.0 0.000E+00 0.244E-12 0.775E-09 0.127E-09 0.000E+00 0.000E+00 0.000E+00 0.000E+00

  E*/MeV   185Po     186Po     187Po     188Po     189Po     190Po     191Po     192Po  
    56.0 0.000E+00 0.000E+00 0.000E+00 0.107E-08 0.317E-06 0.915E-08 0.000E+00 0.000E+00
    57.0 0.000E+00 0.000E+00 0.000E+00 0.192E-08 0.265E-06 0.485E-08 0.000E+00 0.000E+00
    58.0 0.000E+00 0.000E+00 0.000E+00 0.307E-08 0.215E-06 0.137E-08 0.000E+00 0.000E+00
    59.0 0.000E+00 0.000E+00 0.000E+00 0.446E-08 0.170E-06 0.000E+00 0.000E+00 0.000E+00
    60.0 0.000E+00 0.000E+00 0.000E+00 0.593E-08 0.133E-06 0.000E+00 0.000E+00 0.000E+00
    61.0 0.000E+00 0.000E+00 0.000E+00 0.732E-08 0.101E-06 0.000E+00 0.000E+00 0.000E+00
    62.0 0.000E+00 0.000E+00 0.382E-13 0.845E-08 0.762E-07 0.000E+00 0.000E+00 0.000E+00
    63.0 0.000E+00 0.000E+00 0.164E-12 0.921E-08 0.566E-07 0.000E+00 0.000E+00 0.000E+00
    64.0 0.000E+00 0.000E+00 0.611E-12 0.955E-08 0.415E-07 0.000E+00 0.000E+00 0.000E+00
    65.0 0.000E+00 0.000E+00 0.199E-11 0.948E-08 0.302E-07 0.000E+00 0.000E+00 0.000E+00
    66.0 0.000E+00 0.000E+00 0.574E-11 0.906E-08 0.217E-07 0.000E+00 0.000E+00 0.000E+00
    67.0 0.000E+00 0.000E+00 0.147E-10 0.837E-08 0.155E-07 0.000E+00 0.000E+00 0.000E+00
    68.0 0.000E+00 0.000E+00 0.335E-10 0.752E-08 0.109E-07 0.000E+00 0.000E+00 0.000E+00
    69.0 0.000E+00 0.000E+00 0.689E-10 0.657E-08 0.769E-08 0.000E+00 0.000E+00 0.000E+00
    70.0 0.000E+00 0.000E+00 0.128E-09 0.562E-08 0.536E-08 0.000E+00 0.000E+00 0.000E+00
    71.0 0.000E+00 0.000E+00 0.219E-09 0.471E-08 0.371E-08 0.000E+00 0.000E+00 0.000E+00

  E*/MeV   184Bi     185Bi     186Bi     187Bi     188Bi     189Bi     190Bi     191Bi  
    56.0 0.000E+00 0.159E-09 0.114E-05 0.465E-06 0.191E-06 0.241E-04 0.358E-05 0.000E+00
    57.0 0.000E+00 0.432E-09 0.121E-05 0.310E-06 0.320E-06 0.208E-04 0.243E-05 0.000E+00
    58.0 0.000E+00 0.106E-08 0.122E-05 0.205E-06 0.513E-06 0.174E-04 0.164E-05 0.000E+00
    59.0 0.000E+00 0.235E-08 0.117E-05 0.135E-06 0.779E-06 0.142E-04 0.110E-05 0.000E+00
    60.0 0.000E+00 0.472E-08 0.108E-05 0.881E-07 0.112E-05 0.114E-04 0.733E-06 0.000E+00
    61.0 0.000E+00 0.867E-08 0.965E-06 0.574E-07 0.151E-05 0.895E-05 0.484E-06 0.000E+00
    62.0 0.000E+00 0.146E-07 0.834E-06 0.374E-07 0.194E-05 0.692E-05 0.318E-06 0.000E+00
    63.0 0.000E+00 0.226E-07 0.701E-06 0.248E-07 0.237E-05 0.527E-05 0.207E-06 0.000E+00
    64.0 0.000E+00 0.323E-07 0.575E-06 0.174E-07 0.276E-05 0.397E-05 0.134E-06 0.000E+00
    65.0 0.000E+00 0.429E-07 0.462E-06 0.142E-07 0.308E-05 0.295E-05 0.860E-07 0.000E+00
    66.0 0.000E+00 0.534E-07 0.365E-06 0.150E-07 0.330E-05 0.216E-05 0.548E-07 0.000E+00
    67.0 0.535E-12 0.626E-07 0.283E-06 0.202E-07 0.341E-05 0.156E-05 0.345E-07 0.000E+00
    68.0 0.174E-11 0.695E-07 0.217E-06 0.305E-07 0.340E-05 0.112E-05 0.214E-07 0.000E+00
    69.0 0.508E-11 0.737E-07 0.164E-06 0.471E-07 0.330E-05 0.794E-06 0.131E-07 0.000E+00
    70.0 0.134E-10 0.748E-07 0.122E-06 0.703E-07 0.311E-05 0.545E-06 0.731E-08 0.000E+00
    71.0 0.323E-10 0.732E-07 0.905E-07 0.100E-06 0.285E-05 0.361E-06 0.340E-08 0.000E+00

 Z-Verteilung  
 E*/MeV     Bi         Po         At  
   56.0  0.295E-04 0.328E-06 0.210E-07
   57.0  0.250E-04 0.271E-06 0.157E-07
   58.0  0.210E-04 0.219E-06 0.117E-07
   59.0  0.174E-04 0.175E-06 0.870E-08
   60.0  0.144E-04 0.138E-06 0.640E-08
   61.0  0.120E-04 0.109E-06 0.470E-08
   62.0  0.101E-04 0.847E-07 0.341E-08
   63.0  0.860E-05 0.658E-07 0.249E-08
   64.0  0.748E-05 0.511E-07 0.182E-08
   65.0  0.663E-05 0.396E-07 0.155E-08
   66.0  0.595E-05 0.308E-07 0.138E-08
   67.0  0.537E-05 0.239E-07 0.126E-08
   68.0  0.486E-05 0.185E-07 0.117E-08
   69.0  0.439E-05 0.143E-07 0.108E-08
   70.0  0.393E-05 0.111E-07 0.996E-09
   71.0  0.348E-05 0.864E-08 0.903E-09

 Z und A Mittelwerte    
   E*/MeV     MW.Z  St.Abw.Z      MW.A  St.Abw.A
    56.0     83.01      0.12    188.97      0.73
    57.0     83.01      0.11    188.92      0.76
    58.0     83.01      0.11    188.86      0.80
    59.0     83.01      0.11    188.80      0.84
    60.0     83.01      0.11    188.74      0.87
    61.0     83.01      0.10    188.66      0.90
    62.0     83.01      0.10    188.58      0.91
    63.0     83.01      0.09    188.49      0.91
    64.0     83.01      0.09    188.40      0.89
    65.0     83.01      0.08    188.31      0.86
    66.0     83.01      0.08    188.23      0.82
    67.0     83.00      0.07    188.16      0.78
    68.0     83.00      0.07    188.10      0.74
    69.0     83.00      0.06    188.05      0.71
    70.0     83.00      0.06    188.01      0.68
    71.0     83.00      0.06    187.96      0.65

 HIVAP  CASOUT

   90Zr 103Rh 193At IFUS10 barfac0.54 sigr3.0 10/10/2022 19:10 Sitarcik 


     E_lab  A*MeV   E*/MeV     SI_fus      SI_VR     SI_Spalt  L_krit     b_Spalt

   466.138    5.18    72.0  0.2322E+03  0.3074E-05  0.2319E+03    65.0       99.90
   468.012    5.20    73.0  0.2313E+03  0.2669E-05  0.2310E+03    65.0       99.89
   469.885    5.22    74.0  0.2303E+03  0.2287E-05  0.2301E+03    65.0       99.88
   471.759    5.24    75.0  0.2294E+03  0.1986E-05  0.2291E+03    65.0       99.87
   473.633    5.26    76.0  0.2285E+03  0.1731E-05  0.2282E+03    65.0       99.87
   475.507    5.28    77.0  0.2276E+03  0.1504E-05  0.2273E+03    65.0       99.86
   477.380    5.30    78.0  0.2267E+03  0.1301E-05  0.2264E+03    65.0       99.85
   479.254    5.33    79.0  0.2258E+03  0.1122E-05  0.2255E+03    65.0       99.84
   481.128    5.35    80.0  0.2250E+03  0.9615E-06  0.2246E+03    65.0       99.83
   483.002    5.37    81.0  0.2241E+03  0.8173E-06  0.2237E+03    65.0       99.82
   484.876    5.39    82.0  0.2232E+03  0.6859E-06  0.2228E+03    65.0       99.81
   486.749    5.41    83.0  0.2224E+03  0.5617E-06  0.2219E+03    65.0       99.80
   488.623    5.43    84.0  0.2215E+03  0.4412E-06  0.2210E+03    65.0       99.79
   490.497    5.45    85.0  0.2207E+03  0.3322E-06  0.2202E+03    65.0       99.78
   492.371    5.47    86.0  0.2198E+03  0.2640E-06  0.2193E+03    65.0       99.76
   494.245    5.49    87.0  0.2190E+03  0.2240E-06  0.2184E+03    65.0       99.75

     Querschnitte / mbarn

  E*/MeV   186At     187At     188At     189At     190At     191At     192At     193At  
    72.0 0.000E+00 0.603E-12 0.718E-09 0.861E-10 0.000E+00 0.000E+00 0.000E+00 0.000E+00
    73.0 0.000E+00 0.126E-11 0.646E-09 0.561E-10 0.000E+00 0.000E+00 0.000E+00 0.000E+00
    74.0 0.000E+00 0.231E-11 0.568E-09 0.338E-10 0.000E+00 0.000E+00 0.000E+00 0.000E+00
    75.0 0.000E+00 0.376E-11 0.488E-09 0.121E-10 0.000E+00 0.000E+00 0.000E+00 0.000E+00
    76.0 0.000E+00 0.556E-11 0.411E-09 0.000E+00 0.000E+00 0.000E+00 0.000E+00 0.000E+00
    77.0 0.000E+00 0.757E-11 0.340E-09 0.000E+00 0.000E+00 0.000E+00 0.000E+00 0.000E+00
    78.0 0.000E+00 0.961E-11 0.278E-09 0.000E+00 0.000E+00 0.000E+00 0.000E+00 0.000E+00
    79.0 0.000E+00 0.115E-10 0.224E-09 0.000E+00 0.000E+00 0.000E+00 0.000E+00 0.000E+00
    80.0 0.000E+00 0.131E-10 0.178E-09 0.000E+00 0.000E+00 0.000E+00 0.000E+00 0.000E+00
    81.0 0.774E-16 0.142E-10 0.140E-09 0.000E+00 0.000E+00 0.000E+00 0.000E+00 0.000E+00
    82.0 0.355E-15 0.149E-10 0.109E-09 0.000E+00 0.000E+00 0.000E+00 0.000E+00 0.000E+00
    83.0 0.132E-14 0.150E-10 0.840E-10 0.000E+00 0.000E+00 0.000E+00 0.000E+00 0.000E+00
    84.0 0.412E-14 0.148E-10 0.643E-10 0.000E+00 0.000E+00 0.000E+00 0.000E+00 0.000E+00
    85.0 0.109E-13 0.141E-10 0.488E-10 0.000E+00 0.000E+00 0.000E+00 0.000E+00 0.000E+00
    86.0 0.250E-13 0.132E-10 0.368E-10 0.000E+00 0.000E+00 0.000E+00 0.000E+00 0.000E+00
    87.0 0.509E-13 0.120E-10 0.276E-10 0.000E+00 0.000E+00 0.000E+00 0.000E+00 0.000E+00

  E*/MeV   185Po     186Po     187Po     188Po     189Po     190Po     191Po     192Po  
    72.0 0.000E+00 0.000E+00 0.343E-09 0.387E-08 0.253E-08 0.000E+00 0.000E+00 0.000E+00
    73.0 0.000E+00 0.000E+00 0.499E-09 0.314E-08 0.170E-08 0.000E+00 0.000E+00 0.000E+00
    74.0 0.000E+00 0.120E-14 0.679E-09 0.250E-08 0.110E-08 0.000E+00 0.000E+00 0.000E+00
    75.0 0.000E+00 0.471E-14 0.870E-09 0.197E-08 0.687E-09 0.000E+00 0.000E+00 0.000E+00
    76.0 0.000E+00 0.160E-13 0.106E-08 0.154E-08 0.372E-09 0.000E+00 0.000E+00 0.000E+00
    77.0 0.000E+00 0.472E-13 0.123E-08 0.118E-08 0.126E-09 0.000E+00 0.000E+00 0.000E+00
    78.0 0.000E+00 0.123E-12 0.136E-08 0.904E-09 0.000E+00 0.000E+00 0.000E+00 0.000E+00
    79.0 0.000E+00 0.286E-12 0.146E-08 0.684E-09 0.000E+00 0.000E+00 0.000E+00 0.000E+00
    80.0 0.000E+00 0.599E-12 0.151E-08 0.513E-09 0.000E+00 0.000E+00 0.000E+00 0.000E+00
    81.0 0.000E+00 0.114E-11 0.151E-08 0.381E-09 0.000E+00 0.000E+00 0.000E+00 0.000E+00
    82.0 0.000E+00 0.200E-11 0.147E-08 0.281E-09 0.000E+00 0.000E+00 0.000E+00 0.000E+00
    83.0 0.000E+00 0.324E-11 0.140E-08 0.204E-09 0.000E+00 0.000E+00 0.000E+00 0.000E+00
    84.0 0.000E+00 0.490E-11 0.130E-08 0.147E-09 0.000E+00 0.000E+00 0.000E+00 0.000E+00
    85.0 0.000E+00 0.696E-11 0.119E-08 0.103E-09 0.000E+00 0.000E+00 0.000E+00 0.000E+00
    86.0 0.238E-15 0.936E-11 0.106E-08 0.687E-10 0.000E+00 0.000E+00 0.000E+00 0.000E+00
    87.0 0.575E-15 0.120E-10 0.938E-09 0.400E-10 0.000E+00 0.000E+00 0.000E+00 0.000E+00

  E*/MeV   184Bi     185Bi     186Bi     187Bi     188Bi     189Bi     190Bi     191Bi  
    72.0 0.711E-10 0.693E-07 0.663E-07 0.136E-06 0.256E-05 0.234E-06 0.468E-09 0.000E+00
    73.0 0.144E-09 0.637E-07 0.482E-07 0.176E-06 0.225E-05 0.125E-06 0.000E+00 0.000E+00
    74.0 0.270E-09 0.570E-07 0.348E-07 0.218E-06 0.194E-05 0.317E-07 0.000E+00 0.000E+00
    75.0 0.470E-09 0.499E-07 0.250E-07 0.257E-06 0.165E-05 0.366E-08 0.000E+00 0.000E+00
    76.0 0.763E-09 0.428E-07 0.178E-07 0.293E-06 0.137E-05 0.000E+00 0.000E+00 0.000E+00
    77.0 0.116E-08 0.360E-07 0.127E-07 0.321E-06 0.113E-05 0.000E+00 0.000E+00 0.000E+00
    78.0 0.166E-08 0.298E-07 0.913E-08 0.341E-06 0.917E-06 0.000E+00 0.000E+00 0.000E+00
    79.0 0.223E-08 0.243E-07 0.671E-08 0.351E-06 0.736E-06 0.000E+00 0.000E+00 0.000E+00
    80.0 0.286E-08 0.195E-07 0.521E-08 0.351E-06 0.580E-06 0.000E+00 0.000E+00 0.000E+00
    81.0 0.349E-08 0.155E-07 0.450E-08 0.343E-06 0.449E-06 0.000E+00 0.000E+00 0.000E+00
    82.0 0.408E-08 0.122E-07 0.450E-08 0.327E-06 0.336E-06 0.000E+00 0.000E+00 0.000E+00
    83.0 0.458E-08 0.952E-08 0.516E-08 0.305E-06 0.236E-06 0.000E+00 0.000E+00 0.000E+00
    84.0 0.496E-08 0.735E-08 0.648E-08 0.279E-06 0.142E-06 0.000E+00 0.000E+00 0.000E+00
    85.0 0.519E-08 0.563E-08 0.840E-08 0.251E-06 0.607E-07 0.000E+00 0.000E+00 0.000E+00
    86.0 0.528E-08 0.428E-08 0.109E-07 0.222E-06 0.204E-07 0.000E+00 0.000E+00 0.000E+00
    87.0 0.523E-08 0.323E-08 0.138E-07 0.193E-06 0.731E-08 0.000E+00 0.000E+00 0.000E+00

 Z-Verteilung  
 E*/MeV     Bi         Po         At  
   72.0  0.307E-05 0.675E-08 0.805E-09
   73.0  0.266E-05 0.534E-08 0.704E-09
   74.0  0.228E-05 0.429E-08 0.604E-09
   75.0  0.198E-05 0.353E-08 0.504E-09
   76.0  0.173E-05 0.297E-08 0.417E-09
   77.0  0.150E-05 0.254E-08 0.348E-09
   78.0  0.130E-05 0.227E-08 0.287E-09
   79.0  0.112E-05 0.214E-08 0.235E-09
   80.0  0.959E-06 0.202E-08 0.191E-09
   81.0  0.815E-06 0.189E-08 0.154E-09
   82.0  0.684E-06 0.175E-08 0.124E-09
   83.0  0.560E-06 0.161E-08 0.990E-10
   84.0  0.440E-06 0.146E-08 0.790E-10
   85.0  0.331E-06 0.130E-08 0.630E-10
   86.0  0.263E-06 0.114E-08 0.500E-10
   87.0  0.223E-06 0.990E-09 0.397E-10

 Z und A Mittelwerte    
   E*/MeV     MW.Z  St.Abw.Z      MW.A  St.Abw.A
    72.0     83.00      0.06    187.92      0.64
    73.0     83.00      0.06    187.87      0.62
    74.0     83.00      0.05    187.81      0.60
    75.0     83.00      0.05    187.77      0.60
    76.0     83.00      0.05    187.73      0.61
    77.0     83.00      0.05    187.69      0.62
    78.0     83.00      0.05    187.65      0.63
    79.0     83.00      0.05    187.60      0.64
    80.0     83.00      0.05    187.55      0.65
    81.0     83.00      0.06    187.49      0.65
    82.0     83.00      0.06    187.43      0.66
    83.0     83.00      0.06    187.35      0.67
    84.0     83.00      0.06    187.24      0.67
    85.0     83.00      0.07    187.08      0.64
    86.0     83.00      0.07    186.94      0.60
    87.0     83.00      0.07    186.87      0.59

 HIVAP  CASOUT

   90Zr 103Rh 193At IFUS10 barfac0.54 sigr3.0 10/10/2022 19:10 Sitarcik 


     E_lab  A*MeV   E*/MeV     SI_fus      SI_VR     SI_Spalt  L_krit     b_Spalt

   496.118    5.51    88.0  0.2182E+03  0.1939E-06  0.2176E+03    65.0       99.74
   497.992    5.53    89.0  0.2173E+03  0.1690E-06  0.2167E+03    65.0       99.72
   499.866    5.55    90.0  0.2165E+03  0.1475E-06  0.2159E+03    65.0       99.71

     Querschnitte / mbarn

  E*/MeV   186At     187At     188At     189At     190At     191At     192At     193At  
    88.0 0.931E-13 0.108E-10 0.205E-10 0.000E+00 0.000E+00 0.000E+00 0.000E+00 0.000E+00
    89.0 0.155E-12 0.949E-11 0.152E-10 0.000E+00 0.000E+00 0.000E+00 0.000E+00 0.000E+00
    90.0 0.239E-12 0.823E-11 0.111E-10 0.000E+00 0.000E+00 0.000E+00 0.000E+00 0.000E+00

  E*/MeV   185Po     186Po     187Po     188Po     189Po     190Po     191Po     192Po  
    88.0 0.126E-14 0.147E-10 0.814E-09 0.132E-10 0.000E+00 0.000E+00 0.000E+00 0.000E+00
    89.0 0.262E-14 0.172E-10 0.697E-09 0.184E-11 0.000E+00 0.000E+00 0.000E+00 0.000E+00
    90.0 0.526E-14 0.195E-10 0.589E-09 0.000E+00 0.000E+00 0.000E+00 0.000E+00 0.000E+00

  E*/MeV   184Bi     185Bi     186Bi     187Bi     188Bi     189Bi     190Bi     191Bi  
    88.0 0.506E-08 0.243E-08 0.170E-07 0.166E-06 0.228E-08 0.000E+00 0.000E+00 0.000E+00
    89.0 0.479E-08 0.182E-08 0.203E-07 0.141E-06 0.509E-09 0.000E+00 0.000E+00 0.000E+00
    90.0 0.444E-08 0.136E-08 0.236E-07 0.117E-06 0.561E-09 0.000E+00 0.000E+00 0.000E+00

 Z-Verteilung  
 E*/MeV     Bi         Po         At  
   88.0  0.193E-06 0.842E-09 0.314E-10
   89.0  0.168E-06 0.716E-09 0.248E-10
   90.0  0.147E-06 0.609E-09 0.196E-10

 Z und A Mittelwerte    
   E*/MeV     MW.Z  St.Abw.Z      MW.A  St.Abw.A
    88.0     83.00      0.07    186.82      0.59
    89.0     83.00      0.07    186.78      0.61
    90.0     83.00      0.07    186.73      0.63
                                                                        
           



 Ende HIVAP 
