          Programm HIVAP,  Autor  W.Reisdorf   Version fuer "rzri6f" vom  7. 6. 1994

           Bearbeitung F.P.Heﬂberger
           
   90Zr 103Rh 193At IFUS10 barfac0.41 sigr3.0 26/04/2024 16:00 Sitarcik 
           

 Unterprogramm SEPENF
 Q-Wert  -176.768 MeV
 Massen aus der Datei "mlz.dat" 

         Exp. Schaleneffekte,  SHELL0=    0.00
          At  184   At  185   At  186   At  187   At  188   At  189   At  190   At  191   At  192   At  193
             -0.96     -0.15     -0.95     -0.13     -0.92     -0.10     -0.88     -0.07     -0.87     -0.14
          Po  183   Po  184   Po  185   Po  186   Po  187   Po  188   Po  189   Po  190   Po  191   Po  192
             -0.41      0.51     -0.23      0.60     -0.21      0.55     -0.34      0.34     -0.63     -0.03

           BARFAC=   0.410      BAR0=   0.000

          Separationsenergien (BN,BP,BA) und Spaltbarrieren
          At  184   At  185   At  186   At  187   At  188   At  189   At  190   At  191   At  192   At  193
             10.83     12.24     10.41     11.81     10.00     11.40      9.60     11.01      9.25     10.70
             -2.63     -2.25     -1.92     -1.64     -1.40     -1.20     -1.04     -0.93     -0.82     -0.71
             -9.93     -9.63     -9.36     -9.14     -8.96     -8.83     -8.72     -8.66     -8.59     -8.53
              2.94      2.22      3.11      2.39      3.26      2.53      3.39      2.66      3.55      2.89
             -1.62     -0.81     -1.61     -0.80     -1.60     -0.80     -1.60     -0.80     -1.59     -0.79
          Po  183   Po  184   Po  185   Po  186   Po  187   Po  188   Po  189   Po  190   Po  191   Po  192
             10.41     11.86     10.08     11.54      9.75     11.20      9.44     10.89      9.14     10.58
             -1.08     -0.82     -0.54     -0.28     -0.02      0.24      0.50      0.75      1.01      1.26
            -10.16     -9.96     -9.74     -9.53     -9.32     -9.12     -8.90     -8.69     -8.47     -8.26
              2.75      1.92      2.75      2.01      2.90      2.22      3.19      2.64      3.73      3.25
             -0.81      0.00     -0.81      0.00     -0.80      0.00     -0.80      0.00     -0.80      0.00

 benutzter Q-Wert  -176.768 MeV    effektiver Q-Wert  -176.768 MeV

 HIVAP  CASOUT

   90Zr 103Rh 193At IFUS10 barfac0.41 sigr3.0 26/04/2024 16:00 Sitarcik 


     E_lab  A*MeV   E*/MeV     SI_fus      SI_VR     SI_Spalt  L_krit     b_Spalt

   346.215    3.85     8.0  0.7449E-04  0.1099E-07  0.7448E-04     0.0       99.99
   348.089    3.87     9.0  0.3763E-03  0.4132E-07  0.3763E-03     0.0       99.99
   349.963    3.89    10.0  0.1798E-02  0.1946E-06  0.1798E-02     0.0       99.99
   351.837    3.91    11.0  0.7419E-02  0.7531E-06  0.7418E-02     0.0       99.99
   353.711    3.93    12.0  0.2405E-01  0.2044E-05  0.2404E-01     0.0       99.99
   355.584    3.95    13.0  0.6101E-01  0.4480E-05  0.6100E-01     0.0       99.99
   357.458    3.97    14.0  0.1312E+00  0.9361E-05  0.1311E+00     0.0       99.99
   359.332    3.99    15.0  0.2565E+00  0.1942E-04  0.2565E+00     0.0       99.99
   361.206    4.01    16.0  0.4634E+00  0.2925E-04  0.4634E+00     0.0       99.99
   363.079    4.03    17.0  0.7859E+00  0.3261E-04  0.7859E+00     0.0       99.99
   364.953    4.06    18.0  0.1268E+01  0.3119E-04  0.1268E+01     0.0       99.99
   366.827    4.08    19.0  0.1962E+01  0.2739E-04  0.1962E+01     0.0       99.99
   368.701    4.10    20.0  0.2938E+01  0.2263E-04  0.2938E+01     0.0       99.99
   370.575    4.12    21.0  0.4270E+01  0.1858E-04  0.4269E+01     0.0       99.99
   372.448    4.14    22.0  0.6047E+01  0.1583E-04  0.6046E+01     0.0       99.99
   374.322    4.16    23.0  0.8351E+01  0.1441E-04  0.8350E+01     0.0       99.99

     Querschnitte / mbarn

  E*/MeV   184At     185At     186At     187At     188At     189At     190At     191At     192At     193At  
     8.0 0.000E+00 0.000E+00 0.000E+00 0.000E+00 0.000E+00 0.000E+00 0.000E+00 0.000E+00 0.000E+00 0.765E-08
     9.0 0.000E+00 0.000E+00 0.000E+00 0.000E+00 0.000E+00 0.000E+00 0.000E+00 0.000E+00 0.000E+00 0.134E-07
    10.0 0.000E+00 0.000E+00 0.000E+00 0.000E+00 0.000E+00 0.000E+00 0.000E+00 0.000E+00 0.000E+00 0.221E-07
    11.0 0.000E+00 0.000E+00 0.000E+00 0.000E+00 0.000E+00 0.000E+00 0.000E+00 0.000E+00 0.170E-08 0.284E-07
    12.0 0.000E+00 0.000E+00 0.000E+00 0.000E+00 0.000E+00 0.000E+00 0.000E+00 0.000E+00 0.846E-07 0.345E-07
    13.0 0.000E+00 0.000E+00 0.000E+00 0.000E+00 0.000E+00 0.000E+00 0.000E+00 0.000E+00 0.105E-05 0.376E-07
    14.0 0.000E+00 0.000E+00 0.000E+00 0.000E+00 0.000E+00 0.000E+00 0.000E+00 0.000E+00 0.484E-05 0.409E-07
    15.0 0.000E+00 0.000E+00 0.000E+00 0.000E+00 0.000E+00 0.000E+00 0.000E+00 0.000E+00 0.144E-04 0.453E-07
    16.0 0.000E+00 0.000E+00 0.000E+00 0.000E+00 0.000E+00 0.000E+00 0.000E+00 0.000E+00 0.244E-04 0.485E-07
    17.0 0.000E+00 0.000E+00 0.000E+00 0.000E+00 0.000E+00 0.000E+00 0.000E+00 0.000E+00 0.283E-04 0.518E-07
    18.0 0.000E+00 0.000E+00 0.000E+00 0.000E+00 0.000E+00 0.000E+00 0.000E+00 0.000E+00 0.276E-04 0.596E-07
    19.0 0.000E+00 0.000E+00 0.000E+00 0.000E+00 0.000E+00 0.000E+00 0.000E+00 0.000E+00 0.245E-04 0.642E-07
    20.0 0.000E+00 0.000E+00 0.000E+00 0.000E+00 0.000E+00 0.000E+00 0.000E+00 0.000E+00 0.202E-04 0.526E-07
    21.0 0.000E+00 0.000E+00 0.000E+00 0.000E+00 0.000E+00 0.000E+00 0.000E+00 0.486E-09 0.161E-04 0.000E+00
    22.0 0.000E+00 0.000E+00 0.000E+00 0.000E+00 0.000E+00 0.000E+00 0.000E+00 0.129E-07 0.125E-04 0.000E+00
    23.0 0.000E+00 0.000E+00 0.000E+00 0.000E+00 0.000E+00 0.000E+00 0.000E+00 0.998E-07 0.937E-05 0.000E+00

  E*/MeV   183Po     184Po     185Po     186Po     187Po     188Po     189Po     190Po     191Po     192Po  
     8.0 0.000E+00 0.000E+00 0.000E+00 0.000E+00 0.000E+00 0.000E+00 0.000E+00 0.000E+00 0.000E+00 0.335E-08
     9.0 0.000E+00 0.000E+00 0.000E+00 0.000E+00 0.000E+00 0.000E+00 0.000E+00 0.000E+00 0.000E+00 0.279E-07
    10.0 0.000E+00 0.000E+00 0.000E+00 0.000E+00 0.000E+00 0.000E+00 0.000E+00 0.000E+00 0.000E+00 0.172E-06
    11.0 0.000E+00 0.000E+00 0.000E+00 0.000E+00 0.000E+00 0.000E+00 0.000E+00 0.000E+00 0.000E+00 0.723E-06
    12.0 0.000E+00 0.000E+00 0.000E+00 0.000E+00 0.000E+00 0.000E+00 0.000E+00 0.000E+00 0.000E+00 0.192E-05
    13.0 0.000E+00 0.000E+00 0.000E+00 0.000E+00 0.000E+00 0.000E+00 0.000E+00 0.000E+00 0.000E+00 0.339E-05
    14.0 0.000E+00 0.000E+00 0.000E+00 0.000E+00 0.000E+00 0.000E+00 0.000E+00 0.000E+00 0.000E+00 0.448E-05
    15.0 0.000E+00 0.000E+00 0.000E+00 0.000E+00 0.000E+00 0.000E+00 0.000E+00 0.000E+00 0.332E-11 0.495E-05
    16.0 0.000E+00 0.000E+00 0.000E+00 0.000E+00 0.000E+00 0.000E+00 0.000E+00 0.000E+00 0.248E-09 0.480E-05
    17.0 0.000E+00 0.000E+00 0.000E+00 0.000E+00 0.000E+00 0.000E+00 0.000E+00 0.000E+00 0.264E-08 0.423E-05
    18.0 0.000E+00 0.000E+00 0.000E+00 0.000E+00 0.000E+00 0.000E+00 0.000E+00 0.000E+00 0.169E-07 0.350E-05
    19.0 0.000E+00 0.000E+00 0.000E+00 0.000E+00 0.000E+00 0.000E+00 0.000E+00 0.000E+00 0.827E-07 0.278E-05
    20.0 0.000E+00 0.000E+00 0.000E+00 0.000E+00 0.000E+00 0.000E+00 0.000E+00 0.000E+00 0.303E-06 0.213E-05
    21.0 0.000E+00 0.000E+00 0.000E+00 0.000E+00 0.000E+00 0.000E+00 0.000E+00 0.000E+00 0.887E-06 0.159E-05
    22.0 0.000E+00 0.000E+00 0.000E+00 0.000E+00 0.000E+00 0.000E+00 0.000E+00 0.000E+00 0.211E-05 0.117E-05
    23.0 0.000E+00 0.000E+00 0.000E+00 0.000E+00 0.000E+00 0.000E+00 0.000E+00 0.000E+00 0.409E-05 0.854E-06

 HIVAP  CASOUT

   90Zr 103Rh 193At IFUS10 barfac0.41 sigr3.0 26/04/2024 16:00 Sitarcik 


     E_lab  A*MeV   E*/MeV     SI_fus      SI_VR     SI_Spalt  L_krit     b_Spalt

   376.196    4.18    24.0  0.1126E+02  0.1428E-04  0.1126E+02     0.0       99.98
   378.070    4.20    25.0  0.1487E+02  0.1514E-04  0.1486E+02    17.0       99.98
   379.944    4.22    26.0  0.1924E+02  0.1556E-04  0.1924E+02    24.0       99.98
   381.817    4.24    27.0  0.2444E+02  0.1517E-04  0.2443E+02    30.0       99.97
   383.691    4.26    28.0  0.3051E+02  0.1388E-04  0.3050E+02    65.0       99.97
   385.565    4.28    29.0  0.3748E+02  0.1196E-04  0.3746E+02    65.0       99.96
   387.439    4.30    30.0  0.4533E+02  0.9772E-05  0.4531E+02    65.0       99.96
   389.313    4.33    31.0  0.5406E+02  0.7410E-05  0.5403E+02    65.0       99.95
   391.186    4.35    32.0  0.6359E+02  0.5375E-05  0.6356E+02    65.0       99.95
   393.060    4.37    33.0  0.7384E+02  0.3801E-05  0.7379E+02    65.0       99.94
   394.934    4.39    34.0  0.8471E+02  0.2657E-05  0.8466E+02    65.0       99.94
   396.808    4.41    35.0  0.9602E+02  0.1859E-05  0.9596E+02    65.0       99.93
   398.681    4.43    36.0  0.1077E+03  0.1324E-05  0.1076E+03    65.0       99.92
   400.555    4.45    37.0  0.1195E+03  0.9700E-06  0.1194E+03    65.0       99.92
   402.429    4.47    38.0  0.1313E+03  0.7386E-06  0.1312E+03    65.0       99.91
   404.303    4.49    39.0  0.1430E+03  0.5833E-06  0.1429E+03    65.0       99.90

     Querschnitte / mbarn

  E*/MeV   184At     185At     186At     187At     188At     189At     190At     191At     192At     193At  
    24.0 0.000E+00 0.000E+00 0.000E+00 0.000E+00 0.000E+00 0.000E+00 0.000E+00 0.372E-06 0.667E-05 0.000E+00
    25.0 0.000E+00 0.000E+00 0.000E+00 0.000E+00 0.000E+00 0.000E+00 0.000E+00 0.840E-06 0.479E-05 0.000E+00
    26.0 0.000E+00 0.000E+00 0.000E+00 0.000E+00 0.000E+00 0.000E+00 0.000E+00 0.126E-05 0.327E-05 0.000E+00
    27.0 0.000E+00 0.000E+00 0.000E+00 0.000E+00 0.000E+00 0.000E+00 0.000E+00 0.147E-05 0.229E-05 0.000E+00
    28.0 0.000E+00 0.000E+00 0.000E+00 0.000E+00 0.000E+00 0.000E+00 0.000E+00 0.146E-05 0.172E-05 0.000E+00
    29.0 0.000E+00 0.000E+00 0.000E+00 0.000E+00 0.000E+00 0.000E+00 0.000E+00 0.130E-05 0.140E-05 0.000E+00
    30.0 0.000E+00 0.000E+00 0.000E+00 0.000E+00 0.000E+00 0.000E+00 0.000E+00 0.106E-05 0.120E-05 0.000E+00
    31.0 0.000E+00 0.000E+00 0.000E+00 0.000E+00 0.000E+00 0.000E+00 0.000E+00 0.805E-06 0.793E-06 0.000E+00
    32.0 0.000E+00 0.000E+00 0.000E+00 0.000E+00 0.000E+00 0.000E+00 0.217E-11 0.584E-06 0.472E-06 0.000E+00
    33.0 0.000E+00 0.000E+00 0.000E+00 0.000E+00 0.000E+00 0.000E+00 0.648E-10 0.409E-06 0.263E-06 0.000E+00
    34.0 0.000E+00 0.000E+00 0.000E+00 0.000E+00 0.000E+00 0.000E+00 0.677E-09 0.278E-06 0.139E-06 0.000E+00
    35.0 0.000E+00 0.000E+00 0.000E+00 0.000E+00 0.000E+00 0.000E+00 0.373E-08 0.185E-06 0.726E-07 0.000E+00
    36.0 0.000E+00 0.000E+00 0.000E+00 0.000E+00 0.000E+00 0.000E+00 0.132E-07 0.121E-06 0.377E-07 0.000E+00
    37.0 0.000E+00 0.000E+00 0.000E+00 0.000E+00 0.000E+00 0.000E+00 0.334E-07 0.784E-07 0.200E-07 0.000E+00
    38.0 0.000E+00 0.000E+00 0.000E+00 0.000E+00 0.000E+00 0.000E+00 0.639E-07 0.506E-07 0.105E-07 0.000E+00
    39.0 0.000E+00 0.000E+00 0.000E+00 0.000E+00 0.000E+00 0.000E+00 0.960E-07 0.325E-07 0.546E-08 0.000E+00

  E*/MeV   183Po     184Po     185Po     186Po     187Po     188Po     189Po     190Po     191Po     192Po  
    24.0 0.000E+00 0.000E+00 0.000E+00 0.000E+00 0.000E+00 0.000E+00 0.000E+00 0.000E+00 0.660E-05 0.642E-06
    25.0 0.000E+00 0.000E+00 0.000E+00 0.000E+00 0.000E+00 0.000E+00 0.000E+00 0.000E+00 0.901E-05 0.498E-06
    26.0 0.000E+00 0.000E+00 0.000E+00 0.000E+00 0.000E+00 0.000E+00 0.000E+00 0.703E-11 0.106E-04 0.394E-06
    27.0 0.000E+00 0.000E+00 0.000E+00 0.000E+00 0.000E+00 0.000E+00 0.000E+00 0.698E-10 0.111E-04 0.298E-06
    28.0 0.000E+00 0.000E+00 0.000E+00 0.000E+00 0.000E+00 0.000E+00 0.000E+00 0.459E-09 0.105E-04 0.208E-06
    29.0 0.000E+00 0.000E+00 0.000E+00 0.000E+00 0.000E+00 0.000E+00 0.000E+00 0.218E-08 0.913E-05 0.133E-06
    30.0 0.000E+00 0.000E+00 0.000E+00 0.000E+00 0.000E+00 0.000E+00 0.000E+00 0.776E-08 0.743E-05 0.790E-07
    31.0 0.000E+00 0.000E+00 0.000E+00 0.000E+00 0.000E+00 0.000E+00 0.000E+00 0.216E-07 0.574E-05 0.448E-07
    32.0 0.000E+00 0.000E+00 0.000E+00 0.000E+00 0.000E+00 0.000E+00 0.000E+00 0.484E-07 0.425E-05 0.237E-07
    33.0 0.000E+00 0.000E+00 0.000E+00 0.000E+00 0.000E+00 0.000E+00 0.000E+00 0.893E-07 0.303E-05 0.122E-07
    34.0 0.000E+00 0.000E+00 0.000E+00 0.000E+00 0.000E+00 0.000E+00 0.000E+00 0.139E-06 0.209E-05 0.656E-08
    35.0 0.000E+00 0.000E+00 0.000E+00 0.000E+00 0.000E+00 0.000E+00 0.000E+00 0.186E-06 0.141E-05 0.000E+00
    36.0 0.000E+00 0.000E+00 0.000E+00 0.000E+00 0.000E+00 0.000E+00 0.000E+00 0.220E-06 0.931E-06 0.000E+00
    37.0 0.000E+00 0.000E+00 0.000E+00 0.000E+00 0.000E+00 0.000E+00 0.131E-12 0.234E-06 0.604E-06 0.000E+00
    38.0 0.000E+00 0.000E+00 0.000E+00 0.000E+00 0.000E+00 0.000E+00 0.120E-11 0.228E-06 0.385E-06 0.000E+00
    39.0 0.000E+00 0.000E+00 0.000E+00 0.000E+00 0.000E+00 0.000E+00 0.742E-11 0.206E-06 0.243E-06 0.000E+00

 HIVAP  CASOUT

   90Zr 103Rh 193At IFUS10 barfac0.41 sigr3.0 26/04/2024 16:00 Sitarcik 


     E_lab  A*MeV   E*/MeV     SI_fus      SI_VR     SI_Spalt  L_krit     b_Spalt

   406.177    4.51    40.0  0.1544E+03  0.4676E-06  0.1542E+03    65.0       99.89
   408.050    4.53    41.0  0.1653E+03  0.3789E-06  0.1651E+03    65.0       99.88
   409.924    4.55    42.0  0.1757E+03  0.3032E-06  0.1755E+03    65.0       99.87
   411.798    4.58    43.0  0.1854E+03  0.2377E-06  0.1852E+03    65.0       99.86
   413.672    4.60    44.0  0.1944E+03  0.1825E-06  0.1942E+03    65.0       99.85
   415.546    4.62    45.0  0.2026E+03  0.1376E-06  0.2023E+03    65.0       99.84
   417.419    4.64    46.0  0.2100E+03  0.1013E-06  0.2096E+03    65.0       99.83
   419.293    4.66    47.0  0.2165E+03  0.7854E-07  0.2161E+03    65.0       99.82
   421.167    4.68    48.0  0.2222E+03  0.6217E-07  0.2218E+03    65.0       99.80
   423.041    4.70    49.0  0.2271E+03  0.5145E-07  0.2266E+03    65.0       99.79
   424.914    4.72    50.0  0.2311E+03  0.4374E-07  0.2306E+03    65.0       99.77
   426.788    4.74    51.0  0.2345E+03  0.3780E-07  0.2340E+03    65.0       99.76
   428.662    4.76    52.0  0.2372E+03  0.3280E-07  0.2366E+03    65.0       99.74
   430.536    4.78    53.0  0.2393E+03  0.2826E-07  0.2386E+03    65.0       99.72
   432.410    4.80    54.0  0.2409E+03  0.2399E-07  0.2401E+03    65.0       99.70
   434.283    4.83    55.0  0.2419E+03  0.1987E-07  0.2412E+03    65.0       99.68

     Querschnitte / mbarn

  E*/MeV   184At     185At     186At     187At     188At     189At     190At     191At     192At     193At  
    40.0 0.000E+00 0.000E+00 0.000E+00 0.000E+00 0.000E+00 0.000E+00 0.120E-06 0.207E-07 0.000E+00 0.000E+00
    41.0 0.000E+00 0.000E+00 0.000E+00 0.000E+00 0.000E+00 0.000E+00 0.131E-06 0.130E-07 0.000E+00 0.000E+00
    42.0 0.000E+00 0.000E+00 0.000E+00 0.000E+00 0.000E+00 0.000E+00 0.129E-06 0.804E-08 0.000E+00 0.000E+00
    43.0 0.000E+00 0.000E+00 0.000E+00 0.000E+00 0.000E+00 0.164E-12 0.116E-06 0.453E-08 0.000E+00 0.000E+00
    44.0 0.000E+00 0.000E+00 0.000E+00 0.000E+00 0.000E+00 0.184E-11 0.988E-07 0.203E-08 0.000E+00 0.000E+00
    45.0 0.000E+00 0.000E+00 0.000E+00 0.000E+00 0.000E+00 0.116E-10 0.798E-07 0.862E-09 0.000E+00 0.000E+00
    46.0 0.000E+00 0.000E+00 0.000E+00 0.000E+00 0.000E+00 0.467E-10 0.618E-07 0.422E-09 0.000E+00 0.000E+00
    47.0 0.000E+00 0.000E+00 0.000E+00 0.000E+00 0.000E+00 0.130E-09 0.464E-07 0.263E-09 0.000E+00 0.000E+00
    48.0 0.000E+00 0.000E+00 0.000E+00 0.000E+00 0.000E+00 0.275E-09 0.339E-07 0.000E+00 0.000E+00 0.000E+00
    49.0 0.000E+00 0.000E+00 0.000E+00 0.000E+00 0.000E+00 0.465E-09 0.242E-07 0.000E+00 0.000E+00 0.000E+00
    50.0 0.000E+00 0.000E+00 0.000E+00 0.000E+00 0.000E+00 0.668E-09 0.170E-07 0.000E+00 0.000E+00 0.000E+00
    51.0 0.000E+00 0.000E+00 0.000E+00 0.000E+00 0.000E+00 0.842E-09 0.117E-07 0.000E+00 0.000E+00 0.000E+00
    52.0 0.000E+00 0.000E+00 0.000E+00 0.000E+00 0.000E+00 0.959E-09 0.802E-08 0.000E+00 0.000E+00 0.000E+00
    53.0 0.000E+00 0.000E+00 0.000E+00 0.000E+00 0.000E+00 0.101E-08 0.544E-08 0.000E+00 0.000E+00 0.000E+00
    54.0 0.000E+00 0.000E+00 0.000E+00 0.000E+00 0.000E+00 0.989E-09 0.366E-08 0.000E+00 0.000E+00 0.000E+00
    55.0 0.000E+00 0.000E+00 0.000E+00 0.000E+00 0.103E-14 0.921E-09 0.245E-08 0.000E+00 0.000E+00 0.000E+00

  E*/MeV   183Po     184Po     185Po     186Po     187Po     188Po     189Po     190Po     191Po     192Po  
    40.0 0.000E+00 0.000E+00 0.000E+00 0.000E+00 0.000E+00 0.000E+00 0.350E-10 0.176E-06 0.151E-06 0.000E+00
    41.0 0.000E+00 0.000E+00 0.000E+00 0.000E+00 0.000E+00 0.000E+00 0.132E-09 0.142E-06 0.930E-07 0.000E+00
    42.0 0.000E+00 0.000E+00 0.000E+00 0.000E+00 0.000E+00 0.000E+00 0.410E-09 0.110E-06 0.564E-07 0.000E+00
    43.0 0.000E+00 0.000E+00 0.000E+00 0.000E+00 0.000E+00 0.000E+00 0.106E-08 0.821E-07 0.337E-07 0.000E+00
    44.0 0.000E+00 0.000E+00 0.000E+00 0.000E+00 0.000E+00 0.000E+00 0.234E-08 0.595E-07 0.199E-07 0.000E+00
    45.0 0.000E+00 0.000E+00 0.000E+00 0.000E+00 0.000E+00 0.000E+00 0.444E-08 0.421E-07 0.104E-07 0.000E+00
    46.0 0.000E+00 0.000E+00 0.000E+00 0.000E+00 0.000E+00 0.000E+00 0.741E-08 0.292E-07 0.242E-08 0.000E+00
    47.0 0.000E+00 0.000E+00 0.000E+00 0.000E+00 0.000E+00 0.000E+00 0.110E-07 0.199E-07 0.904E-09 0.000E+00
    48.0 0.000E+00 0.000E+00 0.000E+00 0.000E+00 0.000E+00 0.000E+00 0.147E-07 0.133E-07 0.000E+00 0.000E+00
    49.0 0.000E+00 0.000E+00 0.000E+00 0.000E+00 0.000E+00 0.121E-13 0.180E-07 0.884E-08 0.000E+00 0.000E+00
    50.0 0.000E+00 0.000E+00 0.000E+00 0.000E+00 0.000E+00 0.700E-13 0.203E-07 0.580E-08 0.000E+00 0.000E+00
    51.0 0.000E+00 0.000E+00 0.000E+00 0.000E+00 0.000E+00 0.314E-12 0.215E-07 0.376E-08 0.000E+00 0.000E+00
    52.0 0.000E+00 0.000E+00 0.000E+00 0.000E+00 0.000E+00 0.113E-11 0.214E-07 0.241E-08 0.000E+00 0.000E+00
    53.0 0.000E+00 0.000E+00 0.000E+00 0.000E+00 0.000E+00 0.335E-11 0.203E-07 0.149E-08 0.000E+00 0.000E+00
    54.0 0.000E+00 0.000E+00 0.000E+00 0.000E+00 0.000E+00 0.838E-11 0.185E-07 0.863E-09 0.000E+00 0.000E+00
    55.0 0.000E+00 0.000E+00 0.000E+00 0.000E+00 0.000E+00 0.180E-10 0.162E-07 0.315E-09 0.000E+00 0.000E+00

 HIVAP  CASOUT

   90Zr 103Rh 193At IFUS10 barfac0.41 sigr3.0 26/04/2024 16:00 Sitarcik 


     E_lab  A*MeV   E*/MeV     SI_fus      SI_VR     SI_Spalt  L_krit     b_Spalt

   436.157    4.85    56.0  0.2426E+03  0.1620E-07  0.2418E+03    65.0       99.65
   438.031    4.87    57.0  0.2429E+03  0.1315E-07  0.2420E+03    65.0       99.63
   439.905    4.89    58.0  0.2430E+03  0.1048E-07  0.2420E+03    65.0       99.60
   441.779    4.91    59.0  0.2428E+03  0.8230E-08  0.2418E+03    65.0       99.58
   443.652    4.93    60.0  0.2424E+03  0.6373E-08  0.2413E+03    65.0       99.55
   445.526    4.95    61.0  0.2419E+03  0.4876E-08  0.2407E+03    65.0       99.52
   447.400    4.97    62.0  0.2412E+03  0.3675E-08  0.2400E+03    65.0       99.49
   449.274    4.99    63.0  0.2404E+03  0.2771E-08  0.2391E+03    65.0       99.46
   451.147    5.01    64.0  0.2396E+03  0.2112E-08  0.2382E+03    65.0       99.42
   453.021    5.03    65.0  0.2387E+03  0.1612E-08  0.2373E+03    65.0       99.39
   454.895    5.05    66.0  0.2378E+03  0.1230E-08  0.2363E+03    65.0       99.35
   456.769    5.08    67.0  0.2369E+03  0.9479E-09  0.2353E+03    65.0       99.32
   458.643    5.10    68.0  0.2360E+03  0.7330E-09  0.2343E+03    65.0       99.28
   460.516    5.12    69.0  0.2350E+03  0.5711E-09  0.2332E+03    65.0       99.24
   462.390    5.14    70.0  0.2341E+03  0.4431E-09  0.2322E+03    65.0       99.20
   464.264    5.16    71.0  0.2331E+03  0.3449E-09  0.2312E+03    65.0       99.16

     Querschnitte / mbarn

  E*/MeV   184At     185At     186At     187At     188At     189At     190At     191At     192At     193At  
    56.0 0.000E+00 0.000E+00 0.000E+00 0.000E+00 0.105E-13 0.820E-09 0.163E-08 0.000E+00 0.000E+00 0.000E+00
    57.0 0.000E+00 0.000E+00 0.000E+00 0.000E+00 0.708E-13 0.703E-09 0.108E-08 0.000E+00 0.000E+00 0.000E+00
    58.0 0.000E+00 0.000E+00 0.000E+00 0.000E+00 0.339E-12 0.585E-09 0.710E-09 0.000E+00 0.000E+00 0.000E+00
    59.0 0.000E+00 0.000E+00 0.000E+00 0.000E+00 0.122E-11 0.473E-09 0.462E-09 0.000E+00 0.000E+00 0.000E+00
    60.0 0.000E+00 0.000E+00 0.000E+00 0.000E+00 0.347E-11 0.374E-09 0.293E-09 0.000E+00 0.000E+00 0.000E+00
    61.0 0.000E+00 0.000E+00 0.000E+00 0.000E+00 0.799E-11 0.290E-09 0.173E-09 0.000E+00 0.000E+00 0.000E+00
    62.0 0.000E+00 0.000E+00 0.000E+00 0.000E+00 0.155E-10 0.221E-09 0.656E-10 0.000E+00 0.000E+00 0.000E+00
    63.0 0.000E+00 0.000E+00 0.000E+00 0.000E+00 0.259E-10 0.166E-09 0.150E-10 0.000E+00 0.000E+00 0.000E+00
    64.0 0.000E+00 0.000E+00 0.000E+00 0.000E+00 0.384E-10 0.123E-09 0.104E-10 0.000E+00 0.000E+00 0.000E+00
    65.0 0.000E+00 0.000E+00 0.000E+00 0.000E+00 0.516E-10 0.906E-10 0.718E-11 0.000E+00 0.000E+00 0.000E+00
    66.0 0.000E+00 0.000E+00 0.000E+00 0.917E-17 0.638E-10 0.660E-10 0.000E+00 0.000E+00 0.000E+00 0.000E+00
    67.0 0.000E+00 0.000E+00 0.000E+00 0.787E-16 0.737E-10 0.477E-10 0.000E+00 0.000E+00 0.000E+00 0.000E+00
    68.0 0.000E+00 0.000E+00 0.000E+00 0.479E-15 0.803E-10 0.342E-10 0.000E+00 0.000E+00 0.000E+00 0.000E+00
    69.0 0.000E+00 0.000E+00 0.000E+00 0.217E-14 0.833E-10 0.244E-10 0.000E+00 0.000E+00 0.000E+00 0.000E+00
    70.0 0.000E+00 0.000E+00 0.000E+00 0.759E-14 0.828E-10 0.171E-10 0.000E+00 0.000E+00 0.000E+00 0.000E+00
    71.0 0.000E+00 0.000E+00 0.000E+00 0.213E-13 0.793E-10 0.118E-10 0.000E+00 0.000E+00 0.000E+00 0.000E+00

  E*/MeV   183Po     184Po     185Po     186Po     187Po     188Po     189Po     190Po     191Po     192Po  
    56.0 0.000E+00 0.000E+00 0.000E+00 0.000E+00 0.000E+00 0.338E-10 0.137E-07 0.000E+00 0.000E+00 0.000E+00
    57.0 0.000E+00 0.000E+00 0.000E+00 0.000E+00 0.000E+00 0.564E-10 0.113E-07 0.000E+00 0.000E+00 0.000E+00
    58.0 0.000E+00 0.000E+00 0.000E+00 0.000E+00 0.000E+00 0.849E-10 0.910E-08 0.000E+00 0.000E+00 0.000E+00
    59.0 0.000E+00 0.000E+00 0.000E+00 0.000E+00 0.000E+00 0.117E-09 0.718E-08 0.000E+00 0.000E+00 0.000E+00
    60.0 0.000E+00 0.000E+00 0.000E+00 0.000E+00 0.000E+00 0.149E-09 0.555E-08 0.000E+00 0.000E+00 0.000E+00
    61.0 0.000E+00 0.000E+00 0.000E+00 0.000E+00 0.000E+00 0.177E-09 0.423E-08 0.000E+00 0.000E+00 0.000E+00
    62.0 0.000E+00 0.000E+00 0.000E+00 0.000E+00 0.194E-14 0.198E-09 0.317E-08 0.000E+00 0.000E+00 0.000E+00
    63.0 0.000E+00 0.000E+00 0.000E+00 0.000E+00 0.844E-14 0.211E-09 0.235E-08 0.000E+00 0.000E+00 0.000E+00
    64.0 0.000E+00 0.000E+00 0.000E+00 0.000E+00 0.310E-13 0.214E-09 0.173E-08 0.000E+00 0.000E+00 0.000E+00
    65.0 0.000E+00 0.000E+00 0.000E+00 0.000E+00 0.977E-13 0.210E-09 0.125E-08 0.000E+00 0.000E+00 0.000E+00
    66.0 0.000E+00 0.000E+00 0.000E+00 0.000E+00 0.268E-12 0.198E-09 0.902E-09 0.000E+00 0.000E+00 0.000E+00
    67.0 0.000E+00 0.000E+00 0.000E+00 0.000E+00 0.648E-12 0.181E-09 0.644E-09 0.000E+00 0.000E+00 0.000E+00
    68.0 0.000E+00 0.000E+00 0.000E+00 0.000E+00 0.139E-11 0.162E-09 0.455E-09 0.000E+00 0.000E+00 0.000E+00
    69.0 0.000E+00 0.000E+00 0.000E+00 0.000E+00 0.270E-11 0.141E-09 0.320E-09 0.000E+00 0.000E+00 0.000E+00
    70.0 0.000E+00 0.000E+00 0.000E+00 0.000E+00 0.475E-11 0.120E-09 0.218E-09 0.000E+00 0.000E+00 0.000E+00
    71.0 0.000E+00 0.000E+00 0.000E+00 0.000E+00 0.767E-11 0.101E-09 0.146E-09 0.000E+00 0.000E+00 0.000E+00

 HIVAP  CASOUT

   90Zr 103Rh 193At IFUS10 barfac0.41 sigr3.0 26/04/2024 16:00 Sitarcik 


     E_lab  A*MeV   E*/MeV     SI_fus      SI_VR     SI_Spalt  L_krit     b_Spalt

   466.138    5.18    72.0  0.2322E+03  0.2695E-09  0.2301E+03    65.0       99.12
   468.012    5.20    73.0  0.2313E+03  0.2050E-09  0.2291E+03    65.0       99.08
   469.885    5.22    74.0  0.2303E+03  0.1485E-09  0.2281E+03    65.0       99.03
   471.759    5.24    75.0  0.2294E+03  0.1192E-09  0.2271E+03    65.0       98.99
   473.633    5.26    76.0  0.2285E+03  0.1071E-09  0.2261E+03    65.0       98.94
   475.507    5.28    77.0  0.2276E+03  0.9657E-10  0.2251E+03    65.0       98.89
   477.380    5.30    78.0  0.2267E+03  0.8745E-10  0.2241E+03    65.0       98.84
   479.254    5.33    79.0  0.2258E+03  0.7924E-10  0.2231E+03    65.0       98.79
   481.128    5.35    80.0  0.2250E+03  0.7173E-10  0.2221E+03    65.0       98.74
   483.002    5.37    81.0  0.2241E+03  0.6454E-10  0.2211E+03    65.0       98.69
   484.876    5.39    82.0  0.2232E+03  0.5766E-10  0.2202E+03    65.0       98.64
   486.749    5.41    83.0  0.2224E+03  0.5063E-10  0.2192E+03    65.0       98.58
   488.623    5.43    84.0  0.2215E+03  0.4361E-10  0.2182E+03    65.0       98.53
   490.497    5.45    85.0  0.2207E+03  0.3797E-10  0.2173E+03    65.0       98.47
   492.371    5.47    86.0  0.2198E+03  0.3296E-10  0.2163E+03    65.0       98.42
   494.245    5.49    87.0  0.2190E+03  0.2856E-10  0.2154E+03    65.0       98.36

     Querschnitte / mbarn

  E*/MeV   184At     185At     186At     187At     188At     189At     190At     191At     192At     193At  
    72.0 0.000E+00 0.000E+00 0.000E+00 0.494E-13 0.736E-10 0.753E-11 0.000E+00 0.000E+00 0.000E+00 0.000E+00
    73.0 0.000E+00 0.000E+00 0.000E+00 0.984E-13 0.665E-10 0.429E-11 0.000E+00 0.000E+00 0.000E+00 0.000E+00
    74.0 0.000E+00 0.000E+00 0.000E+00 0.172E-12 0.586E-10 0.111E-11 0.000E+00 0.000E+00 0.000E+00 0.000E+00
    75.0 0.000E+00 0.000E+00 0.000E+00 0.270E-12 0.506E-10 0.000E+00 0.000E+00 0.000E+00 0.000E+00 0.000E+00
    76.0 0.000E+00 0.000E+00 0.000E+00 0.387E-12 0.429E-10 0.000E+00 0.000E+00 0.000E+00 0.000E+00 0.000E+00
    77.0 0.000E+00 0.000E+00 0.000E+00 0.515E-12 0.357E-10 0.000E+00 0.000E+00 0.000E+00 0.000E+00 0.000E+00
    78.0 0.000E+00 0.000E+00 0.000E+00 0.642E-12 0.293E-10 0.000E+00 0.000E+00 0.000E+00 0.000E+00 0.000E+00
    79.0 0.000E+00 0.000E+00 0.000E+00 0.758E-12 0.238E-10 0.000E+00 0.000E+00 0.000E+00 0.000E+00 0.000E+00
    80.0 0.000E+00 0.000E+00 0.000E+00 0.852E-12 0.190E-10 0.000E+00 0.000E+00 0.000E+00 0.000E+00 0.000E+00
    81.0 0.000E+00 0.000E+00 0.778E-17 0.918E-12 0.151E-10 0.000E+00 0.000E+00 0.000E+00 0.000E+00 0.000E+00
    82.0 0.000E+00 0.000E+00 0.349E-16 0.955E-12 0.119E-10 0.000E+00 0.000E+00 0.000E+00 0.000E+00 0.000E+00
    83.0 0.000E+00 0.000E+00 0.127E-15 0.961E-12 0.927E-11 0.000E+00 0.000E+00 0.000E+00 0.000E+00 0.000E+00
    84.0 0.000E+00 0.000E+00 0.388E-15 0.940E-12 0.718E-11 0.000E+00 0.000E+00 0.000E+00 0.000E+00 0.000E+00
    85.0 0.000E+00 0.000E+00 0.101E-14 0.897E-12 0.553E-11 0.000E+00 0.000E+00 0.000E+00 0.000E+00 0.000E+00
    86.0 0.000E+00 0.000E+00 0.228E-14 0.837E-12 0.423E-11 0.000E+00 0.000E+00 0.000E+00 0.000E+00 0.000E+00
    87.0 0.000E+00 0.000E+00 0.460E-14 0.765E-12 0.321E-11 0.000E+00 0.000E+00 0.000E+00 0.000E+00 0.000E+00

  E*/MeV   183Po     184Po     185Po     186Po     187Po     188Po     189Po     190Po     191Po     192Po  
    72.0 0.000E+00 0.000E+00 0.000E+00 0.000E+00 0.115E-10 0.827E-10 0.941E-10 0.000E+00 0.000E+00 0.000E+00
    73.0 0.000E+00 0.000E+00 0.000E+00 0.957E-17 0.160E-10 0.670E-10 0.511E-10 0.000E+00 0.000E+00 0.000E+00
    74.0 0.000E+00 0.000E+00 0.000E+00 0.415E-16 0.210E-10 0.536E-10 0.140E-10 0.000E+00 0.000E+00 0.000E+00
    75.0 0.000E+00 0.000E+00 0.000E+00 0.152E-15 0.261E-10 0.423E-10 0.000E+00 0.000E+00 0.000E+00 0.000E+00
    76.0 0.000E+00 0.000E+00 0.000E+00 0.479E-15 0.308E-10 0.330E-10 0.000E+00 0.000E+00 0.000E+00 0.000E+00
    77.0 0.000E+00 0.000E+00 0.000E+00 0.132E-14 0.349E-10 0.254E-10 0.000E+00 0.000E+00 0.000E+00 0.000E+00
    78.0 0.000E+00 0.000E+00 0.000E+00 0.320E-14 0.380E-10 0.195E-10 0.000E+00 0.000E+00 0.000E+00 0.000E+00
    79.0 0.000E+00 0.000E+00 0.000E+00 0.695E-14 0.400E-10 0.147E-10 0.000E+00 0.000E+00 0.000E+00 0.000E+00
    80.0 0.000E+00 0.000E+00 0.000E+00 0.137E-13 0.408E-10 0.110E-10 0.000E+00 0.000E+00 0.000E+00 0.000E+00
    81.0 0.000E+00 0.000E+00 0.000E+00 0.247E-13 0.404E-10 0.804E-11 0.000E+00 0.000E+00 0.000E+00 0.000E+00
    82.0 0.000E+00 0.000E+00 0.000E+00 0.411E-13 0.391E-10 0.570E-11 0.000E+00 0.000E+00 0.000E+00 0.000E+00
    83.0 0.000E+00 0.000E+00 0.000E+00 0.638E-13 0.369E-10 0.340E-11 0.000E+00 0.000E+00 0.000E+00 0.000E+00
    84.0 0.000E+00 0.000E+00 0.000E+00 0.928E-13 0.342E-10 0.121E-11 0.000E+00 0.000E+00 0.000E+00 0.000E+00
    85.0 0.000E+00 0.000E+00 0.000E+00 0.128E-12 0.310E-10 0.373E-12 0.000E+00 0.000E+00 0.000E+00 0.000E+00
    86.0 0.000E+00 0.000E+00 0.000E+00 0.167E-12 0.277E-10 0.000E+00 0.000E+00 0.000E+00 0.000E+00 0.000E+00
    87.0 0.000E+00 0.000E+00 0.309E-17 0.208E-12 0.244E-10 0.000E+00 0.000E+00 0.000E+00 0.000E+00 0.000E+00

 HIVAP  CASOUT

   90Zr 103Rh 193At IFUS10 barfac0.41 sigr3.0 26/04/2024 16:00 Sitarcik 


     E_lab  A*MeV   E*/MeV     SI_fus      SI_VR     SI_Spalt  L_krit     b_Spalt

   496.118    5.51    88.0  0.2182E+03  0.2450E-10  0.2145E+03    65.0       98.30
   497.992    5.53    89.0  0.2173E+03  0.2081E-10  0.2135E+03    65.0       98.24
   499.866    5.55    90.0  0.2165E+03  0.1749E-10  0.2126E+03    65.0       98.18

     Querschnitte / mbarn

  E*/MeV   184At     185At     186At     187At     188At     189At     190At     191At     192At     193At  
    88.0 0.000E+00 0.000E+00 0.834E-14 0.686E-12 0.243E-11 0.000E+00 0.000E+00 0.000E+00 0.000E+00 0.000E+00
    89.0 0.000E+00 0.000E+00 0.138E-13 0.606E-12 0.182E-11 0.000E+00 0.000E+00 0.000E+00 0.000E+00 0.000E+00
    90.0 0.000E+00 0.000E+00 0.212E-13 0.527E-12 0.132E-11 0.000E+00 0.000E+00 0.000E+00 0.000E+00 0.000E+00

  E*/MeV   183Po     184Po     185Po     186Po     187Po     188Po     189Po     190Po     191Po     192Po  
    88.0 0.000E+00 0.000E+00 0.105E-16 0.249E-12 0.211E-10 0.000E+00 0.000E+00 0.000E+00 0.000E+00 0.000E+00
    89.0 0.000E+00 0.000E+00 0.319E-16 0.287E-12 0.181E-10 0.000E+00 0.000E+00 0.000E+00 0.000E+00 0.000E+00
    90.0 0.000E+00 0.000E+00 0.867E-16 0.320E-12 0.153E-10 0.000E+00 0.000E+00 0.000E+00 0.000E+00 0.000E+00
                                                                        
           



 Ende HIVAP 
