          Programm HIVAP,  Autor  W.Reisdorf   Version fuer "rzri6f" vom  7. 6. 1994

           Bearbeitung F.P.Heﬂberger
           
   93Nb 99Ru 192At IFUS10 barfac0.47 sigr3.0 26/04/2024 15:42 Sitarcik  
           

 Unterprogramm SEPENF
 Q-Wert  -177.443 MeV
 Massen aus der Datei "mlz.dat" 

         Exp. Schaleneffekte,  SHELL0=    0.00
          At  183   At  184   At  185   At  186   At  187   At  188   At  189   At  190   At  191   At  192
             -0.16     -0.96     -0.15     -0.95     -0.13     -0.92     -0.10     -0.88     -0.07     -0.87
          Po  182   Po  183   Po  184   Po  185   Po  186   Po  187   Po  188   Po  189   Po  190   Po  191
              0.25     -0.41      0.51     -0.23      0.60     -0.21      0.55     -0.34      0.34     -0.63

           BARFAC=   0.470      BAR0=   0.000

          Separationsenergien (BN,BP,BA) und Spaltbarrieren
          At  183   At  184   At  185   At  186   At  187   At  188   At  189   At  190   At  191   At  192
             12.65     10.83     12.24     10.41     11.81     10.00     11.40      9.60     11.01      9.25
             -3.05     -2.63     -2.25     -1.92     -1.64     -1.40     -1.20     -1.04     -0.93     -0.82
            -10.29     -9.93     -9.63     -9.36     -9.14     -8.96     -8.83     -8.72     -8.66     -8.59
              2.31      3.23      2.52      3.43      2.72      3.61      2.88      3.76      3.04      3.94
             -0.81     -1.62     -0.81     -1.61     -0.80     -1.60     -0.80     -1.60     -0.80     -1.59
          Po  182   Po  183   Po  184   Po  185   Po  186   Po  187   Po  188   Po  189   Po  190   Po  191
             12.21     10.41     11.86     10.08     11.54      9.75     11.20      9.44     10.89      9.14
             -1.35     -1.08     -0.82     -0.54     -0.28     -0.02      0.24      0.50      0.75      1.01
            -10.37    -10.16     -9.96     -9.74     -9.53     -9.32     -9.12     -8.90     -8.69     -8.47
              2.33      3.09      2.27      3.12      2.39      3.30      2.63      3.61      3.08      4.18
              0.00     -0.81      0.00     -0.81      0.00     -0.80      0.00     -0.80      0.00     -0.80

 benutzter Q-Wert  -177.443 MeV    effektiver Q-Wert  -177.443 MeV

 HIVAP  CASOUT

   93Nb 99Ru 192At IFUS10 barfac0.47 sigr3.0 26/04/2024 15:42 Sitarcik  


     E_lab  A*MeV   E*/MeV     SI_fus      SI_VR     SI_Spalt  L_krit     b_Spalt

   359.647    3.87     8.0  0.1378E-04  0.6995E-07  0.1371E-04     0.0       99.49
   361.587    3.89     9.0  0.7079E-04  0.8009E-07  0.7071E-04     0.0       99.89
   363.526    3.91    10.0  0.3534E-03  0.3881E-06  0.3531E-03     0.0       99.89
   365.466    3.93    11.0  0.1674E-02  0.1878E-05  0.1672E-02     0.0       99.89
   367.405    3.95    12.0  0.6929E-02  0.7281E-05  0.6922E-02     0.0       99.89
   369.344    3.97    13.0  0.2273E-01  0.1984E-04  0.2271E-01     0.0       99.91
   371.284    3.99    14.0  0.5918E-01  0.3613E-04  0.5914E-01     0.0       99.93
   373.223    4.01    15.0  0.1313E+00  0.4857E-04  0.1312E+00     0.0       99.96
   375.163    4.03    16.0  0.2639E+00  0.5461E-04  0.2638E+00     0.0       99.97
   377.102    4.05    17.0  0.4849E+00  0.5364E-04  0.4848E+00     0.0       99.98
   379.041    4.08    18.0  0.8351E+00  0.4779E-04  0.8349E+00     0.0       99.98
   380.981    4.10    19.0  0.1369E+01  0.3992E-04  0.1368E+01     0.0       99.98
   382.920    4.12    20.0  0.2149E+01  0.3241E-04  0.2148E+01     0.0       99.98
   384.860    4.14    21.0  0.3260E+01  0.2650E-04  0.3260E+01     0.0       99.97
   386.799    4.16    22.0  0.4784E+01  0.2253E-04  0.4782E+01     0.0       99.97
   388.738    4.18    23.0  0.6814E+01  0.2005E-04  0.6811E+01     0.0       99.96

     Querschnitte / mbarn

  E*/MeV   183At     184At     185At     186At     187At     188At     189At     190At     191At     192At  
     8.0 0.000E+00 0.000E+00 0.000E+00 0.000E+00 0.000E+00 0.000E+00 0.000E+00 0.000E+00 0.000E+00 0.639E-07
     9.0 0.000E+00 0.000E+00 0.000E+00 0.000E+00 0.000E+00 0.000E+00 0.000E+00 0.000E+00 0.000E+00 0.302E-07
    10.0 0.000E+00 0.000E+00 0.000E+00 0.000E+00 0.000E+00 0.000E+00 0.000E+00 0.000E+00 0.910E-09 0.562E-07
    11.0 0.000E+00 0.000E+00 0.000E+00 0.000E+00 0.000E+00 0.000E+00 0.000E+00 0.000E+00 0.555E-07 0.960E-07
    12.0 0.000E+00 0.000E+00 0.000E+00 0.000E+00 0.000E+00 0.000E+00 0.000E+00 0.000E+00 0.690E-06 0.126E-06
    13.0 0.000E+00 0.000E+00 0.000E+00 0.000E+00 0.000E+00 0.000E+00 0.000E+00 0.000E+00 0.357E-05 0.145E-06
    14.0 0.000E+00 0.000E+00 0.000E+00 0.000E+00 0.000E+00 0.000E+00 0.000E+00 0.000E+00 0.801E-05 0.150E-06
    15.0 0.000E+00 0.000E+00 0.000E+00 0.000E+00 0.000E+00 0.000E+00 0.000E+00 0.000E+00 0.109E-04 0.148E-06
    16.0 0.000E+00 0.000E+00 0.000E+00 0.000E+00 0.000E+00 0.000E+00 0.000E+00 0.000E+00 0.120E-04 0.136E-06
    17.0 0.000E+00 0.000E+00 0.000E+00 0.000E+00 0.000E+00 0.000E+00 0.000E+00 0.000E+00 0.116E-04 0.134E-06
    18.0 0.000E+00 0.000E+00 0.000E+00 0.000E+00 0.000E+00 0.000E+00 0.000E+00 0.000E+00 0.102E-04 0.129E-06
    19.0 0.000E+00 0.000E+00 0.000E+00 0.000E+00 0.000E+00 0.000E+00 0.000E+00 0.000E+00 0.815E-05 0.125E-06
    20.0 0.000E+00 0.000E+00 0.000E+00 0.000E+00 0.000E+00 0.000E+00 0.000E+00 0.000E+00 0.616E-05 0.121E-06
    21.0 0.000E+00 0.000E+00 0.000E+00 0.000E+00 0.000E+00 0.000E+00 0.000E+00 0.620E-09 0.447E-05 0.910E-07
    22.0 0.000E+00 0.000E+00 0.000E+00 0.000E+00 0.000E+00 0.000E+00 0.000E+00 0.181E-07 0.326E-05 0.000E+00
    23.0 0.000E+00 0.000E+00 0.000E+00 0.000E+00 0.000E+00 0.000E+00 0.000E+00 0.167E-06 0.227E-05 0.000E+00

  E*/MeV   182Po     183Po     184Po     185Po     186Po     187Po     188Po     189Po     190Po     191Po  
     8.0 0.000E+00 0.000E+00 0.000E+00 0.000E+00 0.000E+00 0.000E+00 0.000E+00 0.000E+00 0.000E+00 0.604E-08
     9.0 0.000E+00 0.000E+00 0.000E+00 0.000E+00 0.000E+00 0.000E+00 0.000E+00 0.000E+00 0.000E+00 0.499E-07
    10.0 0.000E+00 0.000E+00 0.000E+00 0.000E+00 0.000E+00 0.000E+00 0.000E+00 0.000E+00 0.000E+00 0.331E-06
    11.0 0.000E+00 0.000E+00 0.000E+00 0.000E+00 0.000E+00 0.000E+00 0.000E+00 0.000E+00 0.000E+00 0.173E-05
    12.0 0.000E+00 0.000E+00 0.000E+00 0.000E+00 0.000E+00 0.000E+00 0.000E+00 0.000E+00 0.000E+00 0.647E-05
    13.0 0.000E+00 0.000E+00 0.000E+00 0.000E+00 0.000E+00 0.000E+00 0.000E+00 0.000E+00 0.000E+00 0.161E-04
    14.0 0.000E+00 0.000E+00 0.000E+00 0.000E+00 0.000E+00 0.000E+00 0.000E+00 0.000E+00 0.255E-10 0.280E-04
    15.0 0.000E+00 0.000E+00 0.000E+00 0.000E+00 0.000E+00 0.000E+00 0.000E+00 0.000E+00 0.515E-09 0.375E-04
    16.0 0.000E+00 0.000E+00 0.000E+00 0.000E+00 0.000E+00 0.000E+00 0.000E+00 0.000E+00 0.529E-08 0.424E-04
    17.0 0.000E+00 0.000E+00 0.000E+00 0.000E+00 0.000E+00 0.000E+00 0.000E+00 0.000E+00 0.353E-07 0.418E-04
    18.0 0.000E+00 0.000E+00 0.000E+00 0.000E+00 0.000E+00 0.000E+00 0.000E+00 0.000E+00 0.167E-06 0.373E-04
    19.0 0.000E+00 0.000E+00 0.000E+00 0.000E+00 0.000E+00 0.000E+00 0.000E+00 0.000E+00 0.580E-06 0.311E-04
    20.0 0.000E+00 0.000E+00 0.000E+00 0.000E+00 0.000E+00 0.000E+00 0.000E+00 0.000E+00 0.154E-05 0.246E-04
    21.0 0.000E+00 0.000E+00 0.000E+00 0.000E+00 0.000E+00 0.000E+00 0.000E+00 0.000E+00 0.325E-05 0.187E-04
    22.0 0.000E+00 0.000E+00 0.000E+00 0.000E+00 0.000E+00 0.000E+00 0.000E+00 0.000E+00 0.550E-05 0.137E-04
    23.0 0.000E+00 0.000E+00 0.000E+00 0.000E+00 0.000E+00 0.000E+00 0.000E+00 0.000E+00 0.776E-05 0.986E-05

 HIVAP  CASOUT

   93Nb 99Ru 192At IFUS10 barfac0.47 sigr3.0 26/04/2024 15:42 Sitarcik  


     E_lab  A*MeV   E*/MeV     SI_fus      SI_VR     SI_Spalt  L_krit     b_Spalt

   390.678    4.20    24.0  0.9442E+01  0.1869E-04  0.9438E+01     2.0       99.96
   392.617    4.22    25.0  0.1275E+02  0.1840E-04  0.1274E+02    17.0       99.95
   394.557    4.24    26.0  0.1685E+02  0.1902E-04  0.1684E+02    24.0       99.95
   396.496    4.26    27.0  0.2177E+02  0.1939E-04  0.2176E+02    30.0       99.94
   398.435    4.28    28.0  0.2760E+02  0.1853E-04  0.2758E+02    35.0       99.94
   400.375    4.31    29.0  0.3438E+02  0.1645E-04  0.3435E+02    65.0       99.93
   402.314    4.33    30.0  0.4207E+02  0.1363E-04  0.4204E+02    65.0       99.92
   404.253    4.35    31.0  0.5069E+02  0.1072E-04  0.5065E+02    65.0       99.91
   406.193    4.37    32.0  0.6019E+02  0.8244E-05  0.6013E+02    65.0       99.91
   408.132    4.39    33.0  0.7042E+02  0.6447E-05  0.7035E+02    65.0       99.90
   410.072    4.41    34.0  0.8136E+02  0.5348E-05  0.8127E+02    65.0       99.89
   412.011    4.43    35.0  0.9279E+02  0.4816E-05  0.9268E+02    65.0       99.88
   413.950    4.45    36.0  0.1046E+03  0.4606E-05  0.1045E+03    65.0       99.87
   415.890    4.47    37.0  0.1166E+03  0.4469E-05  0.1164E+03    65.0       99.86
   417.829    4.49    38.0  0.1286E+03  0.4250E-05  0.1285E+03    65.0       99.86
   419.769    4.51    39.0  0.1405E+03  0.3874E-05  0.1403E+03    65.0       99.85

     Querschnitte / mbarn

  E*/MeV   183At     184At     185At     186At     187At     188At     189At     190At     191At     192At  
    24.0 0.000E+00 0.000E+00 0.000E+00 0.000E+00 0.000E+00 0.000E+00 0.000E+00 0.796E-06 0.162E-05 0.000E+00
    25.0 0.000E+00 0.000E+00 0.000E+00 0.000E+00 0.000E+00 0.000E+00 0.000E+00 0.251E-05 0.123E-05 0.000E+00
    26.0 0.000E+00 0.000E+00 0.000E+00 0.000E+00 0.000E+00 0.000E+00 0.000E+00 0.553E-05 0.806E-06 0.000E+00
    27.0 0.000E+00 0.000E+00 0.000E+00 0.000E+00 0.000E+00 0.000E+00 0.000E+00 0.848E-05 0.487E-06 0.000E+00
    28.0 0.000E+00 0.000E+00 0.000E+00 0.000E+00 0.000E+00 0.000E+00 0.000E+00 0.101E-04 0.269E-06 0.000E+00
    29.0 0.000E+00 0.000E+00 0.000E+00 0.000E+00 0.000E+00 0.000E+00 0.000E+00 0.103E-04 0.135E-06 0.000E+00
    30.0 0.000E+00 0.000E+00 0.000E+00 0.000E+00 0.000E+00 0.000E+00 0.000E+00 0.923E-05 0.637E-07 0.000E+00
    31.0 0.000E+00 0.000E+00 0.000E+00 0.000E+00 0.000E+00 0.000E+00 0.616E-11 0.761E-05 0.315E-07 0.000E+00
    32.0 0.000E+00 0.000E+00 0.000E+00 0.000E+00 0.000E+00 0.000E+00 0.178E-09 0.588E-05 0.154E-07 0.000E+00
    33.0 0.000E+00 0.000E+00 0.000E+00 0.000E+00 0.000E+00 0.000E+00 0.186E-08 0.431E-05 0.812E-08 0.000E+00
    34.0 0.000E+00 0.000E+00 0.000E+00 0.000E+00 0.000E+00 0.000E+00 0.102E-07 0.305E-05 0.000E+00 0.000E+00
    35.0 0.000E+00 0.000E+00 0.000E+00 0.000E+00 0.000E+00 0.000E+00 0.348E-07 0.208E-05 0.000E+00 0.000E+00
    36.0 0.000E+00 0.000E+00 0.000E+00 0.000E+00 0.000E+00 0.000E+00 0.802E-07 0.139E-05 0.000E+00 0.000E+00
    37.0 0.000E+00 0.000E+00 0.000E+00 0.000E+00 0.000E+00 0.000E+00 0.135E-06 0.906E-06 0.000E+00 0.000E+00
    38.0 0.000E+00 0.000E+00 0.000E+00 0.000E+00 0.000E+00 0.000E+00 0.181E-06 0.586E-06 0.000E+00 0.000E+00
    39.0 0.000E+00 0.000E+00 0.000E+00 0.000E+00 0.000E+00 0.000E+00 0.205E-06 0.374E-06 0.000E+00 0.000E+00

  E*/MeV   182Po     183Po     184Po     185Po     186Po     187Po     188Po     189Po     190Po     191Po  
    24.0 0.000E+00 0.000E+00 0.000E+00 0.000E+00 0.000E+00 0.000E+00 0.000E+00 0.000E+00 0.932E-05 0.695E-05
    25.0 0.000E+00 0.000E+00 0.000E+00 0.000E+00 0.000E+00 0.000E+00 0.000E+00 0.700E-11 0.979E-05 0.487E-05
    26.0 0.000E+00 0.000E+00 0.000E+00 0.000E+00 0.000E+00 0.000E+00 0.000E+00 0.109E-09 0.927E-05 0.342E-05
    27.0 0.000E+00 0.000E+00 0.000E+00 0.000E+00 0.000E+00 0.000E+00 0.000E+00 0.818E-09 0.804E-05 0.238E-05
    28.0 0.000E+00 0.000E+00 0.000E+00 0.000E+00 0.000E+00 0.000E+00 0.000E+00 0.436E-08 0.650E-05 0.161E-05
    29.0 0.000E+00 0.000E+00 0.000E+00 0.000E+00 0.000E+00 0.000E+00 0.000E+00 0.187E-07 0.497E-05 0.105E-05
    30.0 0.000E+00 0.000E+00 0.000E+00 0.000E+00 0.000E+00 0.000E+00 0.000E+00 0.650E-07 0.363E-05 0.645E-06
    31.0 0.000E+00 0.000E+00 0.000E+00 0.000E+00 0.000E+00 0.000E+00 0.000E+00 0.186E-06 0.255E-05 0.348E-06
    32.0 0.000E+00 0.000E+00 0.000E+00 0.000E+00 0.000E+00 0.000E+00 0.000E+00 0.443E-06 0.173E-05 0.173E-06
    33.0 0.000E+00 0.000E+00 0.000E+00 0.000E+00 0.000E+00 0.000E+00 0.000E+00 0.884E-06 0.115E-05 0.895E-07
    34.0 0.000E+00 0.000E+00 0.000E+00 0.000E+00 0.000E+00 0.000E+00 0.000E+00 0.150E-05 0.744E-06 0.448E-07
    35.0 0.000E+00 0.000E+00 0.000E+00 0.000E+00 0.000E+00 0.000E+00 0.000E+00 0.220E-05 0.473E-06 0.223E-07
    36.0 0.000E+00 0.000E+00 0.000E+00 0.000E+00 0.000E+00 0.000E+00 0.000E+00 0.283E-05 0.296E-06 0.120E-07
    37.0 0.000E+00 0.000E+00 0.000E+00 0.000E+00 0.000E+00 0.000E+00 0.285E-11 0.325E-05 0.183E-06 0.000E+00
    38.0 0.000E+00 0.000E+00 0.000E+00 0.000E+00 0.000E+00 0.000E+00 0.191E-10 0.337E-05 0.111E-06 0.000E+00
    39.0 0.000E+00 0.000E+00 0.000E+00 0.000E+00 0.000E+00 0.000E+00 0.941E-10 0.323E-05 0.655E-07 0.000E+00

 HIVAP  CASOUT

   93Nb 99Ru 192At IFUS10 barfac0.47 sigr3.0 26/04/2024 15:42 Sitarcik  


     E_lab  A*MeV   E*/MeV     SI_fus      SI_VR     SI_Spalt  L_krit     b_Spalt

   421.708    4.53    40.0  0.1522E+03  0.3367E-05  0.1519E+03    65.0       99.83
   423.647    4.56    41.0  0.1634E+03  0.2787E-05  0.1631E+03    65.0       99.82
   425.587    4.58    42.0  0.1740E+03  0.2216E-05  0.1737E+03    65.0       99.81
   427.526    4.60    43.0  0.1839E+03  0.1707E-05  0.1836E+03    65.0       99.80
   429.466    4.62    44.0  0.1931E+03  0.1276E-05  0.1927E+03    65.0       99.79
   431.405    4.64    45.0  0.2015E+03  0.9333E-06  0.2011E+03    65.0       99.77
   433.344    4.66    46.0  0.2090E+03  0.6718E-06  0.2085E+03    65.0       99.76
   435.284    4.68    47.0  0.2157E+03  0.4778E-06  0.2152E+03    65.0       99.74
   437.223    4.70    48.0  0.2215E+03  0.3403E-06  0.2209E+03    65.0       99.73
   439.163    4.72    49.0  0.2265E+03  0.2444E-06  0.2258E+03    65.0       99.71
   441.102    4.74    50.0  0.2307E+03  0.1773E-06  0.2299E+03    65.0       99.69
   443.041    4.76    51.0  0.2341E+03  0.1306E-06  0.2333E+03    65.0       99.67
   444.981    4.78    52.0  0.2368E+03  0.9793E-07  0.2360E+03    65.0       99.64
   446.920    4.81    53.0  0.2390E+03  0.7454E-07  0.2381E+03    65.0       99.62
   448.860    4.83    54.0  0.2406E+03  0.5735E-07  0.2396E+03    65.0       99.59
   450.799    4.85    55.0  0.2416E+03  0.4453E-07  0.2406E+03    65.0       99.57

     Querschnitte / mbarn

  E*/MeV   183At     184At     185At     186At     187At     188At     189At     190At     191At     192At  
    40.0 0.000E+00 0.000E+00 0.000E+00 0.000E+00 0.000E+00 0.000E+00 0.207E-06 0.236E-06 0.000E+00 0.000E+00
    41.0 0.000E+00 0.000E+00 0.000E+00 0.000E+00 0.000E+00 0.000E+00 0.190E-06 0.147E-06 0.000E+00 0.000E+00
    42.0 0.000E+00 0.000E+00 0.000E+00 0.000E+00 0.000E+00 0.000E+00 0.162E-06 0.907E-07 0.000E+00 0.000E+00
    43.0 0.000E+00 0.000E+00 0.000E+00 0.000E+00 0.000E+00 0.118E-12 0.131E-06 0.551E-07 0.000E+00 0.000E+00
    44.0 0.000E+00 0.000E+00 0.000E+00 0.000E+00 0.000E+00 0.176E-11 0.102E-06 0.331E-07 0.000E+00 0.000E+00
    45.0 0.000E+00 0.000E+00 0.000E+00 0.000E+00 0.000E+00 0.147E-10 0.756E-07 0.193E-07 0.000E+00 0.000E+00
    46.0 0.000E+00 0.000E+00 0.000E+00 0.000E+00 0.000E+00 0.797E-10 0.547E-07 0.107E-07 0.000E+00 0.000E+00
    47.0 0.000E+00 0.000E+00 0.000E+00 0.000E+00 0.000E+00 0.305E-09 0.386E-07 0.384E-08 0.000E+00 0.000E+00
    48.0 0.000E+00 0.000E+00 0.000E+00 0.000E+00 0.000E+00 0.872E-09 0.267E-07 0.125E-08 0.000E+00 0.000E+00
    49.0 0.000E+00 0.000E+00 0.000E+00 0.000E+00 0.000E+00 0.195E-08 0.182E-07 0.637E-09 0.000E+00 0.000E+00
    50.0 0.000E+00 0.000E+00 0.000E+00 0.000E+00 0.000E+00 0.354E-08 0.122E-07 0.228E-09 0.000E+00 0.000E+00
    51.0 0.000E+00 0.000E+00 0.000E+00 0.000E+00 0.000E+00 0.541E-08 0.812E-08 0.000E+00 0.000E+00 0.000E+00
    52.0 0.000E+00 0.000E+00 0.000E+00 0.000E+00 0.000E+00 0.721E-08 0.534E-08 0.000E+00 0.000E+00 0.000E+00
    53.0 0.000E+00 0.000E+00 0.000E+00 0.000E+00 0.000E+00 0.860E-08 0.349E-08 0.000E+00 0.000E+00 0.000E+00
    54.0 0.000E+00 0.000E+00 0.000E+00 0.000E+00 0.136E-14 0.941E-08 0.226E-08 0.000E+00 0.000E+00 0.000E+00
    55.0 0.000E+00 0.000E+00 0.000E+00 0.000E+00 0.152E-13 0.959E-08 0.146E-08 0.000E+00 0.000E+00 0.000E+00

  E*/MeV   182Po     183Po     184Po     185Po     186Po     187Po     188Po     189Po     190Po     191Po  
    40.0 0.000E+00 0.000E+00 0.000E+00 0.000E+00 0.000E+00 0.000E+00 0.359E-09 0.289E-05 0.377E-07 0.000E+00
    41.0 0.000E+00 0.000E+00 0.000E+00 0.000E+00 0.000E+00 0.000E+00 0.110E-08 0.243E-05 0.135E-07 0.000E+00
    42.0 0.000E+00 0.000E+00 0.000E+00 0.000E+00 0.000E+00 0.000E+00 0.276E-08 0.196E-05 0.174E-08 0.000E+00
    43.0 0.000E+00 0.000E+00 0.000E+00 0.000E+00 0.000E+00 0.000E+00 0.584E-08 0.151E-05 0.114E-08 0.000E+00
    44.0 0.000E+00 0.000E+00 0.000E+00 0.000E+00 0.000E+00 0.000E+00 0.106E-07 0.113E-05 0.000E+00 0.000E+00
    45.0 0.000E+00 0.000E+00 0.000E+00 0.000E+00 0.000E+00 0.000E+00 0.167E-07 0.822E-06 0.000E+00 0.000E+00
    46.0 0.000E+00 0.000E+00 0.000E+00 0.000E+00 0.000E+00 0.000E+00 0.234E-07 0.583E-06 0.000E+00 0.000E+00
    47.0 0.000E+00 0.000E+00 0.000E+00 0.000E+00 0.000E+00 0.000E+00 0.295E-07 0.406E-06 0.000E+00 0.000E+00
    48.0 0.000E+00 0.000E+00 0.000E+00 0.000E+00 0.000E+00 0.000E+00 0.340E-07 0.277E-06 0.000E+00 0.000E+00
    49.0 0.000E+00 0.000E+00 0.000E+00 0.000E+00 0.000E+00 0.141E-12 0.364E-07 0.187E-06 0.000E+00 0.000E+00
    50.0 0.000E+00 0.000E+00 0.000E+00 0.000E+00 0.000E+00 0.722E-12 0.365E-07 0.125E-06 0.000E+00 0.000E+00
    51.0 0.000E+00 0.000E+00 0.000E+00 0.000E+00 0.000E+00 0.301E-11 0.346E-07 0.825E-07 0.000E+00 0.000E+00
    52.0 0.000E+00 0.000E+00 0.000E+00 0.000E+00 0.000E+00 0.106E-10 0.313E-07 0.541E-07 0.000E+00 0.000E+00
    53.0 0.000E+00 0.000E+00 0.000E+00 0.000E+00 0.000E+00 0.321E-10 0.272E-07 0.352E-07 0.000E+00 0.000E+00
    54.0 0.000E+00 0.000E+00 0.000E+00 0.000E+00 0.000E+00 0.849E-10 0.229E-07 0.227E-07 0.000E+00 0.000E+00
    55.0 0.000E+00 0.000E+00 0.000E+00 0.000E+00 0.000E+00 0.197E-09 0.186E-07 0.146E-07 0.000E+00 0.000E+00

 HIVAP  CASOUT

   93Nb 99Ru 192At IFUS10 barfac0.47 sigr3.0 26/04/2024 15:42 Sitarcik  


     E_lab  A*MeV   E*/MeV     SI_fus      SI_VR     SI_Spalt  L_krit     b_Spalt

   452.738    4.87    56.0  0.2423E+03  0.3463E-07  0.2412E+03    65.0       99.54
   454.678    4.89    57.0  0.2427E+03  0.2699E-07  0.2415E+03    65.0       99.51
   456.617    4.91    58.0  0.2427E+03  0.2085E-07  0.2415E+03    65.0       99.48
   458.557    4.93    59.0  0.2425E+03  0.1610E-07  0.2412E+03    65.0       99.44
   460.496    4.95    60.0  0.2421E+03  0.1272E-07  0.2407E+03    65.0       99.41
   462.435    4.97    61.0  0.2416E+03  0.1116E-07  0.2401E+03    65.0       99.37
   464.375    4.99    62.0  0.2409E+03  0.9990E-08  0.2393E+03    65.0       99.34
   466.314    5.01    63.0  0.2402E+03  0.9087E-08  0.2385E+03    65.0       99.30
   468.253    5.03    64.0  0.2394E+03  0.8330E-08  0.2376E+03    65.0       99.26
   470.193    5.06    65.0  0.2385E+03  0.7632E-08  0.2366E+03    65.0       99.22
   472.132    5.08    66.0  0.2376E+03  0.6952E-08  0.2356E+03    65.0       99.17
   474.072    5.10    67.0  0.2366E+03  0.6257E-08  0.2346E+03    65.0       99.13
   476.011    5.12    68.0  0.2357E+03  0.5540E-08  0.2335E+03    65.0       99.08
   477.950    5.14    69.0  0.2348E+03  0.4829E-08  0.2325E+03    65.0       99.04
   479.890    5.16    70.0  0.2338E+03  0.4126E-08  0.2314E+03    65.0       98.99
   481.829    5.18    71.0  0.2329E+03  0.3503E-08  0.2304E+03    65.0       98.94

     Querschnitte / mbarn

  E*/MeV   183At     184At     185At     186At     187At     188At     189At     190At     191At     192At  
    56.0 0.000E+00 0.000E+00 0.000E+00 0.000E+00 0.109E-12 0.922E-08 0.927E-09 0.000E+00 0.000E+00 0.000E+00
    57.0 0.000E+00 0.000E+00 0.000E+00 0.000E+00 0.541E-12 0.845E-08 0.575E-09 0.000E+00 0.000E+00 0.000E+00
    58.0 0.000E+00 0.000E+00 0.000E+00 0.000E+00 0.196E-11 0.743E-08 0.327E-09 0.000E+00 0.000E+00 0.000E+00
    59.0 0.000E+00 0.000E+00 0.000E+00 0.000E+00 0.542E-11 0.632E-08 0.496E-10 0.000E+00 0.000E+00 0.000E+00
    60.0 0.000E+00 0.000E+00 0.000E+00 0.000E+00 0.120E-10 0.522E-08 0.000E+00 0.000E+00 0.000E+00 0.000E+00
    61.0 0.000E+00 0.000E+00 0.000E+00 0.000E+00 0.223E-10 0.421E-08 0.000E+00 0.000E+00 0.000E+00 0.000E+00
    62.0 0.000E+00 0.000E+00 0.000E+00 0.000E+00 0.356E-10 0.332E-08 0.000E+00 0.000E+00 0.000E+00 0.000E+00
    63.0 0.000E+00 0.000E+00 0.000E+00 0.000E+00 0.508E-10 0.257E-08 0.000E+00 0.000E+00 0.000E+00 0.000E+00
    64.0 0.000E+00 0.000E+00 0.000E+00 0.000E+00 0.657E-10 0.196E-08 0.000E+00 0.000E+00 0.000E+00 0.000E+00
    65.0 0.000E+00 0.000E+00 0.000E+00 0.000E+00 0.785E-10 0.147E-08 0.000E+00 0.000E+00 0.000E+00 0.000E+00
    66.0 0.000E+00 0.000E+00 0.000E+00 0.000E+00 0.879E-10 0.109E-08 0.000E+00 0.000E+00 0.000E+00 0.000E+00
    67.0 0.000E+00 0.000E+00 0.000E+00 0.000E+00 0.930E-10 0.805E-09 0.000E+00 0.000E+00 0.000E+00 0.000E+00
    68.0 0.000E+00 0.000E+00 0.000E+00 0.281E-15 0.939E-10 0.586E-09 0.000E+00 0.000E+00 0.000E+00 0.000E+00
    69.0 0.000E+00 0.000E+00 0.000E+00 0.176E-14 0.911E-10 0.424E-09 0.000E+00 0.000E+00 0.000E+00 0.000E+00
    70.0 0.000E+00 0.000E+00 0.000E+00 0.840E-14 0.854E-10 0.304E-09 0.000E+00 0.000E+00 0.000E+00 0.000E+00
    71.0 0.000E+00 0.000E+00 0.000E+00 0.315E-13 0.776E-10 0.217E-09 0.000E+00 0.000E+00 0.000E+00 0.000E+00

  E*/MeV   182Po     183Po     184Po     185Po     186Po     187Po     188Po     189Po     190Po     191Po  
    56.0 0.000E+00 0.000E+00 0.000E+00 0.000E+00 0.000E+00 0.405E-09 0.148E-07 0.925E-08 0.000E+00 0.000E+00
    57.0 0.000E+00 0.000E+00 0.000E+00 0.000E+00 0.000E+00 0.746E-09 0.115E-07 0.569E-08 0.000E+00 0.000E+00
    58.0 0.000E+00 0.000E+00 0.000E+00 0.000E+00 0.000E+00 0.124E-08 0.880E-08 0.305E-08 0.000E+00 0.000E+00
    59.0 0.000E+00 0.000E+00 0.000E+00 0.000E+00 0.000E+00 0.187E-08 0.661E-08 0.125E-08 0.000E+00 0.000E+00
    60.0 0.000E+00 0.000E+00 0.000E+00 0.000E+00 0.000E+00 0.260E-08 0.489E-08 0.000E+00 0.000E+00 0.000E+00
    61.0 0.000E+00 0.000E+00 0.000E+00 0.000E+00 0.352E-14 0.336E-08 0.357E-08 0.000E+00 0.000E+00 0.000E+00
    62.0 0.000E+00 0.000E+00 0.000E+00 0.000E+00 0.153E-13 0.406E-08 0.258E-08 0.000E+00 0.000E+00 0.000E+00
    63.0 0.000E+00 0.000E+00 0.000E+00 0.000E+00 0.553E-13 0.462E-08 0.185E-08 0.000E+00 0.000E+00 0.000E+00
    64.0 0.000E+00 0.000E+00 0.000E+00 0.000E+00 0.170E-12 0.500E-08 0.130E-08 0.000E+00 0.000E+00 0.000E+00
    65.0 0.000E+00 0.000E+00 0.000E+00 0.000E+00 0.449E-12 0.517E-08 0.909E-09 0.000E+00 0.000E+00 0.000E+00
    66.0 0.000E+00 0.000E+00 0.000E+00 0.000E+00 0.104E-11 0.514E-08 0.629E-09 0.000E+00 0.000E+00 0.000E+00
    67.0 0.000E+00 0.000E+00 0.000E+00 0.000E+00 0.214E-11 0.493E-08 0.428E-09 0.000E+00 0.000E+00 0.000E+00
    68.0 0.000E+00 0.000E+00 0.000E+00 0.000E+00 0.397E-11 0.458E-08 0.272E-09 0.000E+00 0.000E+00 0.000E+00
    69.0 0.000E+00 0.000E+00 0.000E+00 0.000E+00 0.668E-11 0.415E-08 0.161E-09 0.000E+00 0.000E+00 0.000E+00
    70.0 0.000E+00 0.000E+00 0.000E+00 0.000E+00 0.103E-10 0.366E-08 0.666E-10 0.000E+00 0.000E+00 0.000E+00
    71.0 0.000E+00 0.000E+00 0.000E+00 0.000E+00 0.149E-10 0.316E-08 0.330E-10 0.000E+00 0.000E+00 0.000E+00

 HIVAP  CASOUT

   93Nb 99Ru 192At IFUS10 barfac0.47 sigr3.0 26/04/2024 15:42 Sitarcik  


     E_lab  A*MeV   E*/MeV     SI_fus      SI_VR     SI_Spalt  L_krit     b_Spalt

   483.769    5.20    72.0  0.2319E+03  0.2920E-08  0.2294E+03    65.0       98.89
   485.708    5.22    73.0  0.2310E+03  0.2422E-08  0.2283E+03    65.0       98.83
   487.647    5.24    74.0  0.2301E+03  0.1983E-08  0.2273E+03    65.0       98.78
   489.587    5.26    75.0  0.2292E+03  0.1606E-08  0.2263E+03    65.0       98.72
   491.526    5.29    76.0  0.2283E+03  0.1286E-08  0.2252E+03    65.0       98.67
   493.466    5.31    77.0  0.2274E+03  0.1021E-08  0.2242E+03    65.0       98.61
   495.405    5.33    78.0  0.2265E+03  0.8031E-09  0.2232E+03    65.0       98.55
   497.344    5.35    79.0  0.2256E+03  0.6263E-09  0.2222E+03    65.0       98.49
   499.284    5.37    80.0  0.2247E+03  0.4917E-09  0.2212E+03    65.0       98.43
   501.223    5.39    81.0  0.2239E+03  0.3849E-09  0.2202E+03    65.0       98.37
   503.163    5.41    82.0  0.2230E+03  0.3001E-09  0.2192E+03    65.0       98.30
   505.102    5.43    83.0  0.2221E+03  0.2338E-09  0.2182E+03    65.0       98.24
   507.041    5.45    84.0  0.2213E+03  0.1822E-09  0.2172E+03    65.0       98.17
   508.981    5.47    85.0  0.2204E+03  0.1426E-09  0.2163E+03    65.0       98.11
   510.920    5.49    86.0  0.2196E+03  0.1112E-09  0.2153E+03    65.0       98.04
   512.860    5.51    87.0  0.2188E+03  0.8483E-10  0.2143E+03    65.0       97.97

     Querschnitte / mbarn

  E*/MeV   183At     184At     185At     186At     187At     188At     189At     190At     191At     192At  
    72.0 0.000E+00 0.000E+00 0.000E+00 0.961E-13 0.687E-10 0.154E-09 0.000E+00 0.000E+00 0.000E+00 0.000E+00
    73.0 0.000E+00 0.000E+00 0.000E+00 0.244E-12 0.594E-10 0.108E-09 0.000E+00 0.000E+00 0.000E+00 0.000E+00
    74.0 0.000E+00 0.000E+00 0.000E+00 0.530E-12 0.504E-10 0.749E-10 0.000E+00 0.000E+00 0.000E+00 0.000E+00
    75.0 0.000E+00 0.000E+00 0.000E+00 0.101E-11 0.420E-10 0.513E-10 0.000E+00 0.000E+00 0.000E+00 0.000E+00
    76.0 0.000E+00 0.000E+00 0.000E+00 0.170E-11 0.344E-10 0.335E-10 0.000E+00 0.000E+00 0.000E+00 0.000E+00
    77.0 0.000E+00 0.000E+00 0.000E+00 0.261E-11 0.278E-10 0.197E-10 0.000E+00 0.000E+00 0.000E+00 0.000E+00
    78.0 0.000E+00 0.000E+00 0.000E+00 0.369E-11 0.222E-10 0.892E-11 0.000E+00 0.000E+00 0.000E+00 0.000E+00
    79.0 0.000E+00 0.000E+00 0.000E+00 0.486E-11 0.175E-10 0.000E+00 0.000E+00 0.000E+00 0.000E+00 0.000E+00
    80.0 0.000E+00 0.000E+00 0.547E-17 0.601E-11 0.137E-10 0.000E+00 0.000E+00 0.000E+00 0.000E+00 0.000E+00
    81.0 0.000E+00 0.000E+00 0.279E-16 0.706E-11 0.106E-10 0.000E+00 0.000E+00 0.000E+00 0.000E+00 0.000E+00
    82.0 0.000E+00 0.000E+00 0.112E-15 0.792E-11 0.810E-11 0.000E+00 0.000E+00 0.000E+00 0.000E+00 0.000E+00
    83.0 0.000E+00 0.000E+00 0.369E-15 0.854E-11 0.616E-11 0.000E+00 0.000E+00 0.000E+00 0.000E+00 0.000E+00
    84.0 0.000E+00 0.000E+00 0.102E-14 0.888E-11 0.464E-11 0.000E+00 0.000E+00 0.000E+00 0.000E+00 0.000E+00
    85.0 0.000E+00 0.000E+00 0.240E-14 0.896E-11 0.347E-11 0.000E+00 0.000E+00 0.000E+00 0.000E+00 0.000E+00
    86.0 0.000E+00 0.000E+00 0.497E-14 0.878E-11 0.254E-11 0.000E+00 0.000E+00 0.000E+00 0.000E+00 0.000E+00
    87.0 0.000E+00 0.000E+00 0.921E-14 0.840E-11 0.183E-11 0.000E+00 0.000E+00 0.000E+00 0.000E+00 0.000E+00

  E*/MeV   182Po     183Po     184Po     185Po     186Po     187Po     188Po     189Po     190Po     191Po  
    72.0 0.000E+00 0.000E+00 0.000E+00 0.884E-15 0.200E-10 0.268E-08 0.000E+00 0.000E+00 0.000E+00 0.000E+00
    73.0 0.000E+00 0.000E+00 0.000E+00 0.285E-14 0.253E-10 0.223E-08 0.000E+00 0.000E+00 0.000E+00 0.000E+00
    74.0 0.000E+00 0.000E+00 0.000E+00 0.743E-14 0.304E-10 0.183E-08 0.000E+00 0.000E+00 0.000E+00 0.000E+00
    75.0 0.000E+00 0.000E+00 0.000E+00 0.164E-13 0.348E-10 0.148E-08 0.000E+00 0.000E+00 0.000E+00 0.000E+00
    76.0 0.000E+00 0.000E+00 0.000E+00 0.320E-13 0.383E-10 0.118E-08 0.000E+00 0.000E+00 0.000E+00 0.000E+00
    77.0 0.000E+00 0.000E+00 0.000E+00 0.575E-13 0.406E-10 0.930E-09 0.000E+00 0.000E+00 0.000E+00 0.000E+00
    78.0 0.000E+00 0.000E+00 0.000E+00 0.991E-13 0.417E-10 0.727E-09 0.000E+00 0.000E+00 0.000E+00 0.000E+00
    79.0 0.000E+00 0.000E+00 0.000E+00 0.168E-12 0.415E-10 0.562E-09 0.000E+00 0.000E+00 0.000E+00 0.000E+00
    80.0 0.000E+00 0.000E+00 0.000E+00 0.283E-12 0.402E-10 0.432E-09 0.000E+00 0.000E+00 0.000E+00 0.000E+00
    81.0 0.000E+00 0.000E+00 0.000E+00 0.472E-12 0.381E-10 0.329E-09 0.000E+00 0.000E+00 0.000E+00 0.000E+00
    82.0 0.000E+00 0.000E+00 0.000E+00 0.770E-12 0.352E-10 0.248E-09 0.000E+00 0.000E+00 0.000E+00 0.000E+00
    83.0 0.000E+00 0.000E+00 0.000E+00 0.122E-11 0.320E-10 0.186E-09 0.000E+00 0.000E+00 0.000E+00 0.000E+00
    84.0 0.000E+00 0.000E+00 0.000E+00 0.184E-11 0.285E-10 0.138E-09 0.000E+00 0.000E+00 0.000E+00 0.000E+00
    85.0 0.000E+00 0.000E+00 0.000E+00 0.267E-11 0.250E-10 0.102E-09 0.000E+00 0.000E+00 0.000E+00 0.000E+00
    86.0 0.000E+00 0.000E+00 0.000E+00 0.369E-11 0.217E-10 0.745E-10 0.000E+00 0.000E+00 0.000E+00 0.000E+00
    87.0 0.000E+00 0.000E+00 0.129E-16 0.488E-11 0.185E-10 0.512E-10 0.000E+00 0.000E+00 0.000E+00 0.000E+00

 HIVAP  CASOUT

   93Nb 99Ru 192At IFUS10 barfac0.47 sigr3.0 26/04/2024 15:42 Sitarcik  


     E_lab  A*MeV   E*/MeV     SI_fus      SI_VR     SI_Spalt  L_krit     b_Spalt

   514.799    5.54    88.0  0.2180E+03  0.6374E-10  0.2134E+03    65.0       97.90
   516.738    5.56    89.0  0.2171E+03  0.4954E-10  0.2124E+03    65.0       97.83
   518.678    5.58    90.0  0.2163E+03  0.3682E-10  0.2115E+03    65.0       97.75

     Querschnitte / mbarn

  E*/MeV   183At     184At     185At     186At     187At     188At     189At     190At     191At     192At  
    88.0 0.000E+00 0.000E+00 0.155E-13 0.786E-11 0.123E-11 0.000E+00 0.000E+00 0.000E+00 0.000E+00 0.000E+00
    89.0 0.000E+00 0.000E+00 0.241E-13 0.721E-11 0.769E-12 0.000E+00 0.000E+00 0.000E+00 0.000E+00 0.000E+00
    90.0 0.000E+00 0.000E+00 0.348E-13 0.650E-11 0.361E-12 0.000E+00 0.000E+00 0.000E+00 0.000E+00 0.000E+00

  E*/MeV   182Po     183Po     184Po     185Po     186Po     187Po     188Po     189Po     190Po     191Po  
    88.0 0.000E+00 0.000E+00 0.413E-16 0.619E-11 0.156E-10 0.329E-10 0.000E+00 0.000E+00 0.000E+00 0.000E+00
    89.0 0.000E+00 0.000E+00 0.117E-15 0.755E-11 0.130E-10 0.210E-10 0.000E+00 0.000E+00 0.000E+00 0.000E+00
    90.0 0.000E+00 0.000E+00 0.299E-15 0.888E-11 0.107E-10 0.103E-10 0.000E+00 0.000E+00 0.000E+00 0.000E+00
                                                                        
           



 Ende HIVAP 
