          Programm HIVAP,  Autor  W.Reisdorf   Version fuer "rzri6f" vom  7. 6. 1994

           Bearbeitung F.P.Heﬂberger
           
   4He 253Es 257Md IFUS10 barfac1.0 sigr3.0 05/12/2022 10:53 Sitarcik   
           

 Unterprogramm SEPENF

 benutzt Sierks Programm BARFIT 
 Q-Wert    -7.410 MeV
 Massen aus der Datei "mlz.dat" 

         Exp. Schaleneffekte,  SHELL0=    0.00
          Md  251   Md  252   Md  253   Md  254   Md  255   Md  256   Md  257
             -3.24     -3.95     -3.25     -3.93     -3.21     -3.86     -3.12
          Fm  250   Fm  251   Fm  252   Fm  253   Fm  254   Fm  255   Fm  256
             -2.44     -3.14     -2.45     -3.13     -2.42     -3.07     -2.33
          Es  249   Es  250   Es  251   Es  252   Es  253   Es  254   Es  255
             -3.01     -3.72     -3.02     -3.71     -2.99     -3.64     -2.91

           BARFAC=   1.000      BAR0=   0.000

          Separationsenergien (BN,BP,BA) und Spaltbarrieren
          Md  251   Md  252   Md  253   Md  254   Md  255   Md  256   Md  257
              7.70      6.17      7.42      5.90      7.15      5.64      6.89
              2.49      2.69      2.88      3.08      3.27      3.46      3.65
             -8.13     -8.01     -7.90     -7.77     -7.66     -7.53     -7.41
              4.38      5.12      4.46      5.16      4.48      5.16      4.45
             -0.69     -1.39     -0.69     -1.38     -0.69     -1.38     -0.69
          Fm  250   Fm  251   Fm  252   Fm  253   Fm  254   Fm  255   Fm  256
              7.50      5.98      7.23      5.71      6.96      5.45      6.70
              4.32      4.51      4.70      4.89      5.08      5.27      5.46
             -7.66     -7.54     -7.42     -7.30     -7.18     -7.05     -6.93
              3.85      4.59      3.93      4.65      3.96      4.65      3.94
              0.00     -0.69      0.00     -0.69      0.00     -0.69      0.00
          Es  249   Es  250   Es  251   Es  252   Es  253   Es  254   Es  255
              7.31      5.78      7.04      5.52      6.77      5.26      6.51
              3.36      3.55      3.75      3.94      4.14      4.33      4.52
             -7.18     -7.05     -6.93     -6.81     -6.69     -6.55     -6.43
              4.74      5.48      4.82      5.54      4.85      5.54      4.82
             -0.70     -1.39     -0.69     -1.39     -0.69     -1.38     -0.69

 benutzter Q-Wert    -7.410 MeV    effektiver Q-Wert    -7.410 MeV

 HIVAP  CASOUT

   4He 253Es 257Md IFUS10 barfac1.0 sigr3.0 05/12/2022 10:53 Sitarcik   


     E_lab  A*MeV   E*/MeV     SI_fus      SI_VR     SI_Spalt  L_krit     b_Spalt

    15.653    3.91     8.0  0.2313E-03  0.7085E-06  0.2306E-03     0.0       99.69
    16.669    4.17     9.0  0.2712E-02  0.3781E-04  0.2674E-02     0.0       98.61
    17.685    4.42    10.0  0.2426E-01  0.4488E-03  0.2381E-01     0.0       98.15
    18.701    4.68    11.0  0.1719E+00  0.3851E-02  0.1680E+00     0.0       97.76
    19.717    4.93    12.0  0.9918E+00  0.2540E-01  0.9664E+00     0.0       97.44
    20.732    5.18    13.0  0.4710E+01  0.1048E+00  0.4605E+01     0.0       97.78
    21.748    5.44    14.0  0.1803E+02  0.1689E+00  0.1786E+02     0.0       99.06
    22.764    5.69    15.0  0.5379E+02  0.2070E+00  0.5358E+02     0.0       99.62
    23.780    5.94    16.0  0.1243E+03  0.3140E+00  0.1240E+03     3.0       99.75
    24.796    6.20    17.0  0.2284E+03  0.5655E+00  0.2278E+03     5.0       99.75
    25.811    6.45    18.0  0.3504E+03  0.9247E+00  0.3495E+03     7.0       99.74
    26.827    6.71    19.0  0.4745E+03  0.1108E+01  0.4734E+03     8.0       99.77
    27.843    6.96    20.0  0.5925E+03  0.8992E+00  0.5916E+03    10.0       99.85
    28.859    7.21    21.0  0.7023E+03  0.5800E+00  0.7017E+03    11.0       99.92
    29.875    7.47    22.0  0.8038E+03  0.3283E+00  0.8034E+03    12.0       99.96
    30.891    7.72    23.0  0.8976E+03  0.1761E+00  0.8974E+03    12.0       99.98

     Querschnitte / mbarn

  E*/MeV   251Md     252Md     253Md     254Md     255Md     256Md     257Md  
     8.0 0.000E+00 0.000E+00 0.000E+00 0.000E+00 0.000E+00 0.628E-06 0.802E-07
     9.0 0.000E+00 0.000E+00 0.000E+00 0.000E+00 0.000E+00 0.376E-04 0.219E-06
    10.0 0.000E+00 0.000E+00 0.000E+00 0.000E+00 0.000E+00 0.448E-03 0.507E-06
    11.0 0.000E+00 0.000E+00 0.000E+00 0.000E+00 0.000E+00 0.385E-02 0.865E-06
    12.0 0.000E+00 0.000E+00 0.000E+00 0.000E+00 0.000E+00 0.254E-01 0.384E-06
    13.0 0.000E+00 0.000E+00 0.000E+00 0.000E+00 0.223E-04 0.105E+00 0.314E-06
    14.0 0.000E+00 0.000E+00 0.000E+00 0.000E+00 0.152E-02 0.167E+00 0.000E+00
    15.0 0.000E+00 0.000E+00 0.000E+00 0.000E+00 0.277E-01 0.179E+00 0.000E+00
    16.0 0.000E+00 0.000E+00 0.000E+00 0.000E+00 0.170E+00 0.144E+00 0.000E+00
    17.0 0.000E+00 0.000E+00 0.000E+00 0.000E+00 0.474E+00 0.913E-01 0.000E+00
    18.0 0.000E+00 0.000E+00 0.000E+00 0.000E+00 0.875E+00 0.492E-01 0.000E+00
    19.0 0.000E+00 0.000E+00 0.000E+00 0.000E+00 0.108E+01 0.238E-01 0.000E+00
    20.0 0.000E+00 0.000E+00 0.000E+00 0.116E-05 0.888E+00 0.108E-01 0.000E+00
    21.0 0.000E+00 0.000E+00 0.000E+00 0.881E-04 0.575E+00 0.464E-02 0.000E+00
    22.0 0.000E+00 0.000E+00 0.000E+00 0.111E-02 0.325E+00 0.193E-02 0.000E+00
    23.0 0.000E+00 0.000E+00 0.000E+00 0.581E-02 0.169E+00 0.792E-03 0.000E+00

  E*/MeV   250Fm     251Fm     252Fm     253Fm     254Fm     255Fm     256Fm  
     8.0 0.000E+00 0.000E+00 0.000E+00 0.000E+00 0.000E+00 0.000E+00 0.000E+00
     9.0 0.000E+00 0.000E+00 0.000E+00 0.000E+00 0.000E+00 0.000E+00 0.000E+00
    10.0 0.000E+00 0.000E+00 0.000E+00 0.000E+00 0.000E+00 0.000E+00 0.621E-11
    11.0 0.000E+00 0.000E+00 0.000E+00 0.000E+00 0.000E+00 0.000E+00 0.398E-09
    12.0 0.000E+00 0.000E+00 0.000E+00 0.000E+00 0.000E+00 0.000E+00 0.866E-08
    13.0 0.000E+00 0.000E+00 0.000E+00 0.000E+00 0.000E+00 0.000E+00 0.130E-06
    14.0 0.000E+00 0.000E+00 0.000E+00 0.000E+00 0.000E+00 0.000E+00 0.101E-05
    15.0 0.000E+00 0.000E+00 0.000E+00 0.000E+00 0.000E+00 0.000E+00 0.474E-05
    16.0 0.000E+00 0.000E+00 0.000E+00 0.000E+00 0.000E+00 0.000E+00 0.132E-04
    17.0 0.000E+00 0.000E+00 0.000E+00 0.000E+00 0.000E+00 0.140E-07 0.236E-04
    18.0 0.000E+00 0.000E+00 0.000E+00 0.000E+00 0.000E+00 0.181E-06 0.291E-04
    19.0 0.000E+00 0.000E+00 0.000E+00 0.000E+00 0.000E+00 0.103E-05 0.274E-04
    20.0 0.000E+00 0.000E+00 0.000E+00 0.000E+00 0.000E+00 0.392E-05 0.212E-04
    21.0 0.000E+00 0.000E+00 0.000E+00 0.000E+00 0.000E+00 0.113E-04 0.142E-04
    22.0 0.000E+00 0.000E+00 0.000E+00 0.000E+00 0.000E+00 0.268E-04 0.863E-05
    23.0 0.000E+00 0.000E+00 0.000E+00 0.000E+00 0.257E-08 0.530E-04 0.483E-05

  E*/MeV   249Es     250Es     251Es     252Es     253Es     254Es     255Es  
     8.0 0.000E+00 0.000E+00 0.000E+00 0.000E+00 0.000E+00 0.000E+00 0.000E+00
     9.0 0.000E+00 0.000E+00 0.000E+00 0.000E+00 0.000E+00 0.000E+00 0.000E+00
    10.0 0.000E+00 0.000E+00 0.000E+00 0.000E+00 0.000E+00 0.000E+00 0.000E+00
    11.0 0.000E+00 0.000E+00 0.000E+00 0.000E+00 0.925E-09 0.000E+00 0.000E+00
    12.0 0.000E+00 0.000E+00 0.000E+00 0.000E+00 0.139E-07 0.000E+00 0.000E+00
    13.0 0.000E+00 0.000E+00 0.000E+00 0.000E+00 0.135E-06 0.000E+00 0.000E+00
    14.0 0.000E+00 0.000E+00 0.000E+00 0.000E+00 0.999E-06 0.000E+00 0.000E+00
    15.0 0.000E+00 0.000E+00 0.000E+00 0.000E+00 0.453E-05 0.000E+00 0.000E+00
    16.0 0.000E+00 0.000E+00 0.000E+00 0.000E+00 0.145E-04 0.000E+00 0.000E+00
    17.0 0.000E+00 0.000E+00 0.000E+00 0.438E-07 0.334E-04 0.000E+00 0.000E+00
    18.0 0.000E+00 0.000E+00 0.000E+00 0.499E-06 0.580E-04 0.000E+00 0.000E+00
    19.0 0.000E+00 0.000E+00 0.000E+00 0.211E-05 0.795E-04 0.000E+00 0.000E+00
    20.0 0.000E+00 0.000E+00 0.000E+00 0.633E-05 0.889E-04 0.000E+00 0.000E+00
    21.0 0.000E+00 0.000E+00 0.000E+00 0.155E-04 0.820E-04 0.000E+00 0.000E+00
    22.0 0.000E+00 0.000E+00 0.000E+00 0.330E-04 0.633E-04 0.000E+00 0.188E-13
    23.0 0.000E+00 0.000E+00 0.211E-07 0.630E-04 0.426E-04 0.000E+00 0.192E-12

 Z-Verteilung  
 E*/MeV     Es         Fm         Md  
    8.0  0.000E+00 0.000E+00 0.709E-06
    9.0  0.000E+00 0.000E+00 0.378E-04
   10.0  0.000E+00 0.621E-11 0.449E-03
   11.0  0.925E-09 0.398E-09 0.385E-02
   12.0  0.139E-07 0.866E-08 0.254E-01
   13.0  0.135E-06 0.130E-06 0.105E+00
   14.0  0.999E-06 0.101E-05 0.169E+00
   15.0  0.453E-05 0.474E-05 0.207E+00
   16.0  0.145E-04 0.132E-04 0.314E+00
   17.0  0.335E-04 0.236E-04 0.565E+00
   18.0  0.585E-04 0.293E-04 0.925E+00
   19.0  0.816E-04 0.284E-04 0.111E+01
   20.0  0.952E-04 0.251E-04 0.899E+00
   21.0  0.975E-04 0.256E-04 0.580E+00
   22.0  0.963E-04 0.354E-04 0.328E+00
   23.0  0.106E-03 0.578E-04 0.176E+00

 Z und A Mittelwerte    
   E*/MeV     MW.Z  St.Abw.Z      MW.A  St.Abw.A
     8.0    101.00      0.00    256.11      0.32
     9.0    101.00      0.00    256.01      0.08
    10.0    101.00      0.00    256.00      0.03
    11.0    101.00      0.00    256.00      0.02
    12.0    101.00      0.00    256.00      0.00
    13.0    101.00      0.00    256.00      0.02
    14.0    101.00      0.01    255.99      0.09
    15.0    101.00      0.01    255.87      0.34
    16.0    101.00      0.02    255.46      0.50
    17.0    101.00      0.02    255.16      0.37
    18.0    101.00      0.02    255.05      0.23
    19.0    101.00      0.02    255.02      0.15
    20.0    101.00      0.02    255.01      0.11
    21.0    101.00      0.03    255.01      0.09
    22.0    101.00      0.04    255.00      0.10
    23.0    101.00      0.05    254.97      0.20

 HIVAP  CASOUT

   4He 253Es 257Md IFUS10 barfac1.0 sigr3.0 05/12/2022 10:53 Sitarcik   


     E_lab  A*MeV   E*/MeV     SI_fus      SI_VR     SI_Spalt  L_krit     b_Spalt

    31.906    7.98    24.0  0.9846E+03  0.1011E+00  0.9845E+03    13.0       99.99
    32.922    8.23    25.0  0.1065E+04  0.7350E-01  0.1065E+04    14.0       99.99
    33.938    8.48    26.0  0.1140E+04  0.7201E-01  0.1140E+04    15.0       99.99
    34.954    8.74    27.0  0.1210E+04  0.8186E-01  0.1210E+04    15.0       99.99
    35.970    8.99    28.0  0.1276E+04  0.8908E-01  0.1276E+04    16.0       99.99
    36.985    9.25    29.0  0.1337E+04  0.8425E-01  0.1337E+04    17.0       99.99
    38.001    9.50    30.0  0.1394E+04  0.6997E-01  0.1394E+04    17.0       99.99
    39.017    9.75    31.0  0.1448E+04  0.5316E-01  0.1448E+04    18.0      100.00
    40.033   10.01    32.0  0.1498E+04  0.3878E-01  0.1498E+04    18.0      100.00
    41.049   10.26    33.0  0.1546E+04  0.2862E-01  0.1546E+04    19.0      100.00
    42.064   10.52    34.0  0.1591E+04  0.2213E-01  0.1591E+04    19.0      100.00
    43.080   10.77    35.0  0.1633E+04  0.1786E-01  0.1633E+04    20.0      100.00
    44.096   11.02    36.0  0.1673E+04  0.1459E-01  0.1673E+04    20.0      100.00
    45.112   11.28    37.0  0.1710E+04  0.1170E-01  0.1710E+04    21.0      100.00
    46.128   11.53    38.0  0.1746E+04  0.9068E-02  0.1746E+04    21.0      100.00
    47.144   11.79    39.0  0.1780E+04  0.6779E-02  0.1780E+04    22.0      100.00

     Querschnitte / mbarn

  E*/MeV   251Md     252Md     253Md     254Md     255Md     256Md     257Md  
    24.0 0.000E+00 0.000E+00 0.000E+00 0.168E-01 0.838E-01 0.322E-03 0.000E+00
    25.0 0.000E+00 0.000E+00 0.000E+00 0.329E-01 0.401E-01 0.130E-03 0.000E+00
    26.0 0.000E+00 0.000E+00 0.204E-07 0.527E-01 0.188E-01 0.519E-04 0.000E+00
    27.0 0.000E+00 0.000E+00 0.160E-05 0.726E-01 0.873E-02 0.186E-04 0.000E+00
    28.0 0.000E+00 0.000E+00 0.227E-04 0.845E-01 0.402E-02 0.320E-05 0.000E+00
    29.0 0.000E+00 0.000E+00 0.151E-03 0.817E-01 0.185E-02 0.000E+00 0.000E+00
    30.0 0.000E+00 0.000E+00 0.602E-03 0.680E-01 0.849E-03 0.000E+00 0.000E+00
    31.0 0.000E+00 0.000E+00 0.163E-02 0.506E-01 0.392E-03 0.000E+00 0.000E+00
    32.0 0.000E+00 0.000E+00 0.335E-02 0.347E-01 0.181E-03 0.000E+00 0.000E+00
    33.0 0.000E+00 0.000E+00 0.555E-02 0.224E-01 0.839E-04 0.000E+00 0.000E+00
    34.0 0.000E+00 0.000E+00 0.765E-02 0.139E-01 0.387E-04 0.000E+00 0.000E+00
    35.0 0.000E+00 0.209E-07 0.898E-02 0.832E-02 0.174E-04 0.000E+00 0.000E+00
    36.0 0.000E+00 0.225E-06 0.920E-02 0.487E-02 0.733E-05 0.000E+00 0.000E+00
    37.0 0.000E+00 0.146E-05 0.844E-02 0.279E-02 0.227E-05 0.000E+00 0.000E+00
    38.0 0.000E+00 0.648E-05 0.709E-02 0.158E-02 0.000E+00 0.000E+00 0.000E+00
    39.0 0.000E+00 0.211E-04 0.555E-02 0.882E-03 0.000E+00 0.000E+00 0.000E+00

  E*/MeV   250Fm     251Fm     252Fm     253Fm     254Fm     255Fm     256Fm  
    24.0 0.000E+00 0.000E+00 0.000E+00 0.000E+00 0.369E-07 0.880E-04 0.255E-05
    25.0 0.000E+00 0.000E+00 0.000E+00 0.000E+00 0.248E-06 0.123E-03 0.129E-05
    26.0 0.000E+00 0.000E+00 0.000E+00 0.000E+00 0.108E-05 0.145E-03 0.633E-06
    27.0 0.000E+00 0.000E+00 0.000E+00 0.000E+00 0.351E-05 0.146E-03 0.303E-06
    28.0 0.000E+00 0.000E+00 0.000E+00 0.000E+00 0.906E-05 0.128E-03 0.142E-06
    29.0 0.000E+00 0.000E+00 0.000E+00 0.000E+00 0.192E-04 0.989E-04 0.651E-07
    30.0 0.000E+00 0.000E+00 0.000E+00 0.218E-10 0.341E-04 0.696E-04 0.287E-07
    31.0 0.000E+00 0.000E+00 0.000E+00 0.501E-09 0.515E-04 0.456E-04 0.117E-07
    32.0 0.000E+00 0.000E+00 0.000E+00 0.447E-08 0.668E-04 0.283E-04 0.408E-08
    33.0 0.000E+00 0.000E+00 0.000E+00 0.254E-07 0.754E-04 0.169E-04 0.000E+00
    34.0 0.000E+00 0.000E+00 0.000E+00 0.106E-06 0.751E-04 0.975E-05 0.000E+00
    35.0 0.000E+00 0.000E+00 0.000E+00 0.349E-06 0.671E-04 0.552E-05 0.000E+00
    36.0 0.000E+00 0.000E+00 0.000E+00 0.946E-06 0.548E-04 0.306E-05 0.000E+00
    37.0 0.000E+00 0.000E+00 0.160E-10 0.218E-05 0.416E-04 0.168E-05 0.000E+00
    38.0 0.000E+00 0.000E+00 0.176E-09 0.435E-05 0.298E-04 0.907E-06 0.000E+00
    39.0 0.000E+00 0.000E+00 0.124E-08 0.761E-05 0.203E-04 0.486E-06 0.000E+00

  E*/MeV   249Es     250Es     251Es     252Es     253Es     254Es     255Es  
    24.0 0.000E+00 0.000E+00 0.212E-06 0.108E-03 0.261E-04 0.000E+00 0.120E-11
    25.0 0.000E+00 0.000E+00 0.102E-05 0.170E-03 0.151E-04 0.000E+00 0.553E-11
    26.0 0.000E+00 0.000E+00 0.340E-05 0.243E-03 0.843E-05 0.000E+00 0.206E-10
    27.0 0.000E+00 0.000E+00 0.918E-05 0.317E-03 0.458E-05 0.000E+00 0.646E-10
    28.0 0.000E+00 0.000E+00 0.214E-04 0.375E-03 0.244E-05 0.249E-14 0.175E-09
    29.0 0.000E+00 0.000E+00 0.439E-04 0.400E-03 0.127E-05 0.600E-13 0.415E-09
    30.0 0.000E+00 0.133E-09 0.810E-04 0.382E-03 0.651E-06 0.585E-12 0.862E-09
    31.0 0.000E+00 0.221E-08 0.135E-03 0.326E-03 0.327E-06 0.376E-11 0.158E-08
    32.0 0.000E+00 0.161E-07 0.204E-03 0.250E-03 0.161E-06 0.180E-10 0.256E-08
    33.0 0.000E+00 0.749E-07 0.280E-03 0.177E-03 0.782E-07 0.687E-10 0.369E-08
    34.0 0.000E+00 0.263E-06 0.350E-03 0.116E-03 0.370E-07 0.219E-09 0.474E-08
    35.0 0.000E+00 0.769E-06 0.398E-03 0.730E-04 0.165E-07 0.601E-09 0.549E-08
    36.0 0.000E+00 0.195E-05 0.412E-03 0.441E-04 0.501E-08 0.145E-08 0.575E-08
    37.0 0.120E-09 0.442E-05 0.389E-03 0.259E-04 0.000E+00 0.310E-08 0.551E-08
    38.0 0.105E-08 0.902E-05 0.337E-03 0.149E-04 0.000E+00 0.600E-08 0.489E-08
    39.0 0.594E-08 0.167E-04 0.270E-03 0.839E-05 0.000E+00 0.105E-07 0.404E-08

 Z-Verteilung  
 E*/MeV     Es         Fm         Md  
   24.0  0.135E-03 0.906E-04 0.101E+00
   25.0  0.186E-03 0.125E-03 0.732E-01
   26.0  0.255E-03 0.147E-03 0.716E-01
   27.0  0.330E-03 0.150E-03 0.814E-01
   28.0  0.399E-03 0.137E-03 0.885E-01
   29.0  0.445E-03 0.118E-03 0.837E-01
   30.0  0.464E-03 0.104E-03 0.694E-01
   31.0  0.461E-03 0.971E-04 0.526E-01
   32.0  0.454E-03 0.951E-04 0.382E-01
   33.0  0.456E-03 0.923E-04 0.281E-01
   34.0  0.466E-03 0.849E-04 0.216E-01
   35.0  0.472E-03 0.730E-04 0.173E-01
   36.0  0.458E-03 0.588E-04 0.141E-01
   37.0  0.419E-03 0.455E-04 0.112E-01
   38.0  0.361E-03 0.350E-04 0.867E-02
   39.0  0.295E-03 0.284E-04 0.646E-02

 Z und A Mittelwerte    
   E*/MeV     MW.Z  St.Abw.Z      MW.A  St.Abw.A
    24.0    101.00      0.08    254.83      0.39
    25.0    100.99      0.11    254.55      0.52
    26.0    100.99      0.13    254.26      0.46
    27.0    100.99      0.13    254.10      0.34
    28.0    100.99      0.14    254.04      0.25
    29.0    100.99      0.15    254.01      0.22
    30.0    100.99      0.17    253.99      0.23
    31.0    100.98      0.19    253.96      0.29
    32.0    100.97      0.22    253.89      0.39
    33.0    100.96      0.26    253.77      0.51
    34.0    100.95      0.29    253.60      0.59
    35.0    100.94      0.33    253.42      0.62
    36.0    100.93      0.35    253.28      0.62
    37.0    100.92      0.38    253.17      0.59
    38.0    100.92      0.39    253.10      0.57
    39.0    100.91      0.41    253.04      0.56

 HIVAP  CASOUT

   4He 253Es 257Md IFUS10 barfac1.0 sigr3.0 05/12/2022 10:53 Sitarcik   


     E_lab  A*MeV   E*/MeV     SI_fus      SI_VR     SI_Spalt  L_krit     b_Spalt

    48.159   12.04    40.0  0.1812E+04  0.4915E-02  0.1812E+04    22.0      100.00
    49.175   12.29    41.0  0.1842E+04  0.3509E-02  0.1842E+04    23.0      100.00
    50.191   12.55    42.0  0.1871E+04  0.2526E-02  0.1871E+04    23.0      100.00
    51.207   12.80    43.0  0.1899E+04  0.1895E-02  0.1899E+04    24.0      100.00
    52.223   13.06    44.0  0.1925E+04  0.1520E-02  0.1925E+04    24.0      100.00
    53.238   13.31    45.0  0.1950E+04  0.1306E-02  0.1950E+04    24.0      100.00
    54.254   13.56    46.0  0.1974E+04  0.1172E-02  0.1974E+04    25.0      100.00
    55.270   13.82    47.0  0.1996E+04  0.1065E-02  0.1996E+04    25.0      100.00
    56.286   14.07    48.0  0.2018E+04  0.9595E-03  0.2018E+04    26.0      100.00
    57.302   14.33    49.0  0.2038E+04  0.8493E-03  0.2038E+04    26.0      100.00
    58.317   14.58    50.0  0.2058E+04  0.7388E-03  0.2058E+04    26.0      100.00
    59.333   14.83    51.0  0.2077E+04  0.6342E-03  0.2077E+04    27.0      100.00
    60.349   15.09    52.0  0.2095E+04  0.5401E-03  0.2095E+04    27.0      100.00
    61.365   15.34    53.0  0.2112E+04  0.4574E-03  0.2112E+04    27.0      100.00
    62.381   15.60    54.0  0.2129E+04  0.3854E-03  0.2129E+04    28.0      100.00
    63.396   15.85    55.0  0.2144E+04  0.3225E-03  0.2144E+04    28.0      100.00

     Querschnitte / mbarn

  E*/MeV   251Md     252Md     253Md     254Md     255Md     256Md     257Md  
    40.0 0.000E+00 0.538E-04 0.411E-02 0.488E-03 0.000E+00 0.000E+00 0.000E+00
    41.0 0.000E+00 0.113E-03 0.291E-02 0.268E-03 0.000E+00 0.000E+00 0.000E+00
    42.0 0.753E-09 0.204E-03 0.199E-02 0.146E-03 0.000E+00 0.000E+00 0.000E+00
    43.0 0.877E-08 0.323E-03 0.132E-02 0.795E-04 0.000E+00 0.000E+00 0.000E+00
    44.0 0.632E-07 0.454E-03 0.851E-03 0.430E-04 0.000E+00 0.000E+00 0.000E+00
    45.0 0.314E-06 0.572E-03 0.540E-03 0.232E-04 0.000E+00 0.000E+00 0.000E+00
    46.0 0.116E-05 0.653E-03 0.336E-03 0.125E-04 0.000E+00 0.000E+00 0.000E+00
    47.0 0.334E-05 0.684E-03 0.207E-03 0.663E-05 0.000E+00 0.000E+00 0.000E+00
    48.0 0.786E-05 0.666E-03 0.126E-03 0.348E-05 0.000E+00 0.000E+00 0.000E+00
    49.0 0.156E-04 0.609E-03 0.759E-04 0.177E-05 0.000E+00 0.000E+00 0.000E+00
    50.0 0.267E-04 0.529E-03 0.454E-04 0.808E-06 0.000E+00 0.000E+00 0.000E+00
    51.0 0.402E-04 0.439E-03 0.270E-04 0.106E-06 0.000E+00 0.000E+00 0.000E+00
    52.0 0.543E-04 0.351E-03 0.160E-04 0.000E+00 0.000E+00 0.000E+00 0.000E+00
    53.0 0.666E-04 0.272E-03 0.940E-05 0.000E+00 0.000E+00 0.000E+00 0.000E+00
    54.0 0.752E-04 0.205E-03 0.551E-05 0.000E+00 0.000E+00 0.000E+00 0.000E+00
    55.0 0.793E-04 0.151E-03 0.322E-05 0.000E+00 0.000E+00 0.000E+00 0.000E+00

  E*/MeV   250Fm     251Fm     252Fm     253Fm     254Fm     255Fm     256Fm  
    40.0 0.000E+00 0.000E+00 0.647E-08 0.118E-04 0.133E-04 0.258E-06 0.000E+00
    41.0 0.000E+00 0.000E+00 0.258E-07 0.163E-04 0.847E-05 0.136E-06 0.000E+00
    42.0 0.000E+00 0.000E+00 0.840E-07 0.204E-04 0.525E-05 0.708E-07 0.000E+00
    43.0 0.000E+00 0.000E+00 0.229E-06 0.231E-04 0.319E-05 0.361E-07 0.000E+00
    44.0 0.000E+00 0.000E+00 0.535E-06 0.240E-04 0.191E-05 0.173E-07 0.000E+00
    45.0 0.000E+00 0.000E+00 0.109E-05 0.231E-04 0.112E-05 0.603E-08 0.000E+00
    46.0 0.000E+00 0.959E-11 0.194E-05 0.208E-04 0.655E-06 0.000E+00 0.000E+00
    47.0 0.000E+00 0.625E-10 0.307E-05 0.177E-04 0.379E-06 0.000E+00 0.000E+00
    48.0 0.000E+00 0.314E-09 0.438E-05 0.144E-04 0.217E-06 0.000E+00 0.000E+00
    49.0 0.000E+00 0.132E-08 0.566E-05 0.112E-04 0.123E-06 0.000E+00 0.000E+00
    50.0 0.000E+00 0.449E-08 0.670E-05 0.847E-05 0.698E-07 0.000E+00 0.000E+00
    51.0 0.000E+00 0.131E-07 0.734E-05 0.619E-05 0.389E-07 0.000E+00 0.000E+00
    52.0 0.000E+00 0.335E-07 0.751E-05 0.442E-05 0.211E-07 0.000E+00 0.000E+00
    53.0 0.112E-11 0.760E-07 0.725E-05 0.308E-05 0.110E-07 0.000E+00 0.000E+00
    54.0 0.691E-11 0.155E-06 0.664E-05 0.211E-05 0.222E-08 0.000E+00 0.000E+00
    55.0 0.345E-10 0.285E-06 0.582E-05 0.142E-05 0.000E+00 0.000E+00 0.000E+00

  E*/MeV   249Es     250Es     251Es     252Es     253Es     254Es     255Es  
    40.0 0.252E-07 0.283E-04 0.203E-03 0.468E-05 0.000E+00 0.169E-07 0.315E-08
    41.0 0.867E-07 0.439E-04 0.145E-03 0.259E-05 0.000E+00 0.248E-07 0.234E-08
    42.0 0.255E-06 0.628E-04 0.990E-04 0.142E-05 0.000E+00 0.334E-07 0.166E-08
    43.0 0.663E-06 0.831E-04 0.654E-04 0.771E-06 0.000E+00 0.414E-07 0.114E-08
    44.0 0.154E-05 0.102E-03 0.419E-04 0.417E-06 0.142E-08 0.476E-07 0.758E-09
    45.0 0.324E-05 0.116E-03 0.263E-04 0.225E-06 0.498E-08 0.507E-07 0.491E-09
    46.0 0.621E-05 0.123E-03 0.162E-04 0.120E-06 0.926E-08 0.504E-07 0.312E-09
    47.0 0.109E-04 0.122E-03 0.983E-05 0.628E-07 0.161E-07 0.471E-07 0.194E-09
    48.0 0.175E-04 0.114E-03 0.589E-05 0.323E-07 0.205E-07 0.416E-07 0.119E-09
    49.0 0.260E-04 0.100E-03 0.350E-05 0.154E-07 0.448E-07 0.350E-07 0.721E-10
    50.0 0.356E-04 0.840E-04 0.206E-05 0.571E-08 0.628E-07 0.282E-07 0.430E-10
    51.0 0.452E-04 0.675E-04 0.120E-05 0.367E-09 0.710E-07 0.218E-07 0.254E-10
    52.0 0.536E-04 0.523E-04 0.697E-06 0.141E-08 0.666E-07 0.163E-07 0.146E-10
    53.0 0.593E-04 0.392E-04 0.402E-06 0.324E-08 0.546E-07 0.119E-07 0.797E-11
    54.0 0.618E-04 0.286E-04 0.231E-06 0.745E-08 0.401E-07 0.844E-08 0.294E-11
    55.0 0.608E-04 0.204E-04 0.132E-06 0.175E-07 0.208E-07 0.587E-08 0.000E+00

 Z-Verteilung  
 E*/MeV     Es         Fm         Md  
   40.0  0.236E-03 0.254E-04 0.465E-02
   41.0  0.191E-03 0.250E-04 0.329E-02
   42.0  0.164E-03 0.258E-04 0.234E-02
   43.0  0.150E-03 0.265E-04 0.172E-02
   44.0  0.146E-03 0.264E-04 0.135E-02
   45.0  0.146E-03 0.253E-04 0.113E-02
   46.0  0.146E-03 0.234E-04 0.100E-02
   47.0  0.143E-03 0.212E-04 0.901E-03
   48.0  0.137E-03 0.190E-04 0.803E-03
   49.0  0.130E-03 0.170E-04 0.703E-03
   50.0  0.122E-03 0.152E-04 0.602E-03
   51.0  0.114E-03 0.136E-04 0.507E-03
   52.0  0.107E-03 0.120E-04 0.422E-03
   53.0  0.990E-04 0.104E-04 0.348E-03
   54.0  0.907E-04 0.891E-05 0.286E-03
   55.0  0.814E-04 0.752E-05 0.234E-03

 Z und A Mittelwerte    
   E*/MeV     MW.Z  St.Abw.Z      MW.A  St.Abw.A
    40.0    100.90      0.43    252.99      0.58
    41.0    100.88      0.46    252.93      0.62
    42.0    100.86      0.50    252.83      0.70
    43.0    100.83      0.55    252.67      0.80
    44.0    100.79      0.60    252.47      0.88
    45.0    100.76      0.64    252.26      0.91
    46.0    100.73      0.67    252.09      0.91
    47.0    100.71      0.69    251.95      0.89
    48.0    100.69      0.71    251.85      0.89
    49.0    100.67      0.72    251.76      0.91
    50.0    100.65      0.75    251.66      0.94
    51.0    100.62      0.77    251.56      1.00
    52.0    100.58      0.80    251.45      1.05
    53.0    100.54      0.83    251.32      1.11
    54.0    100.51      0.85    251.19      1.14
    55.0    100.47      0.87    251.07      1.16

 HIVAP  CASOUT

   4He 253Es 257Md IFUS10 barfac1.0 sigr3.0 05/12/2022 10:53 Sitarcik   


     E_lab  A*MeV   E*/MeV     SI_fus      SI_VR     SI_Spalt  L_krit     b_Spalt

    64.412   16.10    56.0  0.2159E+04  0.2673E-03  0.2159E+04    28.0      100.00
    65.428   16.36    57.0  0.2174E+04  0.2191E-03  0.2174E+04    29.0      100.00
    66.444   16.61    58.0  0.2188E+04  0.1772E-03  0.2188E+04    29.0      100.00
    67.460   16.86    59.0  0.2201E+04  0.1413E-03  0.2201E+04    29.0      100.00
    68.476   17.12    60.0  0.2214E+04  0.1112E-03  0.2214E+04    30.0      100.00
    69.491   17.37    61.0  0.2226E+04  0.8632E-04  0.2226E+04    30.0      100.00
    70.507   17.63    62.0  0.2238E+04  0.6627E-04  0.2238E+04    30.0      100.00
    71.523   17.88    63.0  0.2249E+04  0.5033E-04  0.2249E+04    30.0      100.00
    72.539   18.13    64.0  0.2260E+04  0.3788E-04  0.2260E+04    31.0      100.00
    73.555   18.39    65.0  0.2271E+04  0.2829E-04  0.2271E+04    31.0      100.00
    74.570   18.64    66.0  0.2281E+04  0.2101E-04  0.2281E+04    31.0      100.00
    75.586   18.90    67.0  0.2291E+04  0.1555E-04  0.2291E+04    32.0      100.00
    76.602   19.15    68.0  0.2300E+04  0.1149E-04  0.2300E+04    32.0      100.00
    77.618   19.40    69.0  0.2309E+04  0.8482E-05  0.2309E+04    32.0      100.00
    78.634   19.66    70.0  0.2318E+04  0.6277E-05  0.2318E+04    32.0      100.00
    79.649   19.91    71.0  0.2326E+04  0.4667E-05  0.2326E+04    33.0      100.00

     Querschnitte / mbarn

  E*/MeV   251Md     252Md     253Md     254Md     255Md     256Md     257Md  
    56.0 0.789E-04 0.109E-03 0.186E-05 0.000E+00 0.000E+00 0.000E+00 0.000E+00
    57.0 0.745E-04 0.772E-04 0.106E-05 0.000E+00 0.000E+00 0.000E+00 0.000E+00
    58.0 0.674E-04 0.539E-04 0.585E-06 0.000E+00 0.000E+00 0.000E+00 0.000E+00
    59.0 0.587E-04 0.372E-04 0.298E-06 0.000E+00 0.000E+00 0.000E+00 0.000E+00
    60.0 0.495E-04 0.253E-04 0.113E-06 0.000E+00 0.000E+00 0.000E+00 0.000E+00
    61.0 0.406E-04 0.171E-04 0.000E+00 0.000E+00 0.000E+00 0.000E+00 0.000E+00
    62.0 0.325E-04 0.114E-04 0.000E+00 0.000E+00 0.000E+00 0.000E+00 0.000E+00
    63.0 0.254E-04 0.759E-05 0.000E+00 0.000E+00 0.000E+00 0.000E+00 0.000E+00
    64.0 0.195E-04 0.500E-05 0.000E+00 0.000E+00 0.000E+00 0.000E+00 0.000E+00
    65.0 0.147E-04 0.328E-05 0.000E+00 0.000E+00 0.000E+00 0.000E+00 0.000E+00
    66.0 0.110E-04 0.214E-05 0.000E+00 0.000E+00 0.000E+00 0.000E+00 0.000E+00
    67.0 0.805E-05 0.138E-05 0.000E+00 0.000E+00 0.000E+00 0.000E+00 0.000E+00
    68.0 0.584E-05 0.894E-06 0.000E+00 0.000E+00 0.000E+00 0.000E+00 0.000E+00
    69.0 0.419E-05 0.572E-06 0.000E+00 0.000E+00 0.000E+00 0.000E+00 0.000E+00
    70.0 0.298E-05 0.365E-06 0.000E+00 0.000E+00 0.000E+00 0.000E+00 0.000E+00
    71.0 0.210E-05 0.230E-06 0.000E+00 0.000E+00 0.000E+00 0.000E+00 0.000E+00

  E*/MeV   250Fm     251Fm     252Fm     253Fm     254Fm     255Fm     256Fm  
    56.0 0.143E-09 0.477E-06 0.490E-05 0.944E-06 0.000E+00 0.000E+00 0.000E+00
    57.0 0.504E-09 0.732E-06 0.399E-05 0.620E-06 0.000E+00 0.000E+00 0.000E+00
    58.0 0.155E-08 0.104E-05 0.315E-05 0.403E-06 0.000E+00 0.000E+00 0.000E+00
    59.0 0.412E-08 0.136E-05 0.243E-05 0.260E-06 0.000E+00 0.000E+00 0.000E+00
    60.0 0.968E-08 0.167E-05 0.183E-05 0.166E-06 0.000E+00 0.000E+00 0.000E+00
    61.0 0.204E-07 0.193E-05 0.135E-05 0.105E-06 0.000E+00 0.000E+00 0.000E+00
    62.0 0.387E-07 0.211E-05 0.982E-06 0.664E-07 0.000E+00 0.000E+00 0.000E+00
    63.0 0.669E-07 0.219E-05 0.703E-06 0.414E-07 0.000E+00 0.000E+00 0.000E+00
    64.0 0.106E-06 0.218E-05 0.496E-06 0.256E-07 0.000E+00 0.000E+00 0.000E+00
    65.0 0.155E-06 0.209E-05 0.346E-06 0.155E-07 0.000E+00 0.000E+00 0.000E+00
    66.0 0.211E-06 0.193E-05 0.239E-06 0.891E-08 0.000E+00 0.000E+00 0.000E+00
    67.0 0.270E-06 0.173E-05 0.163E-06 0.433E-08 0.000E+00 0.000E+00 0.000E+00
    68.0 0.326E-06 0.151E-05 0.111E-06 0.149E-08 0.000E+00 0.000E+00 0.000E+00
    69.0 0.373E-06 0.128E-05 0.745E-07 0.000E+00 0.000E+00 0.000E+00 0.000E+00
    70.0 0.408E-06 0.106E-05 0.498E-07 0.000E+00 0.000E+00 0.000E+00 0.000E+00
    71.0 0.428E-06 0.865E-06 0.330E-07 0.000E+00 0.000E+00 0.000E+00 0.000E+00

  E*/MeV   249Es     250Es     251Es     252Es     253Es     254Es     255Es  
    56.0 0.569E-04 0.143E-04 0.745E-07 0.304E-07 0.871E-08 0.400E-08 0.000E+00
    57.0 0.510E-04 0.983E-05 0.418E-07 0.489E-07 0.000E+00 0.269E-08 0.000E+00
    58.0 0.439E-04 0.666E-05 0.236E-07 0.668E-07 0.000E+00 0.178E-08 0.000E+00
    59.0 0.365E-04 0.445E-05 0.160E-07 0.830E-07 0.000E+00 0.117E-08 0.000E+00
    60.0 0.295E-04 0.295E-05 0.139E-07 0.997E-07 0.000E+00 0.755E-09 0.000E+00
    61.0 0.231E-04 0.193E-05 0.187E-07 0.111E-06 0.000E+00 0.484E-09 0.000E+00
    62.0 0.178E-04 0.125E-05 0.280E-07 0.116E-06 0.000E+00 0.308E-09 0.000E+00
    63.0 0.134E-04 0.808E-06 0.422E-07 0.114E-06 0.000E+00 0.194E-09 0.000E+00
    64.0 0.986E-05 0.518E-06 0.590E-07 0.109E-06 0.000E+00 0.121E-09 0.000E+00
    65.0 0.717E-05 0.330E-06 0.780E-07 0.991E-07 0.000E+00 0.737E-10 0.000E+00
    66.0 0.513E-05 0.210E-06 0.971E-07 0.839E-07 0.000E+00 0.436E-10 0.000E+00
    67.0 0.363E-05 0.133E-06 0.114E-06 0.700E-07 0.000E+00 0.225E-10 0.000E+00
    68.0 0.254E-05 0.844E-07 0.129E-06 0.518E-07 0.000E+00 0.560E-11 0.000E+00
    69.0 0.176E-05 0.550E-07 0.139E-06 0.343E-07 0.000E+00 0.000E+00 0.000E+00
    70.0 0.121E-05 0.376E-07 0.143E-06 0.172E-07 0.000E+00 0.000E+00 0.000E+00
    71.0 0.826E-06 0.286E-07 0.143E-06 0.993E-08 0.000E+00 0.000E+00 0.000E+00

 Z-Verteilung  
 E*/MeV     Es         Fm         Md  
   56.0  0.714E-04 0.632E-05 0.190E-03
   57.0  0.609E-04 0.534E-05 0.153E-03
   58.0  0.507E-04 0.460E-05 0.122E-03
   59.0  0.411E-04 0.406E-05 0.962E-04
   60.0  0.325E-04 0.368E-05 0.750E-04
   61.0  0.252E-04 0.341E-05 0.577E-04
   62.0  0.192E-04 0.320E-05 0.439E-04
   63.0  0.143E-04 0.301E-05 0.330E-04
   64.0  0.105E-04 0.281E-05 0.245E-04
   65.0  0.767E-05 0.261E-05 0.180E-04
   66.0  0.552E-05 0.239E-05 0.131E-04
   67.0  0.395E-05 0.217E-05 0.943E-05
   68.0  0.281E-05 0.194E-05 0.673E-05
   69.0  0.199E-05 0.173E-05 0.477E-05
   70.0  0.141E-05 0.152E-05 0.335E-05
   71.0  0.101E-05 0.133E-05 0.233E-05

 Z und A Mittelwerte    
   E*/MeV     MW.Z  St.Abw.Z      MW.A  St.Abw.A
    56.0    100.44      0.88    250.97      1.17
    57.0    100.42      0.89    250.88      1.17
    58.0    100.40      0.90    250.80      1.15
    59.0    100.39      0.91    250.74      1.14
    60.0    100.38      0.91    250.69      1.12
    61.0    100.38      0.90    250.66      1.09
    62.0    100.37      0.90    250.64      1.07
    63.0    100.37      0.90    250.62      1.05
    64.0    100.37      0.89    250.61      1.03
    65.0    100.37      0.88    250.61      1.01
    66.0    100.36      0.87    250.61      0.98
    67.0    100.35      0.86    250.61      0.96
    68.0    100.34      0.84    250.61      0.93
    69.0    100.33      0.83    250.61      0.90
    70.0    100.31      0.81    250.61      0.87
    71.0    100.28      0.80    250.61      0.84

 HIVAP  CASOUT

   4He 253Es 257Md IFUS10 barfac1.0 sigr3.0 05/12/2022 10:53 Sitarcik   


     E_lab  A*MeV   E*/MeV     SI_fus      SI_VR     SI_Spalt  L_krit     b_Spalt

    80.665   20.17    72.0  0.2334E+04  0.3476E-05  0.2334E+04    33.0      100.00
    81.681   20.42    73.0  0.2342E+04  0.2610E-05  0.2342E+04    33.0      100.00
    82.697   20.67    74.0  0.2349E+04  0.1972E-05  0.2349E+04    34.0      100.00
    83.713   20.93    75.0  0.2357E+04  0.1501E-05  0.2357E+04    34.0      100.00
    84.728   21.18    76.0  0.2364E+04  0.1151E-05  0.2364E+04    34.0      100.00
    85.744   21.44    77.0  0.2370E+04  0.8976E-06  0.2370E+04    34.0      100.00
    86.760   21.69    78.0  0.2377E+04  0.7054E-06  0.2377E+04    35.0      100.00
    87.776   21.94    79.0  0.2383E+04  0.5571E-06  0.2383E+04    35.0      100.00
    88.792   22.20    80.0  0.2389E+04  0.4441E-06  0.2389E+04    35.0      100.00
    89.808   22.45    81.0  0.2395E+04  0.3626E-06  0.2395E+04    35.0      100.00
    90.823   22.71    82.0  0.2400E+04  0.2994E-06  0.2400E+04    36.0      100.00
    91.839   22.96    83.0  0.2406E+04  0.2488E-06  0.2406E+04    36.0      100.00
    92.855   23.21    84.0  0.2411E+04  0.2152E-06  0.2411E+04    36.0      100.00
    93.871   23.47    85.0  0.2416E+04  0.1907E-06  0.2416E+04    36.0      100.00
    94.887   23.72    86.0  0.2421E+04  0.1736E-06  0.2421E+04    36.0      100.00
    95.902   23.98    87.0  0.2426E+04  0.1585E-06  0.2426E+04    37.0      100.00

     Querschnitte / mbarn

  E*/MeV   251Md     252Md     253Md     254Md     255Md     256Md     257Md  
    72.0 0.147E-05 0.136E-06 0.000E+00 0.000E+00 0.000E+00 0.000E+00 0.000E+00
    73.0 0.102E-05 0.749E-07 0.000E+00 0.000E+00 0.000E+00 0.000E+00 0.000E+00
    74.0 0.708E-06 0.378E-07 0.000E+00 0.000E+00 0.000E+00 0.000E+00 0.000E+00
    75.0 0.487E-06 0.150E-07 0.000E+00 0.000E+00 0.000E+00 0.000E+00 0.000E+00
    76.0 0.333E-06 0.000E+00 0.000E+00 0.000E+00 0.000E+00 0.000E+00 0.000E+00
    77.0 0.227E-06 0.000E+00 0.000E+00 0.000E+00 0.000E+00 0.000E+00 0.000E+00
    78.0 0.153E-06 0.000E+00 0.000E+00 0.000E+00 0.000E+00 0.000E+00 0.000E+00
    79.0 0.102E-06 0.000E+00 0.000E+00 0.000E+00 0.000E+00 0.000E+00 0.000E+00
    80.0 0.674E-07 0.000E+00 0.000E+00 0.000E+00 0.000E+00 0.000E+00 0.000E+00
    81.0 0.439E-07 0.000E+00 0.000E+00 0.000E+00 0.000E+00 0.000E+00 0.000E+00
    82.0 0.273E-07 0.000E+00 0.000E+00 0.000E+00 0.000E+00 0.000E+00 0.000E+00
    83.0 0.121E-07 0.000E+00 0.000E+00 0.000E+00 0.000E+00 0.000E+00 0.000E+00
    84.0 0.431E-08 0.000E+00 0.000E+00 0.000E+00 0.000E+00 0.000E+00 0.000E+00
    85.0 0.000E+00 0.000E+00 0.000E+00 0.000E+00 0.000E+00 0.000E+00 0.000E+00
    86.0 0.000E+00 0.000E+00 0.000E+00 0.000E+00 0.000E+00 0.000E+00 0.000E+00
    87.0 0.000E+00 0.000E+00 0.000E+00 0.000E+00 0.000E+00 0.000E+00 0.000E+00

  E*/MeV   250Fm     251Fm     252Fm     253Fm     254Fm     255Fm     256Fm  
    72.0 0.432E-06 0.691E-06 0.218E-07 0.000E+00 0.000E+00 0.000E+00 0.000E+00
    73.0 0.422E-06 0.544E-06 0.141E-07 0.000E+00 0.000E+00 0.000E+00 0.000E+00
    74.0 0.399E-06 0.422E-06 0.921E-08 0.000E+00 0.000E+00 0.000E+00 0.000E+00
    75.0 0.368E-06 0.323E-06 0.533E-08 0.000E+00 0.000E+00 0.000E+00 0.000E+00
    76.0 0.331E-06 0.244E-06 0.291E-08 0.000E+00 0.000E+00 0.000E+00 0.000E+00
    77.0 0.291E-06 0.183E-06 0.907E-09 0.000E+00 0.000E+00 0.000E+00 0.000E+00
    78.0 0.251E-06 0.135E-06 0.000E+00 0.000E+00 0.000E+00 0.000E+00 0.000E+00
    79.0 0.212E-06 0.995E-07 0.000E+00 0.000E+00 0.000E+00 0.000E+00 0.000E+00
    80.0 0.177E-06 0.725E-07 0.000E+00 0.000E+00 0.000E+00 0.000E+00 0.000E+00
    81.0 0.145E-06 0.525E-07 0.000E+00 0.000E+00 0.000E+00 0.000E+00 0.000E+00
    82.0 0.117E-06 0.377E-07 0.000E+00 0.000E+00 0.000E+00 0.000E+00 0.000E+00
    83.0 0.938E-07 0.269E-07 0.000E+00 0.000E+00 0.000E+00 0.000E+00 0.000E+00
    84.0 0.741E-07 0.190E-07 0.000E+00 0.000E+00 0.000E+00 0.000E+00 0.000E+00
    85.0 0.579E-07 0.134E-07 0.000E+00 0.000E+00 0.000E+00 0.000E+00 0.000E+00
    86.0 0.448E-07 0.932E-08 0.000E+00 0.000E+00 0.000E+00 0.000E+00 0.000E+00
    87.0 0.344E-07 0.641E-08 0.000E+00 0.000E+00 0.000E+00 0.000E+00 0.000E+00

  E*/MeV   249Es     250Es     251Es     252Es     253Es     254Es     255Es  
    72.0 0.559E-06 0.256E-07 0.137E-06 0.000E+00 0.000E+00 0.000E+00 0.000E+00
    73.0 0.377E-06 0.264E-07 0.127E-06 0.000E+00 0.000E+00 0.000E+00 0.000E+00
    74.0 0.253E-06 0.310E-07 0.113E-06 0.000E+00 0.000E+00 0.000E+00 0.000E+00
    75.0 0.169E-06 0.385E-07 0.958E-07 0.000E+00 0.000E+00 0.000E+00 0.000E+00
    76.0 0.113E-06 0.468E-07 0.796E-07 0.000E+00 0.000E+00 0.000E+00 0.000E+00
    77.0 0.763E-07 0.556E-07 0.641E-07 0.000E+00 0.000E+00 0.000E+00 0.000E+00
    78.0 0.529E-07 0.642E-07 0.486E-07 0.000E+00 0.000E+00 0.000E+00 0.000E+00
    79.0 0.391E-07 0.722E-07 0.315E-07 0.000E+00 0.000E+00 0.000E+00 0.000E+00
    80.0 0.319E-07 0.780E-07 0.173E-07 0.000E+00 0.000E+00 0.000E+00 0.000E+00
    81.0 0.294E-07 0.818E-07 0.995E-08 0.000E+00 0.000E+00 0.000E+00 0.000E+00
    82.0 0.302E-07 0.834E-07 0.339E-08 0.000E+00 0.000E+00 0.000E+00 0.000E+00
    83.0 0.340E-07 0.821E-07 0.000E+00 0.000E+00 0.000E+00 0.000E+00 0.000E+00
    84.0 0.393E-07 0.784E-07 0.000E+00 0.000E+00 0.000E+00 0.000E+00 0.000E+00
    85.0 0.455E-07 0.740E-07 0.000E+00 0.000E+00 0.000E+00 0.000E+00 0.000E+00
    86.0 0.518E-07 0.677E-07 0.000E+00 0.000E+00 0.000E+00 0.000E+00 0.000E+00
    87.0 0.576E-07 0.602E-07 0.000E+00 0.000E+00 0.000E+00 0.000E+00 0.000E+00

 Z-Verteilung  
 E*/MeV     Es         Fm         Md  
   72.0  0.722E-06 0.114E-05 0.161E-05
   73.0  0.530E-06 0.980E-06 0.110E-05
   74.0  0.396E-06 0.830E-06 0.746E-06
   75.0  0.303E-06 0.696E-06 0.502E-06
   76.0  0.239E-06 0.578E-06 0.333E-06
   77.0  0.196E-06 0.475E-06 0.227E-06
   78.0  0.166E-06 0.386E-06 0.153E-06
   79.0  0.143E-06 0.312E-06 0.102E-06
   80.0  0.127E-06 0.249E-06 0.674E-07
   81.0  0.121E-06 0.198E-06 0.439E-07
   82.0  0.117E-06 0.155E-06 0.273E-07
   83.0  0.116E-06 0.121E-06 0.121E-07
   84.0  0.118E-06 0.931E-07 0.431E-08
   85.0  0.119E-06 0.713E-07 0.000E+00
   86.0  0.119E-06 0.541E-07 0.000E+00
   87.0  0.118E-06 0.408E-07 0.000E+00

 Z und A Mittelwerte    
   E*/MeV     MW.Z  St.Abw.Z      MW.A  St.Abw.A
    72.0    100.26      0.78    250.59      0.81
    73.0    100.22      0.76    250.57      0.78
    74.0    100.18      0.74    250.55      0.74
    75.0    100.13      0.72    250.52      0.71
    76.0    100.08      0.70    250.48      0.67
    77.0    100.03      0.69    250.44      0.65
    78.0     99.98      0.67    250.40      0.63
    79.0     99.93      0.66    250.35      0.61
    80.0     99.87      0.65    250.28      0.59
    81.0     99.79      0.64    250.21      0.57
    82.0     99.70      0.63    250.13      0.56
    83.0     99.58      0.58    250.02      0.54
    84.0     99.47      0.54    249.93      0.53
    85.0     99.37      0.48    249.83      0.53
    86.0     99.31      0.46    249.76      0.54
    87.0     99.26      0.44    249.68      0.55

 HIVAP  CASOUT

   4He 253Es 257Md IFUS10 barfac1.0 sigr3.0 05/12/2022 10:53 Sitarcik   


     E_lab  A*MeV   E*/MeV     SI_fus      SI_VR     SI_Spalt  L_krit     b_Spalt

    96.918   24.23    88.0  0.2430E+04  0.1450E-06  0.2430E+04    37.0      100.00
    97.934   24.48    89.0  0.2435E+04  0.1315E-06  0.2435E+04    37.0      100.00
    98.950   24.74    90.0  0.2439E+04  0.1188E-06  0.2439E+04    37.0      100.00
    99.966   24.99    91.0  0.2443E+04  0.1049E-06  0.2443E+04    38.0      100.00

     Querschnitte / mbarn

  E*/MeV   251Md     252Md     253Md     254Md     255Md     256Md     257Md  
    88.0 0.000E+00 0.000E+00 0.000E+00 0.000E+00 0.000E+00 0.000E+00 0.000E+00
    89.0 0.000E+00 0.000E+00 0.000E+00 0.000E+00 0.000E+00 0.000E+00 0.000E+00
    90.0 0.000E+00 0.000E+00 0.000E+00 0.000E+00 0.000E+00 0.000E+00 0.000E+00
    91.0 0.000E+00 0.000E+00 0.000E+00 0.000E+00 0.000E+00 0.000E+00 0.000E+00

  E*/MeV   250Fm     251Fm     252Fm     253Fm     254Fm     255Fm     256Fm  
    88.0 0.262E-07 0.423E-08 0.000E+00 0.000E+00 0.000E+00 0.000E+00 0.000E+00
    89.0 0.198E-07 0.270E-08 0.000E+00 0.000E+00 0.000E+00 0.000E+00 0.000E+00
    90.0 0.148E-07 0.148E-08 0.000E+00 0.000E+00 0.000E+00 0.000E+00 0.000E+00
    91.0 0.110E-07 0.601E-09 0.000E+00 0.000E+00 0.000E+00 0.000E+00 0.000E+00

  E*/MeV   249Es     250Es     251Es     252Es     253Es     254Es     255Es  
    88.0 0.624E-07 0.521E-07 0.000E+00 0.000E+00 0.000E+00 0.000E+00 0.000E+00
    89.0 0.660E-07 0.430E-07 0.000E+00 0.000E+00 0.000E+00 0.000E+00 0.000E+00
    90.0 0.681E-07 0.344E-07 0.000E+00 0.000E+00 0.000E+00 0.000E+00 0.000E+00
    91.0 0.687E-07 0.246E-07 0.000E+00 0.000E+00 0.000E+00 0.000E+00 0.000E+00

 Z-Verteilung  
 E*/MeV     Es         Fm         Md  
   88.0  0.115E-06 0.304E-07 0.000E+00
   89.0  0.109E-06 0.225E-07 0.000E+00
   90.0  0.102E-06 0.163E-07 0.000E+00
   91.0  0.933E-07 0.116E-07 0.000E+00

 Z und A Mittelwerte    
   E*/MeV     MW.Z  St.Abw.Z      MW.A  St.Abw.A
    88.0     99.21      0.41    249.60      0.55
    89.0     99.17      0.38    249.52      0.54
    90.0     99.14      0.34    249.44      0.52
    91.0     99.11      0.31    249.35      0.49
                                                                        
           



 Ende HIVAP 
