E_lab	E*/MeV	185Po	186Po	187Po	188Po	189Po	190Po	191Po	192Po	193Po	194Po
213.849	17.0	0.000E+00	0.000E+00	0.000E+00	0.000E+00	0.000E+00	0.000E+00	0.000E+00	0.101E-10	0.000E+00	0.206E-12
215.210	18.0	0.000E+00	0.000E+00	0.000E+00	0.000E+00	0.000E+00	0.000E+00	0.132E-15	0.422E-10	0.000E+00	0.215E-11
216.571	19.0	0.000E+00	0.000E+00	0.000E+00	0.000E+00	0.000E+00	0.000E+00	0.705E-14	0.148E-09	0.000E+00	0.200E-10
217.932	20.0	0.000E+00	0.000E+00	0.000E+00	0.000E+00	0.000E+00	0.000E+00	0.175E-12	0.453E-09	0.000E+00	0.166E-09
219.293	21.0	0.000E+00	0.000E+00	0.000E+00	0.000E+00	0.000E+00	0.000E+00	0.304E-11	0.125E-08	0.000E+00	0.122E-08
220.654	22.0	0.000E+00	0.000E+00	0.000E+00	0.000E+00	0.000E+00	0.000E+00	0.424E-10	0.321E-08	0.619E-13	0.795E-08
222.016	23.0	0.000E+00	0.000E+00	0.000E+00	0.000E+00	0.000E+00	0.000E+00	0.481E-09	0.773E-08	0.293E-11	0.449E-07
223.377	24.0	0.000E+00	0.000E+00	0.000E+00	0.000E+00	0.000E+00	0.000E+00	0.424E-08	0.168E-07	0.571E-10	0.207E-06
224.738	25.0	0.000E+00	0.000E+00	0.000E+00	0.000E+00	0.000E+00	0.000E+00	0.268E-07	0.307E-07	0.554E-09	0.709E-06
226.099	26.0	0.000E+00	0.000E+00	0.000E+00	0.000E+00	0.000E+00	0.000E+00	0.119E-06	0.449E-07	0.301E-08	0.176E-05
227.460	27.0	0.000E+00	0.000E+00	0.000E+00	0.000E+00	0.000E+00	0.000E+00	0.395E-06	0.537E-07	0.111E-07	0.337E-05
228.821	28.0	0.000E+00	0.000E+00	0.000E+00	0.000E+00	0.000E+00	0.000E+00	0.102E-05	0.551E-07	0.325E-07	0.531E-05
230.182	29.0	0.000E+00	0.000E+00	0.000E+00	0.000E+00	0.000E+00	0.251E-11	0.216E-05	0.505E-07	0.870E-07	0.720E-05
231.543	30.0	0.000E+00	0.000E+00	0.000E+00	0.000E+00	0.000E+00	0.311E-10	0.378E-05	0.424E-07	0.229E-06	0.866E-05
232.904	31.0	0.000E+00	0.000E+00	0.000E+00	0.000E+00	0.000E+00	0.230E-09	0.556E-05	0.331E-07	0.585E-06	0.941E-05
234.266	32.0	0.000E+00	0.000E+00	0.000E+00	0.000E+00	0.000E+00	0.121E-08	0.705E-05	0.238E-07	0.140E-05	0.939E-05
235.627	33.0	0.000E+00	0.000E+00	0.000E+00	0.000E+00	0.000E+00	0.495E-08	0.786E-05	0.161E-07	0.307E-05	0.868E-05
236.988	34.0	0.000E+00	0.000E+00	0.000E+00	0.000E+00	0.000E+00	0.166E-07	0.788E-05	0.915E-08	0.604E-05	0.751E-05
238.349	35.0	0.000E+00	0.000E+00	0.000E+00	0.000E+00	0.000E+00	0.468E-07	0.723E-05	0.109E-08	0.106E-04	0.613E-05
239.710	36.0	0.000E+00	0.000E+00	0.000E+00	0.000E+00	0.000E+00	0.112E-06	0.616E-05	0.000E+00	0.168E-04	0.475E-05
241.071	37.0	0.000E+00	0.000E+00	0.000E+00	0.000E+00	0.000E+00	0.231E-06	0.494E-05	0.000E+00	0.239E-04	0.352E-05
242.432	38.0	0.000E+00	0.000E+00	0.000E+00	0.000E+00	0.000E+00	0.411E-06	0.376E-05	0.000E+00	0.308E-04	0.251E-05
243.793	39.0	0.000E+00	0.000E+00	0.000E+00	0.000E+00	0.000E+00	0.631E-06	0.273E-05	0.252E-08	0.362E-04	0.172E-05
245.154	40.0	0.000E+00	0.000E+00	0.000E+00	0.000E+00	0.000E+00	0.848E-06	0.192E-05	0.214E-07	0.392E-04	0.115E-05
246.516	41.0	0.000E+00	0.000E+00	0.000E+00	0.000E+00	0.000E+00	0.101E-05	0.130E-05	0.754E-07	0.395E-04	0.745E-06
247.877	42.0	0.000E+00	0.000E+00	0.000E+00	0.000E+00	0.625E-11	0.108E-05	0.857E-06	0.176E-06	0.374E-04	0.473E-06
249.238	43.0	0.000E+00	0.000E+00	0.000E+00	0.000E+00	0.321E-10	0.106E-05	0.552E-06	0.340E-06	0.335E-04	0.294E-06
250.599	44.0	0.000E+00	0.000E+00	0.000E+00	0.000E+00	0.132E-09	0.961E-06	0.349E-06	0.580E-06	0.286E-04	0.180E-06
251.960	45.0	0.000E+00	0.000E+00	0.000E+00	0.000E+00	0.454E-09	0.821E-06	0.217E-06	0.889E-06	0.234E-04	0.109E-06
253.321	46.0	0.000E+00	0.000E+00	0.000E+00	0.000E+00	0.135E-08	0.667E-06	0.134E-06	0.124E-05	0.185E-04	0.643E-07
254.682	47.0	0.000E+00	0.000E+00	0.000E+00	0.000E+00	0.353E-08	0.519E-06	0.812E-07	0.159E-05	0.142E-04	0.370E-07
256.043	48.0	0.000E+00	0.000E+00	0.000E+00	0.000E+00	0.818E-08	0.391E-06	0.489E-07	0.189E-05	0.107E-04	0.204E-07
257.404	49.0	0.000E+00	0.000E+00	0.000E+00	0.000E+00	0.169E-07	0.286E-06	0.293E-07	0.211E-05	0.782E-05	0.103E-07
258.766	50.0	0.000E+00	0.000E+00	0.000E+00	0.000E+00	0.314E-07	0.205E-06	0.177E-07	0.221E-05	0.562E-05	0.439E-08
260.127	51.0	0.000E+00	0.000E+00	0.000E+00	0.000E+00	0.524E-07	0.144E-06	0.110E-07	0.220E-05	0.398E-05	0.000E+00
261.488	52.0	0.000E+00	0.000E+00	0.000E+00	0.000E+00	0.788E-07	0.991E-07	0.859E-08	0.209E-05	0.278E-05	0.000E+00
262.849	53.0	0.000E+00	0.000E+00	0.000E+00	0.244E-12	0.108E-06	0.674E-07	0.109E-07	0.191E-05	0.192E-05	0.000E+00
264.210	54.0	0.000E+00	0.000E+00	0.000E+00	0.105E-11	0.135E-06	0.454E-07	0.187E-07	0.168E-05	0.131E-05	0.000E+00
265.571	55.0	0.000E+00	0.000E+00	0.000E+00	0.380E-11	0.156E-06	0.302E-07	0.348E-07	0.143E-05	0.889E-06	0.000E+00
266.932	56.0	0.000E+00	0.000E+00	0.000E+00	0.119E-10	0.168E-06	0.200E-07	0.608E-07	0.119E-05	0.597E-06	0.000E+00
268.293	57.0	0.000E+00	0.000E+00	0.000E+00	0.329E-10	0.170E-06	0.131E-07	0.984E-07	0.955E-06	0.398E-06	0.000E+00
269.654	58.0	0.000E+00	0.000E+00	0.000E+00	0.807E-10	0.165E-06	0.850E-08	0.148E-06	0.756E-06	0.263E-06	0.000E+00
271.016	59.0	0.000E+00	0.000E+00	0.000E+00	0.177E-09	0.152E-06	0.547E-08	0.208E-06	0.580E-06	0.173E-06	0.000E+00
272.377	60.0	0.000E+00	0.000E+00	0.000E+00	0.349E-09	0.135E-06	0.349E-08	0.274E-06	0.434E-06	0.113E-06	0.000E+00
273.738	61.0	0.000E+00	0.000E+00	0.000E+00	0.620E-09	0.116E-06	0.220E-08	0.340E-06	0.322E-06	0.728E-07	0.000E+00
275.099	62.0	0.000E+00	0.000E+00	0.000E+00	0.999E-09	0.970E-07	0.136E-08	0.401E-06	0.231E-06	0.467E-07	0.000E+00
276.460	63.0	0.000E+00	0.000E+00	0.000E+00	0.147E-08	0.791E-07	0.861E-09	0.449E-06	0.153E-06	0.296E-07	0.000E+00
277.821	64.0	0.000E+00	0.000E+00	0.000E+00	0.200E-08	0.631E-07	0.638E-09	0.482E-06	0.102E-06	0.183E-07	0.000E+00
279.182	65.0	0.000E+00	0.000E+00	0.000E+00	0.252E-08	0.494E-07	0.854E-09	0.497E-06	0.503E-07	0.110E-07	0.000E+00
280.543	66.0	0.000E+00	0.000E+00	0.000E+00	0.298E-08	0.380E-07	0.146E-08	0.494E-06	0.852E-08	0.639E-08	0.000E+00
281.904	67.0	0.000E+00	0.000E+00	0.861E-13	0.333E-08	0.289E-07	0.245E-08	0.476E-06	0.000E+00	0.299E-08	0.000E+00
283.266	68.0	0.000E+00	0.000E+00	0.292E-12	0.356E-08	0.216E-07	0.395E-08	0.445E-06	0.000E+00	0.498E-09	0.000E+00
284.627	69.0	0.000E+00	0.000E+00	0.887E-12	0.362E-08	0.160E-07	0.599E-08	0.405E-06	0.000E+00	0.000E+00	0.000E+00
285.988	70.0	0.000E+00	0.000E+00	0.242E-11	0.354E-08	0.118E-07	0.848E-08	0.360E-06	0.000E+00	0.000E+00	0.000E+00
287.349	71.0	0.000E+00	0.000E+00	0.594E-11	0.335E-08	0.854E-08	0.113E-07	0.313E-06	0.000E+00	0.000E+00	0.000E+00
288.710	72.0	0.000E+00	0.000E+00	0.132E-10	0.307E-08	0.616E-08	0.142E-07	0.267E-06	0.000E+00	0.000E+00	0.000E+00
290.071	73.0	0.000E+00	0.000E+00	0.269E-10	0.275E-08	0.441E-08	0.170E-07	0.224E-06	0.000E+00	0.000E+00	0.000E+00
291.432	74.0	0.000E+00	0.000E+00	0.500E-10	0.240E-08	0.314E-08	0.195E-07	0.185E-06	0.000E+00	0.000E+00	0.000E+00
292.793	75.0	0.000E+00	0.000E+00	0.854E-10	0.205E-08	0.222E-08	0.216E-07	0.150E-06	0.000E+00	0.000E+00	0.000E+00
294.154	76.0	0.000E+00	0.000E+00	0.135E-09	0.172E-08	0.157E-08	0.230E-07	0.119E-06	0.000E+00	0.000E+00	0.000E+00
295.516	77.0	0.000E+00	0.000E+00	0.199E-09	0.142E-08	0.112E-08	0.237E-07	0.929E-07	0.000E+00	0.000E+00	0.000E+00
296.877	78.0	0.000E+00	0.000E+00	0.274E-09	0.115E-08	0.831E-09	0.237E-07	0.728E-07	0.000E+00	0.000E+00	0.000E+00
298.238	79.0	0.000E+00	0.383E-14	0.356E-09	0.921E-09	0.676E-09	0.230E-07	0.557E-07	0.000E+00	0.000E+00	0.000E+00
299.599	80.0	0.000E+00	0.115E-13	0.438E-09	0.730E-09	0.653E-09	0.218E-07	0.397E-07	0.000E+00	0.000E+00	0.000E+00
300.960	81.0	0.000E+00	0.310E-13	0.515E-09	0.571E-09	0.736E-09	0.202E-07	0.246E-07	0.000E+00	0.000E+00	0.000E+00
302.321	82.0	0.000E+00	0.000E+00	0.000E+00	0.000E+00	0.000E+00	0.000E+00	0.000E+00	0.000E+00	0.000E+00	0.000E+00
303.682	83.0	0.000E+00	0.000E+00	0.000E+00	0.000E+00	0.000E+00	0.000E+00	0.000E+00	0.000E+00	0.000E+00	0.000E+00
305.043	84.0	0.000E+00	0.000E+00	0.000E+00	0.000E+00	0.000E+00	0.000E+00	0.000E+00	0.000E+00	0.000E+00	0.000E+00
306.404	85.0	0.000E+00	0.000E+00	0.000E+00	0.000E+00	0.000E+00	0.000E+00	0.000E+00	0.000E+00	0.000E+00	0.000E+00
307.766	86.0	0.000E+00	0.000E+00	0.000E+00	0.000E+00	0.000E+00	0.000E+00	0.000E+00	0.000E+00	0.000E+00	0.000E+00
309.127	87.0	0.000E+00	0.000E+00	0.000E+00	0.000E+00	0.000E+00	0.000E+00	0.000E+00	0.000E+00	0.000E+00	0.000E+00
310.488	88.0	0.000E+00	0.000E+00	0.000E+00	0.000E+00	0.000E+00	0.000E+00	0.000E+00	0.000E+00	0.000E+00	0.000E+00
311.849	89.0	0.000E+00	0.000E+00	0.000E+00	0.000E+00	0.000E+00	0.000E+00	0.000E+00	0.000E+00	0.000E+00	0.000E+00
313.210	90.0	0.000E+00	0.000E+00	0.000E+00	0.000E+00	0.000E+00	0.000E+00	0.000E+00	0.000E+00	0.000E+00	0.000E+00
314.571	91.0	0.000E+00	0.000E+00	0.000E+00	0.000E+00	0.000E+00	0.000E+00	0.000E+00	0.000E+00	0.000E+00	0.000E+00
