E_lab	E*/MeV	184Bi	185Bi	186Bi	187Bi	188Bi	189Bi	190Bi	191Bi	192Bi	193Bi
213.849	17.0	0.000E+00	0.000E+00	0.000E+00	0.000E+00	0.000E+00	0.000E+00	0.000E+00	0.360E-14	0.000E+00	0.000E+00
215.210	18.0	0.000E+00	0.000E+00	0.000E+00	0.000E+00	0.000E+00	0.000E+00	0.000E+00	0.489E-13	0.000E+00	0.132E-20
216.571	19.0	0.000E+00	0.000E+00	0.000E+00	0.000E+00	0.000E+00	0.000E+00	0.000E+00	0.572E-12	0.000E+00	0.541E-18
217.932	20.0	0.000E+00	0.000E+00	0.000E+00	0.000E+00	0.000E+00	0.000E+00	0.000E+00	0.592E-11	0.000E+00	0.358E-16
219.293	21.0	0.000E+00	0.000E+00	0.000E+00	0.000E+00	0.000E+00	0.000E+00	0.000E+00	0.554E-10	0.000E+00	0.129E-14
220.654	22.0	0.000E+00	0.000E+00	0.000E+00	0.000E+00	0.000E+00	0.000E+00	0.000E+00	0.470E-09	0.000E+00	0.316E-13
222.016	23.0	0.000E+00	0.000E+00	0.000E+00	0.000E+00	0.000E+00	0.000E+00	0.000E+00	0.356E-08	0.000E+00	0.574E-12
223.377	24.0	0.000E+00	0.000E+00	0.000E+00	0.000E+00	0.000E+00	0.000E+00	0.000E+00	0.228E-07	0.000E+00	0.767E-11
224.738	25.0	0.000E+00	0.000E+00	0.000E+00	0.000E+00	0.000E+00	0.000E+00	0.217E-12	0.112E-06	0.000E+00	0.703E-10
226.099	26.0	0.000E+00	0.000E+00	0.000E+00	0.000E+00	0.000E+00	0.000E+00	0.361E-11	0.408E-06	0.000E+00	0.439E-09
227.460	27.0	0.000E+00	0.000E+00	0.000E+00	0.000E+00	0.000E+00	0.000E+00	0.364E-10	0.116E-05	0.000E+00	0.204E-08
228.821	28.0	0.000E+00	0.000E+00	0.000E+00	0.000E+00	0.000E+00	0.000E+00	0.260E-09	0.272E-05	0.000E+00	0.763E-08
230.182	29.0	0.000E+00	0.000E+00	0.000E+00	0.000E+00	0.000E+00	0.000E+00	0.143E-08	0.549E-05	0.000E+00	0.242E-07
231.543	30.0	0.000E+00	0.000E+00	0.000E+00	0.000E+00	0.000E+00	0.000E+00	0.646E-08	0.968E-05	0.000E+00	0.670E-07
232.904	31.0	0.000E+00	0.000E+00	0.000E+00	0.000E+00	0.000E+00	0.000E+00	0.245E-07	0.151E-04	0.295E-13	0.165E-06
234.266	32.0	0.000E+00	0.000E+00	0.000E+00	0.000E+00	0.000E+00	0.000E+00	0.805E-07	0.211E-04	0.254E-11	0.368E-06
235.627	33.0	0.000E+00	0.000E+00	0.000E+00	0.000E+00	0.000E+00	0.000E+00	0.232E-06	0.267E-04	0.183E-10	0.747E-06
236.988	34.0	0.000E+00	0.000E+00	0.000E+00	0.000E+00	0.000E+00	0.000E+00	0.593E-06	0.307E-04	0.103E-09	0.139E-05
238.349	35.0	0.000E+00	0.000E+00	0.000E+00	0.000E+00	0.000E+00	0.000E+00	0.136E-05	0.324E-04	0.475E-09	0.240E-05
239.710	36.0	0.000E+00	0.000E+00	0.000E+00	0.000E+00	0.000E+00	0.621E-11	0.282E-05	0.317E-04	0.184E-08	0.384E-05
241.071	37.0	0.000E+00	0.000E+00	0.000E+00	0.000E+00	0.000E+00	0.476E-10	0.531E-05	0.291E-04	0.610E-08	0.570E-05
242.432	38.0	0.000E+00	0.000E+00	0.000E+00	0.000E+00	0.000E+00	0.247E-09	0.919E-05	0.251E-04	0.177E-07	0.789E-05
243.793	39.0	0.000E+00	0.000E+00	0.000E+00	0.000E+00	0.000E+00	0.106E-08	0.147E-04	0.206E-04	0.458E-07	0.102E-04
245.154	40.0	0.000E+00	0.000E+00	0.000E+00	0.000E+00	0.000E+00	0.384E-08	0.217E-04	0.161E-04	0.106E-06	0.124E-04
246.516	41.0	0.000E+00	0.000E+00	0.000E+00	0.000E+00	0.000E+00	0.122E-07	0.299E-04	0.121E-04	0.224E-06	0.143E-04
247.877	42.0	0.000E+00	0.000E+00	0.000E+00	0.000E+00	0.000E+00	0.345E-07	0.383E-04	0.879E-05	0.435E-06	0.155E-04
249.238	43.0	0.000E+00	0.000E+00	0.000E+00	0.000E+00	0.000E+00	0.876E-07	0.460E-04	0.619E-05	0.785E-06	0.160E-04
250.599	44.0	0.000E+00	0.000E+00	0.000E+00	0.000E+00	0.000E+00	0.202E-06	0.519E-04	0.426E-05	0.133E-05	0.158E-04
251.960	45.0	0.000E+00	0.000E+00	0.000E+00	0.000E+00	0.000E+00	0.428E-06	0.551E-04	0.286E-05	0.211E-05	0.150E-04
253.321	46.0	0.000E+00	0.000E+00	0.000E+00	0.000E+00	0.000E+00	0.831E-06	0.555E-04	0.189E-05	0.318E-05	0.137E-04
254.682	47.0	0.000E+00	0.000E+00	0.000E+00	0.000E+00	0.000E+00	0.149E-05	0.532E-04	0.123E-05	0.458E-05	0.120E-04
256.043	48.0	0.000E+00	0.000E+00	0.000E+00	0.000E+00	0.000E+00	0.249E-05	0.487E-04	0.796E-06	0.629E-05	0.103E-04
257.404	49.0	0.000E+00	0.000E+00	0.000E+00	0.000E+00	0.000E+00	0.388E-05	0.429E-04	0.517E-06	0.829E-05	0.858E-05
258.766	50.0	0.000E+00	0.000E+00	0.000E+00	0.000E+00	0.147E-10	0.564E-05	0.365E-04	0.352E-06	0.105E-04	0.697E-05
260.127	51.0	0.000E+00	0.000E+00	0.000E+00	0.000E+00	0.578E-10	0.770E-05	0.301E-04	0.277E-06	0.127E-04	0.554E-05
261.488	52.0	0.000E+00	0.000E+00	0.000E+00	0.000E+00	0.200E-09	0.986E-05	0.241E-04	0.282E-06	0.149E-04	0.433E-05
262.849	53.0	0.000E+00	0.000E+00	0.000E+00	0.000E+00	0.622E-09	0.119E-04	0.189E-04	0.375E-06	0.168E-04	0.331E-05
264.210	54.0	0.000E+00	0.000E+00	0.000E+00	0.000E+00	0.175E-08	0.136E-04	0.145E-04	0.572E-06	0.182E-04	0.250E-05
265.571	55.0	0.000E+00	0.000E+00	0.000E+00	0.000E+00	0.450E-08	0.148E-04	0.109E-04	0.898E-06	0.191E-04	0.186E-05
266.932	56.0	0.000E+00	0.000E+00	0.000E+00	0.000E+00	0.107E-07	0.153E-04	0.810E-05	0.138E-05	0.194E-04	0.136E-05
268.293	57.0	0.000E+00	0.000E+00	0.000E+00	0.000E+00	0.233E-07	0.152E-04	0.591E-05	0.202E-05	0.191E-04	0.989E-06
269.654	58.0	0.000E+00	0.000E+00	0.000E+00	0.000E+00	0.475E-07	0.145E-04	0.426E-05	0.283E-05	0.182E-04	0.710E-06
271.016	59.0	0.000E+00	0.000E+00	0.000E+00	0.000E+00	0.900E-07	0.134E-04	0.303E-05	0.380E-05	0.169E-04	0.504E-06
272.377	60.0	0.000E+00	0.000E+00	0.000E+00	0.000E+00	0.160E-06	0.119E-04	0.214E-05	0.486E-05	0.153E-04	0.355E-06
273.738	61.0	0.000E+00	0.000E+00	0.000E+00	0.181E-11	0.267E-06	0.104E-04	0.149E-05	0.596E-05	0.136E-04	0.248E-06
275.099	62.0	0.000E+00	0.000E+00	0.000E+00	0.678E-11	0.419E-06	0.877E-05	0.104E-05	0.702E-05	0.117E-04	0.172E-06
276.460	63.0	0.000E+00	0.000E+00	0.000E+00	0.228E-10	0.623E-06	0.725E-05	0.718E-06	0.796E-05	0.995E-05	0.118E-06
277.821	64.0	0.000E+00	0.000E+00	0.000E+00	0.696E-10	0.876E-06	0.588E-05	0.501E-06	0.870E-05	0.829E-05	0.805E-07
279.182	65.0	0.000E+00	0.000E+00	0.000E+00	0.194E-09	0.117E-05	0.468E-05	0.361E-06	0.920E-05	0.679E-05	0.545E-07
280.543	66.0	0.000E+00	0.000E+00	0.000E+00	0.498E-09	0.148E-05	0.366E-05	0.279E-06	0.942E-05	0.548E-05	0.367E-07
281.904	67.0	0.000E+00	0.000E+00	0.000E+00	0.118E-08	0.180E-05	0.283E-05	0.247E-06	0.938E-05	0.436E-05	0.245E-07
283.266	68.0	0.000E+00	0.000E+00	0.000E+00	0.260E-08	0.209E-05	0.216E-05	0.257E-06	0.908E-05	0.342E-05	0.163E-07
284.627	69.0	0.000E+00	0.000E+00	0.000E+00	0.534E-08	0.232E-05	0.162E-05	0.307E-06	0.858E-05	0.266E-05	0.107E-07
285.988	70.0	0.000E+00	0.000E+00	0.000E+00	0.102E-07	0.248E-05	0.121E-05	0.397E-06	0.792E-05	0.204E-05	0.696E-08
287.349	71.0	0.000E+00	0.000E+00	0.000E+00	0.184E-07	0.257E-05	0.893E-06	0.525E-06	0.715E-05	0.155E-05	0.449E-08
288.710	72.0	0.000E+00	0.000E+00	0.000E+00	0.310E-07	0.257E-05	0.654E-06	0.688E-06	0.634E-05	0.117E-05	0.284E-08
290.071	73.0	0.000E+00	0.000E+00	0.000E+00	0.492E-07	0.250E-05	0.475E-06	0.879E-06	0.551E-05	0.870E-06	0.171E-08
291.432	74.0	0.000E+00	0.000E+00	0.000E+00	0.738E-07	0.236E-05	0.344E-06	0.109E-05	0.472E-05	0.644E-06	0.987E-09
292.793	75.0	0.000E+00	0.000E+00	0.502E-12	0.105E-06	0.218E-05	0.248E-06	0.131E-05	0.398E-05	0.473E-06	0.454E-09
294.154	76.0	0.000E+00	0.000E+00	0.158E-11	0.142E-06	0.197E-05	0.181E-06	0.153E-05	0.330E-05	0.345E-06	0.000E+00
295.516	77.0	0.000E+00	0.000E+00	0.455E-11	0.182E-06	0.174E-05	0.135E-06	0.173E-05	0.270E-05	0.249E-06	0.000E+00
296.877	78.0	0.000E+00	0.000E+00	0.121E-10	0.225E-06	0.151E-05	0.107E-06	0.190E-05	0.218E-05	0.179E-06	0.000E+00
298.238	79.0	0.000E+00	0.000E+00	0.300E-10	0.265E-06	0.129E-05	0.934E-07	0.204E-05	0.172E-05	0.128E-06	0.000E+00
299.599	80.0	0.000E+00	0.000E+00	0.693E-10	0.302E-06	0.108E-05	0.926E-07	0.212E-05	0.133E-05	0.910E-07	0.000E+00
300.960	81.0	0.000E+00	0.000E+00	0.136E-09	0.326E-06	0.991E-06	0.107E-06	0.225E-05	0.112E-05	0.642E-07	0.000E+00
302.321	82.0	0.000E+00	0.000E+00	0.000E+00	0.000E+00	0.000E+00	0.000E+00	0.000E+00	0.000E+00	0.000E+00	0.000E+00
303.682	83.0	0.000E+00	0.000E+00	0.000E+00	0.000E+00	0.000E+00	0.000E+00	0.000E+00	0.000E+00	0.000E+00	0.000E+00
305.043	84.0	0.000E+00	0.000E+00	0.000E+00	0.000E+00	0.000E+00	0.000E+00	0.000E+00	0.000E+00	0.000E+00	0.000E+00
306.404	85.0	0.000E+00	0.000E+00	0.000E+00	0.000E+00	0.000E+00	0.000E+00	0.000E+00	0.000E+00	0.000E+00	0.000E+00
307.766	86.0	0.000E+00	0.000E+00	0.000E+00	0.000E+00	0.000E+00	0.000E+00	0.000E+00	0.000E+00	0.000E+00	0.000E+00
309.127	87.0	0.000E+00	0.000E+00	0.000E+00	0.000E+00	0.000E+00	0.000E+00	0.000E+00	0.000E+00	0.000E+00	0.000E+00
310.488	88.0	0.000E+00	0.000E+00	0.000E+00	0.000E+00	0.000E+00	0.000E+00	0.000E+00	0.000E+00	0.000E+00	0.000E+00
311.849	89.0	0.000E+00	0.000E+00	0.000E+00	0.000E+00	0.000E+00	0.000E+00	0.000E+00	0.000E+00	0.000E+00	0.000E+00
313.210	90.0	0.000E+00	0.000E+00	0.000E+00	0.000E+00	0.000E+00	0.000E+00	0.000E+00	0.000E+00	0.000E+00	0.000E+00
314.571	91.0	0.000E+00	0.000E+00	0.000E+00	0.000E+00	0.000E+00	0.000E+00	0.000E+00	0.000E+00	0.000E+00	0.000E+00
