          Programm HIVAP,  Autor  W.Reisdorf   Version fuer "rzri6f" vom  7. 6. 1994

           Bearbeitung F.P.Heßberger
           
  Ca-48 + Tl-203 ---> Md-251    9. 4. 2002  16:30                       
           

 Unterprogramm SEPENF

 benutzt Sierks Programm BARFIT 
 Q-Wert  -149.034 MeV
 Massen aus der Datei "mlz.dat" 

         Exp. Schaleneffekte,  SHELL0=   -1.50
          Md  248   Md  249   Md  250   Md  251
             -4.31     -4.32     -4.27     -4.55

           BARFAC=   1.000      BAR0=    .000

          Separationsenergien (BN,BP,BA) und Spaltbarrieren
          Md  248   Md  249   Md  250   Md  251
              7.03      7.90      6.76      7.60
              1.72      1.91      2.22      2.30
             -8.71     -8.47     -8.22     -8.08
              5.33      5.38      5.37      5.69
             -1.50      -.85     -1.14      -.80

 benutzter Q-Wert  -149.034 MeV    effektiver Q-Wert  -149.034 MeV

Extra-Push Parameter: E_push =    2.53 MeV   x_eq_m=  .749   xth=  .720   Apush=15.000   E_ch=  13.161   xcn=  .857   x_eq_eff=  .655

 HIVAP  CASOUT

  Ca-48 + Tl-203 ---> Md-251    9. 4. 2002  16:30                       


     E_lab  A*MeV   E*/MeV     SI_fus      SI_VR     SI_Spalt  L_krit     b_Spalt

   204.057    4.25    16.0   .1077E-02   .1956E-05   .1075E-02      .0       99.82
   206.530    4.30    18.0   .2225E-01   .6962E-05   .2225E-01      .0       99.97
   209.003    4.35    20.0   .2310E+00   .4634E-04   .2310E+00      .0       99.98
   211.476    4.41    22.0   .1185E+01   .2143E-03   .1185E+01      .0       99.98
   213.948    4.46    24.0   .4041E+01   .2813E-03   .4041E+01    14.0       99.99
   216.421    4.51    26.0   .1044E+02   .1823E-03   .1044E+02    22.0      100.00
   218.894    4.56    28.0   .2174E+02   .1055E-03   .2174E+02    28.0      100.00
   221.367    4.61    30.0   .3810E+02   .1146E-03   .3810E+02    32.0      100.00
   223.840    4.66    32.0   .5824E+02   .1328E-03   .5824E+02    36.0      100.00
   226.313    4.71    34.0   .8027E+02   .9091E-04   .8027E+02    39.0       99.99
   228.786    4.77    36.0   .1026E+03   .4265E-04   .1026E+03    42.0       99.99
   231.259    4.82    38.0   .1242E+03   .1604E-04   .1242E+03    45.0       99.99
   233.732    4.87    40.0   .1446E+03   .5302E-05   .1446E+03    47.0       99.99
   236.205    4.92    42.0   .1639E+03   .1634E-05   .1639E+03    49.0       99.99
   238.678    4.97    44.0   .1821E+03   .4834E-06   .1820E+03    51.0       99.99
   241.150    5.02    46.0   .1991E+03   .1397E-06   .1991E+03    57.0       99.98

     Querschnitte / mbarn

  E*/MeV   248Md     249Md     250Md     251Md  
    16.0  .000E+00  .153E-07  .194E-05  .176E-09
    18.0  .000E+00  .221E-05  .475E-05  .000E+00
    20.0  .000E+00  .406E-04  .577E-05  .000E+00
    22.0  .000E+00  .211E-03  .352E-05  .000E+00
    24.0  .922E-07  .280E-03  .143E-05  .000E+00
    26.0  .409E-05  .178E-03  .448E-06  .000E+00
    28.0  .299E-04  .756E-04  .641E-07  .000E+00
    30.0  .898E-04  .248E-04  .000E+00  .000E+00
    32.0  .126E-03  .681E-05  .000E+00  .000E+00
    34.0  .893E-04  .166E-05  .000E+00  .000E+00
    36.0  .423E-04  .373E-06  .000E+00  .000E+00
    38.0  .160E-04  .763E-07  .000E+00  .000E+00
    40.0  .530E-05  .289E-08  .000E+00  .000E+00
    42.0  .163E-05  .000E+00  .000E+00  .000E+00
    44.0  .483E-06  .000E+00  .000E+00  .000E+00
    46.0  .140E-06  .000E+00  .000E+00  .000E+00

 HIVAP  CASOUT

  Ca-48 + Tl-203 ---> Md-251    9. 4. 2002  16:30                       


     E_lab  A*MeV   E*/MeV     SI_fus      SI_VR     SI_Spalt  L_krit     b_Spalt

   243.623    5.08    48.0   .2149E+03   .3970E-07   .2149E+03    57.0       99.98
   246.096    5.13    50.0   .2291E+03   .1092E-07   .2291E+03    57.0       99.98
   248.569    5.18    52.0   .2412E+03   .2046E-08   .2411E+03    57.0       99.97
   251.042    5.23    54.0   .2504E+03   .0000E+00   .2503E+03    57.0       99.97

     Querschnitte / mbarn

  E*/MeV   248Md     249Md     250Md     251Md  
    48.0  .397E-07  .000E+00  .000E+00  .000E+00
    50.0  .109E-07  .000E+00  .000E+00  .000E+00
    52.0  .205E-08  .000E+00  .000E+00  .000E+00
    54.0  .000E+00  .000E+00  .000E+00  .000E+00
                                                                        
           



 Ende HIVAP 
