          Programm HIVAP,  Autor  W.Reisdorf   Version fuer "rzri6f" vom  7. 6. 1994

           Bearbeitung F.P.Heßberger
           
   56Fe + 154Sm ---> 210Ra  3.2.2020 (A. Sitarcik)                      
           

 Unterprogramm SEPENF

 benutzt Sierks Programm BARFIT 
 Q-Wert  -133.438 MeV
 Massen aus der Datei "mlz.dat" 

         Exp. Schaleneffekte,  SHELL0=    0.00
          Ra  204   Ra  205   Ra  206   Ra  207   Ra  208   Ra  209   Ra  210
             -0.38     -1.68     -1.46     -2.81     -2.67     -4.08     -4.00
          Fr  203   Fr  204   Fr  205   Fr  206   Fr  207   Fr  208   Fr  209
             -1.73     -3.02     -2.81     -4.16     -4.01     -5.42     -5.34
          Rn  202   Rn  203   Rn  204   Rn  205   Rn  206   Rn  207   Rn  208
             -1.58     -2.88     -2.66     -4.02     -3.87     -5.29     -5.20

           BARFAC=   0.830      BAR0=   0.000

          Separationsenergien (BN,BP,BA) und Spaltbarrieren
          Ra  204   Ra  205   Ra  206   Ra  207   Ra  208   Ra  209   Ra  210
             10.40      8.72     10.12      8.46      9.85      8.20      9.59
              1.56      1.80      2.04      2.27      2.50      2.74      2.97
             -7.87     -7.66     -7.46     -7.24     -7.04     -6.82     -6.62
              4.60      6.03      5.96      7.45      7.44      8.98      9.03
              0.00     -0.77      0.00     -0.76      0.00     -0.76      0.00
          Fr  203   Fr  204   Fr  205   Fr  206   Fr  207   Fr  208   Fr  209
             10.16      8.48      9.89      8.22      9.62      7.97      9.36
              0.43      0.67      0.91      1.15      1.39      1.63      1.86
             -7.53     -7.31     -7.10     -6.88     -6.68     -6.46     -6.25
              6.72      8.16      8.09      9.59      9.58     11.12     11.17
             -0.77     -1.54     -0.77     -1.53     -0.76     -1.53     -0.76
          Rn  202   Rn  203   Rn  204   Rn  205   Rn  206   Rn  207   Rn  208
              9.92      8.24      9.65      7.98      9.39      7.73      9.13
              2.39      2.63      2.87      3.10      3.34      3.57      3.80
             -7.19     -6.97     -6.76     -6.53     -6.32     -6.10     -5.88
              7.41      8.86      8.79     10.29     10.28     11.83     11.88
              0.00     -0.77      0.00     -0.77      0.00     -0.76      0.00

 benutzter Q-Wert  -133.438 MeV    effektiver Q-Wert  -133.438 MeV

Extra-Push Parameter: E_push =    0.33 MeV   x_eq_m= 0.710   xth= 0.700   Apush=15.000   E_ch=  14.736   xcn= 0.760   x_eq_eff= 0.663


E_lab = 209.234 MeV    E* =  20.000 MeV   nicht gerechnet, SIGFUS kleiner als 1 nb



 HIVAP  CASOUT

   56Fe + 154Sm ---> 210Ra  3.2.2020 (A. Sitarcik)                      


     E_lab  A*MeV   E*/MeV     SI_fus      SI_VR     SI_Spalt  L_krit     b_Spalt

   211.962    3.79    22.0  0.9221E-05  0.2328E-05  0.6893E-05     0.0       74.75
   214.689    3.83    24.0  0.2767E-03  0.5329E-04  0.2234E-03     0.0       80.74
   217.416    3.88    26.0  0.6140E-02  0.9492E-03  0.5191E-02     0.0       84.54
   220.143    3.93    28.0  0.5347E-01  0.6449E-02  0.4702E-01     0.0       87.94
   222.871    3.98    30.0  0.2187E+00  0.1819E-01  0.2005E+00     0.0       91.68
   225.598    4.03    32.0  0.6420E+00  0.3112E-01  0.6109E+00     0.0       95.15
   228.325    4.08    34.0  0.1564E+01  0.4091E-01  0.1523E+01     0.0       97.38
   231.052    4.13    36.0  0.3284E+01  0.5141E-01  0.3233E+01     0.0       98.43
   233.780    4.17    38.0  0.6175E+01  0.7226E-01  0.6102E+01     0.0       98.83
   236.507    4.22    40.0  0.1065E+02  0.1075E+00  0.1054E+02     0.0       98.99
   239.234    4.27    42.0  0.1715E+02  0.1493E+00  0.1700E+02    12.0       99.12
   241.962    4.32    44.0  0.2605E+02  0.1891E+00  0.2586E+02    23.0       99.27
   244.689    4.37    46.0  0.3760E+02  0.2265E+00  0.3737E+02    29.0       99.39
   247.416    4.42    48.0  0.5188E+02  0.2600E+00  0.5161E+02    34.0       99.49
   250.143    4.47    50.0  0.6862E+02  0.2819E+00  0.6833E+02    38.0       99.58
   252.871    4.52    52.0  0.8732E+02  0.2881E+00  0.8702E+02    42.0       99.66

     Querschnitte / mbarn

  E*/MeV   204Ra     205Ra     206Ra     207Ra     208Ra     209Ra     210Ra  
    22.0 0.000E+00 0.000E+00 0.000E+00 0.000E+00 0.494E-06 0.177E-05 0.550E-08
    24.0 0.000E+00 0.000E+00 0.000E+00 0.000E+00 0.279E-04 0.232E-04 0.282E-07
    26.0 0.000E+00 0.000E+00 0.000E+00 0.000E+00 0.719E-03 0.180E-03 0.109E-06
    28.0 0.000E+00 0.000E+00 0.000E+00 0.313E-08 0.554E-02 0.498E-03 0.176E-06
    30.0 0.000E+00 0.000E+00 0.000E+00 0.823E-05 0.161E-01 0.571E-03 0.958E-07
    32.0 0.000E+00 0.000E+00 0.000E+00 0.345E-03 0.261E-01 0.428E-03 0.000E+00
    34.0 0.000E+00 0.000E+00 0.000E+00 0.251E-02 0.283E-01 0.254E-03 0.000E+00
    36.0 0.000E+00 0.000E+00 0.000E+00 0.883E-02 0.226E-01 0.125E-03 0.000E+00
    38.0 0.000E+00 0.000E+00 0.103E-06 0.218E-01 0.147E-01 0.542E-04 0.000E+00
    40.0 0.000E+00 0.000E+00 0.209E-04 0.403E-01 0.822E-02 0.212E-04 0.000E+00
    42.0 0.000E+00 0.000E+00 0.436E-03 0.537E-01 0.410E-02 0.762E-05 0.000E+00
    44.0 0.000E+00 0.000E+00 0.269E-02 0.536E-01 0.186E-02 0.228E-05 0.000E+00
    46.0 0.000E+00 0.000E+00 0.888E-02 0.425E-01 0.789E-03 0.000E+00 0.000E+00
    48.0 0.000E+00 0.000E+00 0.188E-01 0.283E-01 0.314E-03 0.000E+00 0.000E+00
    50.0 0.000E+00 0.183E-06 0.267E-01 0.164E-01 0.118E-03 0.000E+00 0.000E+00
    52.0 0.000E+00 0.616E-05 0.275E-01 0.852E-02 0.422E-04 0.000E+00 0.000E+00

  E*/MeV   203Fr     204Fr     205Fr     206Fr     207Fr     208Fr     209Fr  
    22.0 0.000E+00 0.000E+00 0.000E+00 0.000E+00 0.000E+00 0.102E-07 0.433E-07
    24.0 0.000E+00 0.000E+00 0.000E+00 0.000E+00 0.000E+00 0.795E-06 0.978E-06
    26.0 0.000E+00 0.000E+00 0.000E+00 0.000E+00 0.208E-09 0.267E-04 0.129E-04
    28.0 0.000E+00 0.000E+00 0.000E+00 0.000E+00 0.266E-06 0.249E-03 0.612E-04
    30.0 0.000E+00 0.000E+00 0.000E+00 0.000E+00 0.151E-04 0.980E-03 0.129E-03
    32.0 0.000E+00 0.000E+00 0.000E+00 0.000E+00 0.243E-03 0.259E-02 0.176E-03
    34.0 0.000E+00 0.000E+00 0.000E+00 0.000E+00 0.166E-02 0.497E-02 0.181E-03
    36.0 0.000E+00 0.000E+00 0.000E+00 0.506E-08 0.617E-02 0.695E-02 0.148E-03
    38.0 0.000E+00 0.000E+00 0.000E+00 0.118E-05 0.155E-01 0.756E-02 0.100E-03
    40.0 0.000E+00 0.000E+00 0.000E+00 0.424E-04 0.305E-01 0.675E-02 0.582E-04
    42.0 0.000E+00 0.000E+00 0.000E+00 0.567E-03 0.503E-01 0.512E-02 0.298E-04
    44.0 0.000E+00 0.000E+00 0.000E+00 0.361E-02 0.713E-01 0.340E-02 0.138E-04
    46.0 0.000E+00 0.000E+00 0.239E-07 0.130E-01 0.855E-01 0.200E-02 0.590E-05
    48.0 0.000E+00 0.000E+00 0.256E-05 0.309E-01 0.860E-01 0.107E-02 0.233E-05
    50.0 0.000E+00 0.000E+00 0.672E-04 0.545E-01 0.730E-01 0.527E-03 0.848E-06
    52.0 0.000E+00 0.000E+00 0.704E-03 0.777E-01 0.533E-01 0.240E-03 0.260E-06

  E*/MeV   202Rn     203Rn     204Rn     205Rn     206Rn     207Rn     208Rn  
    22.0 0.000E+00 0.000E+00 0.000E+00 0.745E-09 0.905E-08 0.000E+00 0.161E-09
    24.0 0.000E+00 0.000E+00 0.000E+00 0.715E-07 0.298E-06 0.000E+00 0.962E-08
    26.0 0.000E+00 0.000E+00 0.158E-11 0.363E-05 0.607E-05 0.704E-10 0.313E-06
    28.0 0.000E+00 0.000E+00 0.189E-07 0.506E-04 0.407E-04 0.141E-07 0.328E-05
    30.0 0.000E+00 0.000E+00 0.108E-05 0.274E-03 0.112E-03 0.461E-06 0.151E-04
    32.0 0.000E+00 0.000E+00 0.198E-04 0.955E-03 0.194E-03 0.573E-05 0.479E-04
    34.0 0.000E+00 0.000E+00 0.198E-03 0.247E-02 0.246E-03 0.371E-04 0.115E-03
    36.0 0.000E+00 0.000E+00 0.117E-02 0.479E-02 0.242E-03 0.151E-03 0.210E-03
    38.0 0.000E+00 0.443E-07 0.444E-02 0.712E-02 0.193E-03 0.438E-03 0.306E-03
    40.0 0.000E+00 0.239E-05 0.119E-01 0.834E-02 0.145E-03 0.998E-03 0.369E-03
    42.0 0.000E+00 0.406E-04 0.245E-01 0.794E-02 0.209E-03 0.187E-02 0.381E-03
    44.0 0.000E+00 0.372E-03 0.420E-01 0.635E-02 0.667E-03 0.296E-02 0.345E-03
    46.0 0.000E+00 0.208E-02 0.611E-01 0.438E-02 0.201E-02 0.394E-02 0.278E-03
    48.0 0.172E-06 0.751E-02 0.750E-01 0.267E-02 0.482E-02 0.443E-02 0.202E-03
    50.0 0.453E-05 0.187E-01 0.773E-01 0.150E-02 0.878E-02 0.427E-02 0.133E-03
    52.0 0.564E-04 0.350E-01 0.670E-01 0.977E-03 0.135E-01 0.358E-02 0.801E-04

 Z-Verteilung  
 E*/MeV     Rn         Fr         Ra  
   22.0  0.995E-08 0.535E-07 0.226E-05
   24.0  0.379E-06 0.177E-05 0.511E-04
   26.0  0.100E-04 0.396E-04 0.900E-03
   28.0  0.946E-04 0.311E-03 0.604E-02
   30.0  0.403E-03 0.112E-02 0.167E-01
   32.0  0.122E-02 0.301E-02 0.269E-01
   34.0  0.306E-02 0.680E-02 0.310E-01
   36.0  0.656E-02 0.133E-01 0.316E-01
   38.0  0.125E-01 0.232E-01 0.366E-01
   40.0  0.217E-01 0.373E-01 0.485E-01
   42.0  0.350E-01 0.561E-01 0.583E-01
   44.0  0.527E-01 0.783E-01 0.582E-01
   46.0  0.738E-01 0.101E+00 0.522E-01
   48.0  0.947E-01 0.118E+00 0.474E-01
   50.0  0.111E+00 0.128E+00 0.432E-01
   52.0  0.120E+00 0.132E+00 0.360E-01

 Z und A Mittelwerte    
   E*/MeV     MW.Z  St.Abw.Z      MW.A  St.Abw.A
    22.0     87.97      0.20    208.77      0.46
    24.0     87.95      0.24    208.44      0.55
    26.0     87.94      0.28    208.18      0.48
    28.0     87.92      0.32    208.05      0.42
    30.0     87.89      0.37    207.98      0.45
    32.0     87.82      0.47    207.89      0.58
    34.0     87.68      0.60    207.70      0.82
    36.0     87.49      0.71    207.33      1.04
    38.0     87.33      0.75    206.93      1.13
    40.0     87.25      0.77    206.66      1.15
    42.0     87.16      0.77    206.46      1.21
    44.0     87.03      0.76    206.25      1.29
    46.0     86.90      0.74    206.02      1.35
    48.0     86.82      0.72    205.79      1.37
    50.0     86.76      0.70    205.59      1.37
    52.0     86.71      0.68    205.39      1.38

 HIVAP  CASOUT

   56Fe + 154Sm ---> 210Ra  3.2.2020 (A. Sitarcik)                      


     E_lab  A*MeV   E*/MeV     SI_fus      SI_VR     SI_Spalt  L_krit     b_Spalt

   255.598    4.56    54.0  0.1072E+03  0.2833E+00  0.1069E+03    45.0       99.72
   258.325    4.61    56.0  0.1276E+03  0.2744E+00  0.1273E+03    47.0       99.77
   261.052    4.66    58.0  0.1476E+03  0.2641E+00  0.1474E+03    50.0       99.80
   263.780    4.71    60.0  0.1670E+03  0.2525E+00  0.1667E+03    52.0       99.83
   266.507    4.76    62.0  0.1853E+03  0.2394E+00  0.1851E+03    54.0       99.85
   269.234    4.81    64.0  0.2026E+03  0.2259E+00  0.2023E+03    56.0       99.87
   271.962    4.86    66.0  0.2188E+03  0.2087E+00  0.2185E+03    58.0       99.88
   274.689    4.91    68.0  0.2339E+03  0.1876E+00  0.2337E+03    59.0       99.89
   277.416    4.95    70.0  0.2481E+03  0.1632E+00  0.2479E+03    71.0       99.91

     Querschnitte / mbarn

  E*/MeV   204Ra     205Ra     206Ra     207Ra     208Ra     209Ra     210Ra  
    54.0 0.000E+00 0.573E-04 0.222E-01 0.403E-02 0.141E-04 0.000E+00 0.000E+00
    56.0 0.000E+00 0.253E-03 0.150E-01 0.177E-02 0.417E-05 0.000E+00 0.000E+00
    58.0 0.000E+00 0.694E-03 0.884E-02 0.736E-03 0.550E-06 0.000E+00 0.000E+00
    60.0 0.997E-08 0.130E-02 0.472E-02 0.293E-03 0.000E+00 0.000E+00 0.000E+00
    62.0 0.262E-06 0.177E-02 0.235E-02 0.113E-03 0.000E+00 0.000E+00 0.000E+00
    64.0 0.252E-05 0.188E-02 0.110E-02 0.426E-04 0.000E+00 0.000E+00 0.000E+00
    66.0 0.120E-04 0.166E-02 0.500E-03 0.157E-04 0.000E+00 0.000E+00 0.000E+00
    68.0 0.334E-04 0.126E-02 0.220E-03 0.566E-05 0.000E+00 0.000E+00 0.000E+00
    70.0 0.622E-04 0.869E-03 0.947E-04 0.193E-05 0.000E+00 0.000E+00 0.000E+00

  E*/MeV   203Fr     204Fr     205Fr     206Fr     207Fr     208Fr     209Fr  
    54.0 0.000E+00 0.000E+00 0.369E-02 0.938E-01 0.341E-01 0.102E-03 0.329E-07
    56.0 0.000E+00 0.000E+00 0.115E-01 0.975E-01 0.195E-01 0.409E-04 0.000E+00
    58.0 0.000E+00 0.348E-07 0.248E-01 0.880E-01 0.102E-01 0.155E-04 0.000E+00
    60.0 0.000E+00 0.125E-05 0.408E-01 0.698E-01 0.497E-02 0.554E-05 0.000E+00
    62.0 0.000E+00 0.177E-04 0.554E-01 0.494E-01 0.228E-02 0.188E-05 0.000E+00
    64.0 0.000E+00 0.125E-03 0.648E-01 0.319E-01 0.100E-02 0.592E-06 0.000E+00
    66.0 0.000E+00 0.518E-03 0.669E-01 0.190E-01 0.426E-03 0.140E-06 0.000E+00
    68.0 0.124E-07 0.145E-02 0.617E-01 0.107E-01 0.176E-03 0.000E+00 0.000E+00
    70.0 0.281E-06 0.303E-02 0.514E-01 0.571E-02 0.710E-04 0.000E+00 0.000E+00

  E*/MeV   202Rn     203Rn     204Rn     205Rn     206Rn     207Rn     208Rn  
    54.0 0.414E-03 0.532E-01 0.498E-01 0.135E-02 0.179E-01 0.265E-02 0.443E-04
    56.0 0.195E-02 0.686E-01 0.324E-01 0.306E-02 0.209E-01 0.176E-02 0.227E-04
    58.0 0.624E-02 0.764E-01 0.189E-01 0.638E-02 0.218E-01 0.107E-02 0.108E-04
    60.0 0.145E-01 0.739E-01 0.101E-01 0.110E-01 0.204E-01 0.604E-03 0.487E-05
    62.0 0.262E-01 0.628E-01 0.521E-02 0.163E-01 0.173E-01 0.319E-03 0.208E-05
    64.0 0.388E-01 0.474E-01 0.281E-02 0.191E-01 0.167E-01 0.160E-03 0.846E-06
    66.0 0.488E-01 0.325E-01 0.246E-02 0.233E-01 0.124E-01 0.762E-04 0.331E-06
    68.0 0.534E-01 0.205E-01 0.388E-02 0.257E-01 0.861E-02 0.351E-04 0.124E-06
    70.0 0.516E-01 0.121E-01 0.699E-02 0.257E-01 0.557E-02 0.156E-04 0.435E-07

 Z-Verteilung  
 E*/MeV     Rn         Fr         Ra  
   54.0  0.125E+00 0.132E+00 0.263E-01
   56.0  0.129E+00 0.129E+00 0.170E-01
   58.0  0.131E+00 0.123E+00 0.103E-01
   60.0  0.131E+00 0.116E+00 0.632E-02
   62.0  0.128E+00 0.107E+00 0.423E-02
   64.0  0.125E+00 0.978E-01 0.303E-02
   66.0  0.120E+00 0.869E-01 0.218E-02
   68.0  0.112E+00 0.740E-01 0.152E-02
   70.0  0.102E+00 0.602E-01 0.103E-02

 Z und A Mittelwerte    
   E*/MeV     MW.Z  St.Abw.Z      MW.A  St.Abw.A
    54.0     86.65      0.64    205.21      1.40
    56.0     86.59      0.60    205.02      1.42
    58.0     86.54      0.57    204.82      1.43
    60.0     86.51      0.55    204.62      1.43
    62.0     86.48      0.53    204.44      1.44
    64.0     86.46      0.52    204.28      1.46
    66.0     86.44      0.52    204.13      1.47
    68.0     86.41      0.51    204.00      1.47
    70.0     86.38      0.50    203.91      1.45
                                                                        
           



 Ende HIVAP 
