          Programm HIVAP,  Autor  W.Reisdorf   Version fuer "rzri6f" vom  7. 6. 1994

           Bearbeitung F.P.Heßberger
           
   60Ni + 141Pr ---> 201Fr  3.2.2020 (A. Sitarcik)                      
           

 Unterprogramm SEPENF

 benutzt Sierks Programm BARFIT 
 Q-Wert  -154.455 MeV
 Massen aus der Datei "mlz.dat" 

         Exp. Schaleneffekte,  SHELL0=    0.00
          Fr  195   Fr  196   Fr  197   Fr  198   Fr  199   Fr  200   Fr  201
             -0.31     -1.01     -0.15     -0.88     -0.12     -1.15     -0.79
          Rn  194   Rn  195   Rn  196   Rn  197   Rn  198   Rn  199   Rn  200
              0.68     -0.08      0.69     -0.26      0.17     -1.00     -0.64
          At  193   At  194   At  195   At  196   At  197   At  198   At  199
             -0.14     -1.13     -0.62     -1.72     -1.28     -2.45     -2.09

           BARFAC=   0.720      BAR0=   0.000

          Separationsenergien (BN,BP,BA) und Spaltbarrieren
          Fr  195   Fr  196   Fr  197   Fr  198   Fr  199   Fr  200   Fr  201
             11.05      9.29     10.68      8.95     10.40      8.90     10.45
             -0.72     -0.52     -0.37     -0.33     -0.42     -0.30     -0.06
             -8.00     -7.96     -7.98     -8.10     -8.23     -8.15     -7.95
              3.51      4.36      3.64      4.52      3.89      5.07      4.85
             -0.79     -1.57     -0.78     -1.56     -0.78     -1.56     -0.78
          Rn  194   Rn  195   Rn  196   Rn  197   Rn  198   Rn  199   Rn  200
             10.84      9.09     10.52      8.92     10.49      8.78     10.20
              1.07      1.09      1.08      1.18      1.42      1.67      1.91
             -8.21     -8.26     -8.32     -8.25     -8.05     -7.83     -7.62
              3.18      4.10      3.48      4.59      4.31      5.62      5.41
              0.00     -0.79      0.00     -0.78      0.00     -0.78      0.00
          At  193   At  194   At  195   At  196   At  197   At  198   At  199
             10.70      9.07     10.54      8.82     10.25      8.54      9.96
             -0.71     -0.49     -0.23      0.02      0.27      0.52      0.77
             -8.53     -8.34     -8.14     -7.92     -7.71     -7.48     -7.27
              4.73      5.89      5.54      6.80      6.52      7.84      7.63
             -0.79     -1.58     -0.79     -1.57     -0.78     -1.56     -0.78

 benutzter Q-Wert  -154.455 MeV    effektiver Q-Wert  -154.455 MeV

Extra-Push Parameter: E_push =    2.71 MeV   x_eq_m= 0.728   xth= 0.700   Apush=15.000   E_ch=  15.542   xcn= 0.765   x_eq_eff= 0.693

 HIVAP  CASOUT

   60Ni + 141Pr ---> 201Fr  3.2.2020 (A. Sitarcik)                      


     E_lab  A*MeV   E*/MeV     SI_fus      SI_VR     SI_Spalt  L_krit     b_Spalt

   248.691    4.14    20.0  0.1217E-03  0.1068E-06  0.1215E-03     0.0       99.91
   251.542    4.19    22.0  0.2842E-02  0.1042E-05  0.2841E-02     0.0       99.96
   254.393    4.24    24.0  0.4930E-01  0.1339E-04  0.4929E-01     0.0       99.97
   257.244    4.29    26.0  0.3771E+00  0.1066E-03  0.3770E+00     0.0       99.97
   260.095    4.33    28.0  0.1501E+01  0.3704E-03  0.1501E+01     0.0       99.97
   262.947    4.38    30.0  0.4213E+01  0.7920E-03  0.4212E+01    14.0       99.98
   265.798    4.43    32.0  0.9448E+01  0.1295E-02  0.9446E+01    21.0       99.98
   268.649    4.48    34.0  0.1793E+02  0.1734E-02  0.1793E+02    27.0       99.98
   271.500    4.52    36.0  0.2980E+02  0.2014E-02  0.2980E+02    31.0       99.98
   274.351    4.57    38.0  0.4449E+02  0.2238E-02  0.4448E+02    35.0       99.98
   277.202    4.62    40.0  0.6097E+02  0.2520E-02  0.6096E+02    38.0       99.98
   280.053    4.67    42.0  0.7821E+02  0.2752E-02  0.7819E+02    41.0       99.97
   282.904    4.72    44.0  0.9538E+02  0.2740E-02  0.9535E+02    43.0       99.97
   285.755    4.76    46.0  0.1120E+03  0.2498E-02  0.1119E+03    45.0       99.97
   288.606    4.81    48.0  0.1277E+03  0.2220E-02  0.1277E+03    47.0       99.96
   291.457    4.86    50.0  0.1426E+03  0.2036E-02  0.1426E+03    49.0       99.96

     Querschnitte / mbarn

  E*/MeV   195Fr     196Fr     197Fr     198Fr     199Fr     200Fr     201Fr  
    20.0 0.000E+00 0.000E+00 0.000E+00 0.000E+00 0.130E-12 0.548E-07 0.000E+00
    22.0 0.000E+00 0.000E+00 0.000E+00 0.000E+00 0.465E-08 0.290E-06 0.000E+00
    24.0 0.000E+00 0.000E+00 0.000E+00 0.000E+00 0.939E-06 0.114E-05 0.000E+00
    26.0 0.000E+00 0.000E+00 0.000E+00 0.000E+00 0.142E-04 0.184E-05 0.000E+00
    28.0 0.000E+00 0.000E+00 0.000E+00 0.000E+00 0.360E-04 0.153E-05 0.000E+00
    30.0 0.000E+00 0.000E+00 0.000E+00 0.000E+00 0.407E-04 0.900E-06 0.000E+00
    32.0 0.000E+00 0.000E+00 0.000E+00 0.110E-07 0.305E-04 0.418E-06 0.000E+00
    34.0 0.000E+00 0.000E+00 0.000E+00 0.674E-06 0.177E-04 0.124E-06 0.000E+00
    36.0 0.000E+00 0.000E+00 0.000E+00 0.702E-05 0.849E-05 0.000E+00 0.000E+00
    38.0 0.000E+00 0.000E+00 0.000E+00 0.286E-04 0.352E-05 0.000E+00 0.000E+00
    40.0 0.000E+00 0.000E+00 0.000E+00 0.481E-04 0.131E-05 0.000E+00 0.000E+00
    42.0 0.000E+00 0.000E+00 0.129E-08 0.457E-04 0.449E-06 0.000E+00 0.000E+00
    44.0 0.000E+00 0.000E+00 0.398E-07 0.311E-04 0.130E-06 0.000E+00 0.000E+00
    46.0 0.000E+00 0.000E+00 0.331E-06 0.173E-04 0.938E-08 0.000E+00 0.000E+00
    48.0 0.000E+00 0.000E+00 0.106E-05 0.851E-05 0.000E+00 0.000E+00 0.000E+00
    50.0 0.000E+00 0.000E+00 0.171E-05 0.384E-05 0.000E+00 0.000E+00 0.000E+00

  E*/MeV   194Rn     195Rn     196Rn     197Rn     198Rn     199Rn     200Rn  
    20.0 0.000E+00 0.000E+00 0.000E+00 0.000E+00 0.000E+00 0.156E-08 0.278E-07
    22.0 0.000E+00 0.000E+00 0.000E+00 0.000E+00 0.000E+00 0.131E-06 0.197E-06
    24.0 0.000E+00 0.000E+00 0.000E+00 0.000E+00 0.000E+00 0.544E-05 0.984E-06
    26.0 0.000E+00 0.000E+00 0.000E+00 0.000E+00 0.169E-09 0.588E-04 0.207E-05
    28.0 0.000E+00 0.000E+00 0.000E+00 0.000E+00 0.229E-07 0.209E-03 0.210E-05
    30.0 0.000E+00 0.000E+00 0.000E+00 0.000E+00 0.779E-06 0.370E-03 0.143E-05
    32.0 0.000E+00 0.000E+00 0.000E+00 0.000E+00 0.986E-05 0.413E-03 0.760E-06
    34.0 0.000E+00 0.000E+00 0.000E+00 0.000E+00 0.548E-04 0.333E-03 0.318E-06
    36.0 0.000E+00 0.000E+00 0.000E+00 0.000E+00 0.149E-03 0.211E-03 0.498E-07
    38.0 0.000E+00 0.000E+00 0.000E+00 0.935E-09 0.225E-03 0.111E-03 0.000E+00
    40.0 0.000E+00 0.000E+00 0.000E+00 0.267E-07 0.220E-03 0.503E-04 0.000E+00
    42.0 0.000E+00 0.000E+00 0.000E+00 0.333E-06 0.159E-03 0.205E-04 0.000E+00
    44.0 0.000E+00 0.000E+00 0.000E+00 0.211E-05 0.936E-04 0.770E-05 0.000E+00
    46.0 0.000E+00 0.000E+00 0.000E+00 0.755E-05 0.480E-04 0.273E-05 0.000E+00
    48.0 0.000E+00 0.000E+00 0.204E-10 0.166E-04 0.224E-04 0.912E-06 0.000E+00
    50.0 0.000E+00 0.000E+00 0.652E-09 0.247E-04 0.976E-05 0.277E-06 0.000E+00

  E*/MeV   193At     194At     195At     196At     197At     198At     199At  
    20.0 0.000E+00 0.000E+00 0.000E+00 0.160E-10 0.220E-07 0.000E+00 0.652E-09
    22.0 0.000E+00 0.000E+00 0.000E+00 0.291E-08 0.379E-06 0.000E+00 0.364E-07
    24.0 0.000E+00 0.000E+00 0.000E+00 0.220E-06 0.348E-05 0.243E-10 0.118E-05
    26.0 0.000E+00 0.000E+00 0.000E+00 0.461E-05 0.117E-04 0.503E-08 0.134E-04
    28.0 0.000E+00 0.000E+00 0.272E-09 0.368E-04 0.179E-04 0.201E-06 0.667E-04
    30.0 0.000E+00 0.000E+00 0.238E-07 0.160E-03 0.175E-04 0.308E-05 0.198E-03
    32.0 0.000E+00 0.000E+00 0.541E-06 0.416E-03 0.125E-04 0.235E-04 0.387E-03
    34.0 0.000E+00 0.000E+00 0.584E-05 0.676E-03 0.716E-05 0.106E-03 0.533E-03
    36.0 0.000E+00 0.000E+00 0.354E-04 0.736E-03 0.344E-05 0.321E-03 0.543E-03
    38.0 0.000E+00 0.000E+00 0.129E-03 0.589E-03 0.204E-05 0.717E-03 0.433E-03
    40.0 0.000E+00 0.323E-09 0.300E-03 0.376E-03 0.689E-05 0.123E-02 0.283E-03
    42.0 0.000E+00 0.973E-08 0.457E-03 0.202E-03 0.341E-04 0.167E-02 0.159E-03
    44.0 0.000E+00 0.121E-06 0.485E-03 0.955E-04 0.122E-03 0.182E-02 0.787E-04
    46.0 0.000E+00 0.866E-06 0.391E-03 0.411E-04 0.314E-03 0.164E-02 0.357E-04
    48.0 0.000E+00 0.401E-05 0.258E-03 0.165E-04 0.619E-03 0.126E-02 0.152E-04
    50.0 0.000E+00 0.128E-04 0.148E-03 0.638E-05 0.973E-03 0.849E-03 0.613E-05

 Z-Verteilung  
 E*/MeV     At         Rn         Fr  
   20.0  0.226E-07 0.293E-07 0.548E-07
   22.0  0.419E-06 0.329E-06 0.294E-06
   24.0  0.489E-05 0.643E-05 0.208E-05
   26.0  0.297E-04 0.609E-04 0.160E-04
   28.0  0.122E-03 0.211E-03 0.376E-04
   30.0  0.378E-03 0.373E-03 0.416E-04
   32.0  0.840E-03 0.424E-03 0.309E-04
   34.0  0.133E-02 0.388E-03 0.185E-04
   36.0  0.164E-02 0.359E-03 0.155E-04
   38.0  0.187E-02 0.335E-03 0.321E-04
   40.0  0.220E-02 0.270E-03 0.495E-04
   42.0  0.253E-02 0.180E-03 0.461E-04
   44.0  0.261E-02 0.103E-03 0.313E-04
   46.0  0.242E-02 0.583E-04 0.177E-04
   48.0  0.217E-02 0.399E-04 0.957E-05
   50.0  0.200E-02 0.348E-04 0.556E-05

 Z und A Mittelwerte    
   E*/MeV     MW.Z  St.Abw.Z      MW.A  St.Abw.A
    20.0     86.30      0.80    199.36      1.21
    22.0     85.88      0.82    198.73      1.37
    24.0     85.79      0.69    198.59      1.09
    26.0     85.87      0.64    198.69      0.88
    28.0     85.77      0.62    198.61      0.97
    30.0     85.58      0.59    198.35      1.22
    32.0     85.37      0.53    197.99      1.39
    34.0     85.25      0.45    197.72      1.42
    36.0     85.19      0.41    197.59      1.35
    38.0     85.18      0.42    197.54      1.27
    40.0     85.15      0.41    197.47      1.24
    42.0     85.10      0.35    197.41      1.23
    44.0     85.06      0.28    197.38      1.20
    46.0     85.04      0.22    197.38      1.11
    48.0     85.03      0.19    197.35      0.99
    50.0     85.02      0.17    197.26      0.85

 HIVAP  CASOUT

   60Ni + 141Pr ---> 201Fr  3.2.2020 (A. Sitarcik)                      


     E_lab  A*MeV   E*/MeV     SI_fus      SI_VR     SI_Spalt  L_krit     b_Spalt

   294.308    4.91    52.0  0.1567E+03  0.1916E-02  0.1566E+03    51.0       99.95
   297.159    4.95    54.0  0.1699E+03  0.1756E-02  0.1698E+03    53.0       99.95
   300.010    5.00    56.0  0.1825E+03  0.1502E-02  0.1824E+03    55.0       99.94
   302.861    5.05    58.0  0.1944E+03  0.1187E-02  0.1943E+03    56.0       99.93
   305.712    5.10    60.0  0.2058E+03  0.8860E-03  0.2056E+03    58.0       99.93
   308.564    5.14    62.0  0.2166E+03  0.6521E-03  0.2164E+03    59.0       99.92
   311.415    5.19    64.0  0.2269E+03  0.4972E-03  0.2267E+03    60.0       99.91
   314.266    5.24    66.0  0.2367E+03  0.4004E-03  0.2364E+03    62.0       99.90
   317.117    5.29    68.0  0.2461E+03  0.3338E-03  0.2458E+03    63.0       99.89
   319.968    5.33    70.0  0.2550E+03  0.2790E-03  0.2547E+03    64.0       99.88

     Querschnitte / mbarn

  E*/MeV   195Fr     196Fr     197Fr     198Fr     199Fr     200Fr     201Fr  
    52.0 0.000E+00 0.514E-12 0.181E-05 0.164E-05 0.000E+00 0.000E+00 0.000E+00
    54.0 0.000E+00 0.601E-10 0.147E-05 0.674E-06 0.000E+00 0.000E+00 0.000E+00
    56.0 0.000E+00 0.133E-08 0.999E-06 0.270E-06 0.000E+00 0.000E+00 0.000E+00
    58.0 0.000E+00 0.105E-07 0.602E-06 0.106E-06 0.000E+00 0.000E+00 0.000E+00
    60.0 0.000E+00 0.401E-07 0.333E-06 0.400E-07 0.000E+00 0.000E+00 0.000E+00
    62.0 0.000E+00 0.890E-07 0.173E-06 0.142E-07 0.000E+00 0.000E+00 0.000E+00
    64.0 0.698E-12 0.134E-06 0.855E-07 0.146E-08 0.000E+00 0.000E+00 0.000E+00
    66.0 0.177E-10 0.154E-06 0.408E-07 0.000E+00 0.000E+00 0.000E+00 0.000E+00
    68.0 0.174E-09 0.145E-06 0.190E-07 0.000E+00 0.000E+00 0.000E+00 0.000E+00
    70.0 0.825E-09 0.118E-06 0.860E-08 0.000E+00 0.000E+00 0.000E+00 0.000E+00

  E*/MeV   194Rn     195Rn     196Rn     197Rn     198Rn     199Rn     200Rn  
    52.0 0.000E+00 0.000E+00 0.867E-08 0.272E-04 0.407E-05 0.526E-07 0.000E+00
    54.0 0.000E+00 0.000E+00 0.572E-07 0.240E-04 0.165E-05 0.000E+00 0.000E+00
    56.0 0.000E+00 0.000E+00 0.213E-06 0.179E-04 0.646E-06 0.000E+00 0.000E+00
    58.0 0.000E+00 0.000E+00 0.500E-06 0.118E-04 0.244E-06 0.000E+00 0.000E+00
    60.0 0.000E+00 0.314E-11 0.819E-06 0.713E-05 0.826E-07 0.000E+00 0.000E+00
    62.0 0.000E+00 0.609E-10 0.102E-05 0.401E-05 0.166E-07 0.000E+00 0.000E+00
    64.0 0.000E+00 0.672E-09 0.104E-05 0.214E-05 0.000E+00 0.000E+00 0.000E+00
    66.0 0.000E+00 0.451E-08 0.895E-06 0.109E-05 0.000E+00 0.000E+00 0.000E+00
    68.0 0.000E+00 0.194E-07 0.685E-06 0.539E-06 0.000E+00 0.000E+00 0.000E+00
    70.0 0.000E+00 0.567E-07 0.477E-06 0.258E-06 0.000E+00 0.000E+00 0.000E+00

  E*/MeV   193At     194At     195At     196At     197At     198At     199At  
    52.0 0.353E-09 0.292E-04 0.770E-04 0.282E-05 0.125E-02 0.518E-03 0.239E-05
    54.0 0.494E-08 0.493E-04 0.373E-04 0.343E-05 0.135E-02 0.291E-03 0.902E-06
    56.0 0.413E-07 0.632E-04 0.172E-04 0.101E-04 0.124E-02 0.154E-03 0.330E-06
    58.0 0.225E-06 0.642E-04 0.760E-05 0.277E-04 0.997E-03 0.772E-04 0.115E-06
    60.0 0.831E-06 0.545E-04 0.327E-05 0.611E-04 0.721E-03 0.371E-04 0.359E-07
    62.0 0.215E-05 0.403E-04 0.141E-05 0.109E-03 0.477E-03 0.173E-04 0.371E-08
    64.0 0.402E-05 0.268E-04 0.843E-06 0.161E-03 0.293E-03 0.779E-05 0.000E+00
    66.0 0.572E-05 0.164E-04 0.143E-05 0.201E-03 0.170E-03 0.342E-05 0.000E+00
    68.0 0.652E-05 0.947E-05 0.396E-05 0.217E-03 0.942E-04 0.146E-05 0.000E+00
    70.0 0.626E-05 0.519E-05 0.957E-05 0.206E-03 0.501E-04 0.609E-06 0.000E+00

 Z-Verteilung  
 E*/MeV     At         Rn         Fr  
   52.0  0.188E-02 0.313E-04 0.345E-05
   54.0  0.173E-02 0.257E-04 0.214E-05
   56.0  0.148E-02 0.187E-04 0.127E-05
   58.0  0.117E-02 0.126E-04 0.718E-06
   60.0  0.878E-03 0.804E-05 0.413E-06
   62.0  0.647E-03 0.505E-05 0.276E-06
   64.0  0.494E-03 0.317E-05 0.221E-06
   66.0  0.398E-03 0.199E-05 0.195E-06
   68.0  0.332E-03 0.124E-05 0.164E-06
   70.0  0.278E-03 0.792E-06 0.128E-06

 Z und A Mittelwerte    
   E*/MeV     MW.Z  St.Abw.Z      MW.A  St.Abw.A
    52.0     85.02      0.15    197.15      0.75
    54.0     85.02      0.14    197.04      0.71
    56.0     85.01      0.13    196.95      0.73
    58.0     85.01      0.11    196.87      0.77
    60.0     85.01      0.10    196.78      0.80
    62.0     85.01      0.10    196.65      0.83
    64.0     85.01      0.09    196.49      0.84
    66.0     85.01      0.08    196.32      0.81
    68.0     85.00      0.08    196.17      0.76
    70.0     85.00      0.07    196.05      0.71
                                                                        
           



 Ende HIVAP 
