          Programm HIVAP,  Autor  W.Reisdorf   Version fuer "rzri6f" vom  7. 6. 1994

           Bearbeitung F.P.Heßberger
           
   50Ti + 208Pb ---> 258Rf  23.2.2020 (A. Sitarcik)                     
           

 Unterprogramm SEPENF

 benutzt Sierks Programm BARFIT 
 Q-Wert  -167.789 MeV
 Massen aus der Datei "mlz.dat" 

         Exp. Schaleneffekte,  SHELL0=    0.00
          Rf  252   Rf  253   Rf  254   Rf  255   Rf  256   Rf  257   Rf  258
             -2.75     -3.48     -2.81     -3.51     -2.82     -3.49     -2.77
          Lr  251   Lr  252   Lr  253   Lr  254   Lr  255   Lr  256   Lr  257
             -3.37     -4.10     -3.43     -4.13     -3.43     -4.10     -3.39
          No  250   No  251   No  252   No  253   No  254   No  255   No  256
             -2.59     -3.32     -2.65     -3.35     -2.66     -3.33     -2.62

           BARFAC=   1.000      BAR0=   0.000

          Separationsenergien (BN,BP,BA) und Spaltbarrieren
          Rf  252   Rf  253   Rf  254   Rf  255   Rf  256   Rf  257   Rf  258
              8.56      7.04      8.28      6.76      8.00      6.48      7.72
              2.22      2.41      2.60      2.80      2.99      3.18      3.37
             -9.74     -9.63     -9.52     -9.41     -9.30     -9.18     -9.08
              3.22      3.97      3.33      4.05      3.38      4.08      3.39
              0.00     -0.69      0.00     -0.69      0.00     -0.69      0.00
          Lr  251   Lr  252   Lr  253   Lr  254   Lr  255   Lr  256   Lr  257
              8.37      6.84      8.09      6.56      7.81      6.29      7.53
              1.25      1.45      1.64      1.84      2.03      2.23      2.42
             -9.28     -9.17     -9.06     -8.94     -8.84     -8.72     -8.61
              4.00      4.76      4.12      4.84      4.18      4.88      4.19
             -0.69     -1.39     -0.69     -1.38     -0.69     -1.38     -0.69
          No  250   No  251   No  252   No  253   No  254   No  255   No  256
              8.17      6.64      7.89      6.37      7.61      6.10      7.34
              3.06      3.26      3.45      3.65      3.84      4.03      4.22
             -8.83     -8.71     -8.61     -8.49     -8.38     -8.25     -8.14
              3.41      4.18      3.54      4.28      3.62      4.32      3.64
              0.00     -0.69      0.00     -0.69      0.00     -0.69      0.00

 benutzter Q-Wert  -167.789 MeV    effektiver Q-Wert  -167.789 MeV

 HIVAP  CASOUT

   50Ti + 208Pb ---> 258Rf  23.2.2020 (A. Sitarcik)                     


     E_lab  A*MeV   E*/MeV     SI_fus      SI_VR     SI_Spalt  L_krit     b_Spalt

   220.527    4.41    10.0  0.8808E-04  0.1664E-07  0.8806E-04     0.0       99.98
   223.008    4.46    12.0  0.2031E-02  0.1130E-05  0.2030E-02     0.0       99.94
   225.489    4.51    14.0  0.3947E-01  0.9307E-05  0.3946E-01     0.0       99.98
   227.969    4.56    16.0  0.4051E+00  0.1196E-04  0.4051E+00     0.0      100.00
   230.450    4.61    18.0  0.1931E+01  0.8710E-05  0.1931E+01     0.0      100.00
   232.931    4.66    20.0  0.5992E+01  0.1496E-04  0.5991E+01    11.0      100.00
   235.412    4.71    22.0  0.1442E+02  0.1372E-04  0.1442E+02    27.0      100.00
   237.892    4.76    24.0  0.2878E+02  0.6887E-05  0.2878E+02    36.0      100.00
   240.373    4.81    26.0  0.4950E+02  0.2861E-05  0.4950E+02    50.0      100.00
   242.854    4.86    28.0  0.7531E+02  0.2054E-05  0.7531E+02    50.0      100.00
   245.335    4.91    30.0  0.1034E+03  0.2468E-05  0.1034E+03    50.0      100.00
   247.816    4.96    32.0  0.1304E+03  0.2103E-05  0.1304E+03    50.0      100.00
   250.296    5.01    34.0  0.1532E+03  0.1262E-05  0.1532E+03    50.0      100.00
   252.777    5.06    36.0  0.1703E+03  0.6480E-06  0.1703E+03    50.0      100.00
   255.258    5.11    38.0  0.1816E+03  0.3339E-06  0.1816E+03    50.0      100.00
   257.739    5.15    40.0  0.1878E+03  0.1770E-06  0.1878E+03    50.0      100.00

     Querschnitte / mbarn

  E*/MeV   252Rf     253Rf     254Rf     255Rf     256Rf     257Rf     258Rf  
    10.0 0.000E+00 0.000E+00 0.000E+00 0.000E+00 0.000E+00 0.165E-07 0.182E-09
    12.0 0.000E+00 0.000E+00 0.000E+00 0.000E+00 0.000E+00 0.113E-05 0.000E+00
    14.0 0.000E+00 0.000E+00 0.000E+00 0.000E+00 0.000E+00 0.930E-05 0.000E+00
    16.0 0.000E+00 0.000E+00 0.000E+00 0.000E+00 0.440E-07 0.119E-04 0.000E+00
    18.0 0.000E+00 0.000E+00 0.000E+00 0.000E+00 0.231E-05 0.625E-05 0.000E+00
    20.0 0.000E+00 0.000E+00 0.000E+00 0.000E+00 0.125E-04 0.221E-05 0.000E+00
    22.0 0.000E+00 0.000E+00 0.000E+00 0.000E+00 0.129E-04 0.635E-06 0.000E+00
    24.0 0.000E+00 0.000E+00 0.000E+00 0.152E-08 0.655E-05 0.155E-06 0.000E+00
    26.0 0.000E+00 0.000E+00 0.000E+00 0.772E-07 0.236E-05 0.000E+00 0.000E+00
    28.0 0.000E+00 0.000E+00 0.000E+00 0.667E-06 0.703E-06 0.000E+00 0.000E+00
    30.0 0.000E+00 0.000E+00 0.413E-12 0.164E-05 0.185E-06 0.000E+00 0.000E+00
    32.0 0.000E+00 0.000E+00 0.110E-09 0.165E-05 0.446E-07 0.000E+00 0.000E+00
    34.0 0.000E+00 0.000E+00 0.291E-08 0.100E-05 0.906E-08 0.000E+00 0.000E+00
    36.0 0.000E+00 0.000E+00 0.189E-07 0.461E-06 0.000E+00 0.000E+00 0.000E+00
    38.0 0.000E+00 0.000E+00 0.435E-07 0.180E-06 0.000E+00 0.000E+00 0.000E+00
    40.0 0.000E+00 0.138E-12 0.504E-07 0.635E-07 0.000E+00 0.000E+00 0.000E+00

  E*/MeV   251Lr     252Lr     253Lr     254Lr     255Lr     256Lr     257Lr  
    10.0 0.000E+00 0.000E+00 0.000E+00 0.000E+00 0.000E+00 0.000E+00 0.490E-13
    12.0 0.000E+00 0.000E+00 0.000E+00 0.000E+00 0.000E+00 0.000E+00 0.174E-10
    14.0 0.000E+00 0.000E+00 0.000E+00 0.000E+00 0.000E+00 0.000E+00 0.170E-08
    16.0 0.000E+00 0.000E+00 0.000E+00 0.000E+00 0.000E+00 0.000E+00 0.322E-07
    18.0 0.000E+00 0.000E+00 0.000E+00 0.000E+00 0.000E+00 0.576E-11 0.127E-06
    20.0 0.000E+00 0.000E+00 0.000E+00 0.000E+00 0.000E+00 0.740E-09 0.172E-06
    22.0 0.000E+00 0.000E+00 0.000E+00 0.000E+00 0.000E+00 0.143E-07 0.112E-06
    24.0 0.000E+00 0.000E+00 0.000E+00 0.000E+00 0.280E-12 0.102E-06 0.462E-07
    26.0 0.000E+00 0.000E+00 0.000E+00 0.000E+00 0.527E-10 0.338E-06 0.148E-07
    28.0 0.000E+00 0.000E+00 0.000E+00 0.000E+00 0.125E-08 0.563E-06 0.401E-08
    30.0 0.000E+00 0.000E+00 0.000E+00 0.000E+00 0.103E-07 0.511E-06 0.964E-09
    32.0 0.000E+00 0.000E+00 0.000E+00 0.000E+00 0.392E-07 0.293E-06 0.153E-09
    34.0 0.000E+00 0.000E+00 0.000E+00 0.549E-12 0.796E-07 0.124E-06 0.000E+00
    36.0 0.000E+00 0.000E+00 0.000E+00 0.176E-10 0.955E-07 0.438E-07 0.000E+00
    38.0 0.000E+00 0.000E+00 0.000E+00 0.201E-09 0.761E-07 0.139E-07 0.000E+00
    40.0 0.000E+00 0.000E+00 0.000E+00 0.116E-08 0.453E-07 0.412E-08 0.000E+00

  E*/MeV   250No     251No     252No     253No     254No     255No     256No  
    10.0 0.000E+00 0.000E+00 0.000E+00 0.000E+00 0.265E-13 0.000E+00 0.000E+00
    12.0 0.000E+00 0.000E+00 0.000E+00 0.000E+00 0.735E-11 0.000E+00 0.000E+00
    14.0 0.000E+00 0.000E+00 0.000E+00 0.000E+00 0.405E-09 0.000E+00 0.000E+00
    16.0 0.000E+00 0.000E+00 0.000E+00 0.000E+00 0.580E-08 0.000E+00 0.000E+00
    18.0 0.000E+00 0.000E+00 0.000E+00 0.327E-11 0.243E-07 0.000E+00 0.935E-19
    20.0 0.000E+00 0.000E+00 0.000E+00 0.261E-09 0.397E-07 0.000E+00 0.446E-15
    22.0 0.000E+00 0.000E+00 0.000E+00 0.360E-08 0.281E-07 0.000E+00 0.253E-13
    24.0 0.000E+00 0.000E+00 0.447E-13 0.201E-07 0.116E-07 0.000E+00 0.450E-12
    26.0 0.000E+00 0.000E+00 0.854E-11 0.631E-07 0.367E-08 0.607E-18 0.344E-11
    28.0 0.000E+00 0.000E+00 0.179E-09 0.114E-06 0.989E-09 0.768E-15 0.133E-10
    30.0 0.000E+00 0.000E+00 0.131E-08 0.115E-06 0.224E-09 0.259E-13 0.287E-10
    32.0 0.000E+00 0.000E+00 0.510E-08 0.705E-07 0.000E+00 0.366E-12 0.374E-10
    34.0 0.000E+00 0.124E-12 0.122E-07 0.309E-07 0.000E+00 0.275E-11 0.321E-10
    36.0 0.000E+00 0.304E-11 0.180E-07 0.111E-07 0.000E+00 0.122E-10 0.199E-10
    38.0 0.000E+00 0.293E-10 0.169E-07 0.356E-08 0.000E+00 0.346E-10 0.968E-11
    40.0 0.000E+00 0.157E-09 0.112E-07 0.107E-08 0.000E+00 0.653E-10 0.400E-11

 Z-Verteilung  
 E*/MeV     No         Lr         Rf  
   10.0  0.265E-13 0.490E-13 0.166E-07
   12.0  0.735E-11 0.174E-10 0.113E-05
   14.0  0.405E-09 0.170E-08 0.930E-05
   16.0  0.580E-08 0.322E-07 0.119E-04
   18.0  0.243E-07 0.127E-06 0.856E-05
   20.0  0.399E-07 0.173E-06 0.148E-04
   22.0  0.317E-07 0.126E-06 0.136E-04
   24.0  0.318E-07 0.148E-06 0.671E-05
   26.0  0.668E-07 0.353E-06 0.244E-05
   28.0  0.115E-06 0.569E-06 0.137E-05
   30.0  0.117E-06 0.522E-06 0.183E-05
   32.0  0.756E-07 0.332E-06 0.170E-05
   34.0  0.431E-07 0.204E-06 0.102E-05
   36.0  0.291E-07 0.139E-06 0.480E-06
   38.0  0.205E-07 0.902E-07 0.223E-06
   40.0  0.125E-07 0.506E-07 0.114E-06

 Z und A Mittelwerte    
   E*/MeV     MW.Z  St.Abw.Z      MW.A  St.Abw.A
    10.0    104.00      0.00    257.01      0.10
    12.0    104.00      0.01    257.00      0.01
    14.0    104.00      0.02    257.00      0.02
    16.0    104.00      0.07    256.99      0.09
    18.0    103.98      0.16    256.73      0.46
    20.0    103.98      0.15    256.15      0.38
    22.0    103.99      0.14    256.05      0.25
    24.0    103.97      0.20    256.02      0.25
    26.0    103.83      0.43    255.91      0.48
    28.0    103.61      0.59    255.51      0.77
    30.0    103.69      0.55    255.19      0.66
    32.0    103.77      0.50    255.09      0.56
    34.0    103.77      0.50    255.03      0.54
    36.0    103.70      0.55    254.92      0.64
    38.0    103.61      0.60    254.74      0.78
    40.0    103.57      0.62    254.53      0.84

 HIVAP  CASOUT

   50Ti + 208Pb ---> 258Rf  23.2.2020 (A. Sitarcik)                     


     E_lab  A*MeV   E*/MeV     SI_fus      SI_VR     SI_Spalt  L_krit     b_Spalt

   260.219    5.20    42.0  0.1905E+03  0.9414E-07  0.1905E+03    50.0      100.00
   262.700    5.25    44.0  0.1909E+03  0.5280E-07  0.1909E+03    50.0      100.00
   265.181    5.30    46.0  0.1901E+03  0.3432E-07  0.1901E+03    50.0      100.00
   267.662    5.35    48.0  0.1887E+03  0.2543E-07  0.1887E+03    50.0      100.00
   270.142    5.40    50.0  0.1870E+03  0.1942E-07  0.1870E+03    50.0      100.00
   272.623    5.45    52.0  0.1853E+03  0.1451E-07  0.1853E+03    50.0      100.00
   275.104    5.50    54.0  0.1836E+03  0.1039E-07  0.1836E+03    50.0      100.00
   277.585    5.55    56.0  0.1820E+03  0.7172E-08  0.1820E+03    50.0      100.00
   280.066    5.60    58.0  0.1804E+03  0.4796E-08  0.1804E+03    50.0      100.00
   282.546    5.65    60.0  0.1788E+03  0.3106E-08  0.1788E+03    50.0      100.00

     Querschnitte / mbarn

  E*/MeV   252Rf     253Rf     254Rf     255Rf     256Rf     257Rf     258Rf  
    42.0 0.000E+00 0.750E-11 0.389E-07 0.212E-07 0.000E+00 0.000E+00 0.000E+00
    44.0 0.000E+00 0.111E-09 0.235E-07 0.682E-08 0.000E+00 0.000E+00 0.000E+00
    46.0 0.000E+00 0.644E-09 0.121E-07 0.213E-08 0.000E+00 0.000E+00 0.000E+00
    48.0 0.232E-14 0.182E-08 0.560E-08 0.535E-09 0.000E+00 0.000E+00 0.000E+00
    50.0 0.134E-12 0.300E-08 0.242E-08 0.000E+00 0.000E+00 0.000E+00 0.000E+00
    52.0 0.217E-11 0.341E-08 0.990E-09 0.000E+00 0.000E+00 0.000E+00 0.000E+00
    54.0 0.136E-10 0.301E-08 0.391E-09 0.000E+00 0.000E+00 0.000E+00 0.000E+00
    56.0 0.419E-10 0.221E-08 0.145E-09 0.000E+00 0.000E+00 0.000E+00 0.000E+00
    58.0 0.792E-10 0.143E-08 0.394E-10 0.000E+00 0.000E+00 0.000E+00 0.000E+00
    60.0 0.106E-09 0.844E-09 0.000E+00 0.000E+00 0.000E+00 0.000E+00 0.000E+00

  E*/MeV   251Lr     252Lr     253Lr     254Lr     255Lr     256Lr     257Lr  
    42.0 0.000E+00 0.000E+00 0.773E-13 0.394E-08 0.221E-07 0.118E-08 0.000E+00
    44.0 0.000E+00 0.000E+00 0.194E-11 0.853E-08 0.949E-08 0.325E-09 0.000E+00
    46.0 0.000E+00 0.000E+00 0.208E-10 0.124E-07 0.373E-08 0.708E-10 0.000E+00
    48.0 0.000E+00 0.000E+00 0.120E-09 0.131E-07 0.139E-08 0.000E+00 0.000E+00
    50.0 0.000E+00 0.000E+00 0.413E-09 0.108E-07 0.494E-09 0.000E+00 0.000E+00
    52.0 0.000E+00 0.111E-13 0.923E-09 0.736E-08 0.170E-09 0.000E+00 0.000E+00
    54.0 0.000E+00 0.189E-12 0.144E-08 0.438E-08 0.541E-10 0.000E+00 0.000E+00
    56.0 0.000E+00 0.170E-11 0.170E-08 0.236E-08 0.754E-11 0.000E+00 0.000E+00
    58.0 0.000E+00 0.936E-11 0.161E-08 0.118E-08 0.000E+00 0.000E+00 0.000E+00
    60.0 0.799E-15 0.341E-10 0.129E-08 0.555E-09 0.000E+00 0.000E+00 0.000E+00

  E*/MeV   250No     251No     252No     253No     254No     255No     256No  
    42.0 0.906E-14 0.546E-09 0.584E-08 0.309E-09 0.000E+00 0.861E-10 0.148E-11
    44.0 0.192E-12 0.129E-08 0.262E-08 0.830E-10 0.000E+00 0.840E-10 0.509E-12
    46.0 0.174E-11 0.208E-08 0.106E-08 0.765E-11 0.000E+00 0.642E-10 0.155E-12
    48.0 0.939E-11 0.240E-08 0.402E-09 0.000E+00 0.000E+00 0.406E-10 0.237E-13
    50.0 0.334E-10 0.211E-08 0.146E-09 0.000E+00 0.000E+00 0.223E-10 0.000E+00
    52.0 0.812E-10 0.152E-08 0.505E-10 0.000E+00 0.000E+00 0.110E-10 0.000E+00
    54.0 0.139E-09 0.940E-09 0.153E-10 0.000E+00 0.000E+00 0.503E-11 0.000E+00
    56.0 0.178E-09 0.521E-09 0.910E-12 0.000E+00 0.000E+00 0.217E-11 0.000E+00
    58.0 0.179E-09 0.267E-09 0.000E+00 0.000E+00 0.000E+00 0.892E-12 0.000E+00
    60.0 0.150E-09 0.128E-09 0.000E+00 0.000E+00 0.000E+00 0.332E-12 0.000E+00

 Z-Verteilung  
 E*/MeV     No         Lr         Rf  
   42.0  0.679E-08 0.273E-07 0.601E-07
   44.0  0.407E-08 0.183E-07 0.304E-07
   46.0  0.321E-08 0.163E-07 0.149E-07
   48.0  0.285E-08 0.146E-07 0.796E-08
   50.0  0.231E-08 0.117E-07 0.542E-08
   52.0  0.166E-08 0.845E-08 0.440E-08
   54.0  0.110E-08 0.588E-08 0.341E-08
   56.0  0.702E-09 0.407E-08 0.240E-08
   58.0  0.446E-09 0.280E-08 0.155E-08
   60.0  0.278E-09 0.188E-08 0.951E-09

 Z und A Mittelwerte    
   E*/MeV     MW.Z  St.Abw.Z      MW.A  St.Abw.A
    42.0    103.57      0.62    254.34      0.84
    44.0    103.50      0.64    254.15      0.86
    46.0    103.34      0.64    253.91      0.93
    48.0    103.20      0.62    253.68      0.99
    50.0    103.16      0.61    253.50      1.00
    52.0    103.19      0.62    253.37      0.98
    54.0    103.22      0.62    253.25      0.95
    56.0    103.24      0.61    253.13      0.93
    58.0    103.23      0.60    253.01      0.91
    60.0    103.22      0.59    252.91      0.90
                                                                        
           



 Ende HIVAP 
