E_lab	E*/MeV	196At	197At	198At	199At	200At	201At	202At	203At	204At	205At
184.366	44.0	0.000E+00	0.000E+00	0.000E+00	0.000E+00	0.000E+00	0.182E-14	0.397E-08	0.654E-08	0.129E-10	0.345E-15
185.638	45.0	0.000E+00	0.000E+00	0.000E+00	0.000E+00	0.000E+00	0.137E-12	0.171E-07	0.175E-07	0.235E-10	0.000E+00
186.909	46.0	0.000E+00	0.000E+00	0.000E+00	0.000E+00	0.000E+00	0.704E-10	0.309E-05	0.723E-05	0.375E-07	0.229E-10
188.181	47.0	0.000E+00	0.000E+00	0.000E+00	0.000E+00	0.000E+00	0.180E-08	0.176E-04	0.318E-04	0.156E-06	0.152E-09
189.452	48.0	0.000E+00	0.000E+00	0.000E+00	0.000E+00	0.000E+00	0.321E-07	0.732E-04	0.932E-04	0.375E-06	0.395E-09
190.724	49.0	0.000E+00	0.000E+00	0.000E+00	0.000E+00	0.000E+00	0.437E-06	0.283E-03	0.252E-03	0.797E-06	0.715E-09
191.996	50.0	0.000E+00	0.000E+00	0.000E+00	0.000E+00	0.000E+00	0.473E-05	0.104E-02	0.653E-03	0.159E-05	0.734E-09
193.267	51.0	0.000E+00	0.000E+00	0.000E+00	0.000E+00	0.000E+00	0.411E-04	0.359E-02	0.161E-02	0.306E-05	0.000E+00
194.539	52.0	0.000E+00	0.000E+00	0.000E+00	0.000E+00	0.000E+00	0.277E-03	0.111E-01	0.367E-02	0.560E-05	0.000E+00
195.810	53.0	0.000E+00	0.000E+00	0.000E+00	0.000E+00	0.000E+00	0.133E-02	0.281E-01	0.707E-02	0.920E-05	0.000E+00
197.082	54.0	0.000E+00	0.000E+00	0.000E+00	0.000E+00	0.000E+00	0.421E-02	0.523E-01	0.106E-01	0.127E-04	0.000E+00
198.354	55.0	0.000E+00	0.000E+00	0.000E+00	0.000E+00	0.000E+00	0.922E-02	0.725E-01	0.122E-01	0.145E-04	0.000E+00
199.625	56.0	0.000E+00	0.000E+00	0.000E+00	0.000E+00	0.000E+00	0.158E-01	0.820E-01	0.117E-01	0.140E-04	0.000E+00
200.897	57.0	0.000E+00	0.000E+00	0.000E+00	0.000E+00	0.549E-07	0.230E-01	0.817E-01	0.971E-02	0.119E-04	0.000E+00
202.168	58.0	0.000E+00	0.000E+00	0.000E+00	0.000E+00	0.361E-06	0.305E-01	0.754E-01	0.738E-02	0.905E-05	0.000E+00
203.440	59.0	0.000E+00	0.000E+00	0.000E+00	0.000E+00	0.180E-05	0.377E-01	0.661E-01	0.528E-02	0.628E-05	0.000E+00
204.712	60.0	0.000E+00	0.000E+00	0.000E+00	0.000E+00	0.713E-05	0.442E-01	0.559E-01	0.364E-02	0.404E-05	0.000E+00
205.983	61.0	0.000E+00	0.000E+00	0.000E+00	0.000E+00	0.233E-04	0.498E-01	0.460E-01	0.244E-02	0.245E-05	0.000E+00
207.255	62.0	0.000E+00	0.000E+00	0.000E+00	0.000E+00	0.641E-04	0.542E-01	0.369E-01	0.161E-02	0.143E-05	0.000E+00
208.526	63.0	0.000E+00	0.000E+00	0.000E+00	0.000E+00	0.152E-03	0.572E-01	0.291E-01	0.106E-02	0.806E-06	0.000E+00
209.798	64.0	0.000E+00	0.000E+00	0.000E+00	0.000E+00	0.317E-03	0.585E-01	0.225E-01	0.685E-03	0.433E-06	0.000E+00
211.070	65.0	0.000E+00	0.000E+00	0.000E+00	0.000E+00	0.592E-03	0.583E-01	0.171E-01	0.442E-03	0.217E-06	0.000E+00
212.341	66.0	0.000E+00	0.000E+00	0.000E+00	0.000E+00	0.100E-02	0.565E-01	0.128E-01	0.283E-03	0.944E-07	0.000E+00
213.613	67.0	0.000E+00	0.000E+00	0.000E+00	0.192E-07	0.156E-02	0.534E-01	0.947E-02	0.180E-03	0.000E+00	0.000E+00
214.884	68.0	0.000E+00	0.000E+00	0.000E+00	0.978E-07	0.226E-02	0.493E-01	0.692E-02	0.114E-03	0.000E+00	0.000E+00
216.156	69.0	0.000E+00	0.000E+00	0.000E+00	0.406E-06	0.309E-02	0.444E-01	0.500E-02	0.719E-04	0.000E+00	0.000E+00
217.428	70.0	0.000E+00	0.000E+00	0.000E+00	0.142E-05	0.400E-02	0.392E-01	0.357E-02	0.451E-04	0.000E+00	0.000E+00
218.699	71.0	0.000E+00	0.000E+00	0.000E+00	0.426E-05	0.495E-02	0.338E-01	0.253E-02	0.281E-04	0.000E+00	0.000E+00
219.971	72.0	0.000E+00	0.000E+00	0.000E+00	0.112E-04	0.590E-02	0.287E-01	0.178E-02	0.175E-04	0.000E+00	0.000E+00
221.242	73.0	0.000E+00	0.000E+00	0.000E+00	0.260E-04	0.679E-02	0.239E-01	0.124E-02	0.108E-04	0.000E+00	0.000E+00
222.514	74.0	0.000E+00	0.000E+00	0.000E+00	0.544E-04	0.758E-02	0.195E-01	0.862E-03	0.663E-05	0.000E+00	0.000E+00
223.786	75.0	0.000E+00	0.000E+00	0.000E+00	0.104E-03	0.821E-02	0.157E-01	0.593E-03	0.405E-05	0.000E+00	0.000E+00
225.057	76.0	0.000E+00	0.000E+00	0.000E+00	0.181E-03	0.866E-02	0.125E-01	0.406E-03	0.245E-05	0.000E+00	0.000E+00
226.329	77.0	0.000E+00	0.000E+00	0.000E+00	0.295E-03	0.891E-02	0.982E-02	0.276E-03	0.148E-05	0.000E+00	0.000E+00
227.601	78.0	0.000E+00	0.000E+00	0.000E+00	0.450E-03	0.894E-02	0.761E-02	0.187E-03	0.875E-06	0.000E+00	0.000E+00
228.872	79.0	0.000E+00	0.000E+00	0.130E-08	0.648E-03	0.876E-02	0.584E-02	0.126E-03	0.505E-06	0.000E+00	0.000E+00
230.144	80.0	0.000E+00	0.000E+00	0.551E-08	0.886E-03	0.841E-02	0.443E-02	0.843E-04	0.279E-06	0.000E+00	0.000E+00
231.415	81.0	0.000E+00	0.000E+00	0.200E-07	0.116E-02	0.790E-02	0.334E-02	0.563E-04	0.145E-06	0.000E+00	0.000E+00
232.687	82.0	0.000E+00	0.000E+00	0.634E-07	0.145E-02	0.727E-02	0.249E-02	0.374E-04	0.271E-07	0.000E+00	0.000E+00
233.959	83.0	0.000E+00	0.000E+00	0.177E-06	0.175E-02	0.657E-02	0.184E-02	0.247E-04	0.000E+00	0.000E+00	0.000E+00
235.230	84.0	0.000E+00	0.000E+00	0.442E-06	0.203E-02	0.584E-02	0.135E-02	0.162E-04	0.000E+00	0.000E+00	0.000E+00
236.502	85.0	0.000E+00	0.000E+00	0.100E-05	0.229E-02	0.511E-02	0.989E-03	0.106E-04	0.000E+00	0.000E+00	0.000E+00
237.773	86.0	0.000E+00	0.000E+00	0.207E-05	0.251E-02	0.440E-02	0.717E-03	0.694E-05	0.000E+00	0.000E+00	0.000E+00
239.045	87.0	0.000E+00	0.000E+00	0.395E-05	0.266E-02	0.373E-02	0.517E-03	0.451E-05	0.000E+00	0.000E+00	0.000E+00
240.317	88.0	0.000E+00	0.000E+00	0.702E-05	0.276E-02	0.313E-02	0.371E-03	0.291E-05	0.000E+00	0.000E+00	0.000E+00
241.588	89.0	0.000E+00	0.000E+00	0.117E-04	0.279E-02	0.259E-02	0.264E-03	0.187E-05	0.000E+00	0.000E+00	0.000E+00
242.860	90.0	0.000E+00	0.475E-09	0.185E-04	0.276E-02	0.212E-02	0.188E-03	0.119E-05	0.000E+00	0.000E+00	0.000E+00
