  E*/MeV   196Rn     197Rn     198Rn     199Rn     200Rn     201Rn     202Rn  
    20.0 0.000E+00 0.000E+00 0.000E+00 0.000E+00 0.661E-08 0.460E-05 0.196E-06
    22.0 0.000E+00 0.000E+00 0.000E+00 0.000E+00 0.734E-05 0.119E-03 0.148E-05
    24.0 0.000E+00 0.000E+00 0.000E+00 0.000E+00 0.618E-03 0.174E-02 0.833E-05
    26.0 0.000E+00 0.000E+00 0.000E+00 0.000E+00 0.957E-02 0.824E-02 0.206E-04
    28.0 0.000E+00 0.000E+00 0.000E+00 0.000E+00 0.532E-01 0.153E-01 0.208E-04
    30.0 0.000E+00 0.000E+00 0.000E+00 0.385E-05 0.173E+00 0.178E-01 0.135E-04
    32.0 0.000E+00 0.000E+00 0.000E+00 0.763E-03 0.352E+00 0.150E-01 0.640E-05
    34.0 0.000E+00 0.000E+00 0.000E+00 0.123E-01 0.488E+00 0.101E-01 0.189E-05
    36.0 0.000E+00 0.000E+00 0.000E+00 0.662E-01 0.497E+00 0.563E-02 0.000E+00
    38.0 0.000E+00 0.000E+00 0.000E+00 0.211E+00 0.398E+00 0.271E-02 0.000E+00
    40.0 0.000E+00 0.000E+00 0.181E-04 0.481E+00 0.264E+00 0.115E-02 0.000E+00
    42.0 0.000E+00 0.000E+00 0.112E-02 0.803E+00 0.150E+00 0.439E-03 0.000E+00
    44.0 0.000E+00 0.000E+00 0.131E-01 0.987E+00 0.745E-01 0.153E-03 0.000E+00
    46.0 0.000E+00 0.000E+00 0.628E-01 0.928E+00 0.333E-01 0.488E-04 0.000E+00
    48.0 0.000E+00 0.000E+00 0.176E+00 0.703E+00 0.136E-01 0.128E-04 0.000E+00
    50.0 0.000E+00 0.612E-07 0.324E+00 0.450E+00 0.518E-02 0.000E+00 0.000E+00
    52.0 0.000E+00 0.699E-05 0.419E+00 0.254E+00 0.188E-02 0.000E+00 0.000E+00
    54.0 0.000E+00 0.154E-03 0.413E+00 0.130E+00 0.653E-03 0.000E+00 0.000E+00
    56.0 0.000E+00 0.119E-02 0.333E+00 0.618E-01 0.221E-03 0.000E+00 0.000E+00
    58.0 0.000E+00 0.482E-02 0.231E+00 0.279E-01 0.730E-04 0.000E+00 0.000E+00
    60.0 0.000E+00 0.129E-01 0.144E+00 0.121E-01 0.230E-04 0.000E+00 0.000E+00
    62.0 0.323E-06 0.250E-01 0.826E-01 0.511E-02 0.637E-05 0.000E+00 0.000E+00
    64.0 0.820E-05 0.365E-01 0.445E-01 0.211E-02 0.000E+00 0.000E+00 0.000E+00
    66.0 0.804E-04 0.424E-01 0.228E-01 0.856E-03 0.000E+00 0.000E+00 0.000E+00
    68.0 0.413E-03 0.413E-01 0.112E-01 0.343E-03 0.000E+00 0.000E+00 0.000E+00
    70.0 0.131E-02 0.350E-01 0.537E-02 0.135E-03 0.000E+00 0.000E+00 0.000E+00
    
    
  E*/MeV   195At     196At     197At     198At     199At     200At     201At  
    20.0 0.000E+00 0.000E+00 0.000E+00 0.000E+00 0.000E+00 0.157E-07 0.346E-06
    22.0 0.000E+00 0.000E+00 0.000E+00 0.000E+00 0.000E+00 0.275E-05 0.923E-05
    24.0 0.000E+00 0.000E+00 0.000E+00 0.000E+00 0.000E+00 0.140E-03 0.163E-03
    26.0 0.000E+00 0.000E+00 0.000E+00 0.000E+00 0.177E-07 0.173E-02 0.107E-02
    28.0 0.000E+00 0.000E+00 0.000E+00 0.000E+00 0.923E-05 0.879E-02 0.303E-02
    30.0 0.000E+00 0.000E+00 0.000E+00 0.000E+00 0.440E-03 0.297E-01 0.562E-02
    32.0 0.000E+00 0.000E+00 0.000E+00 0.000E+00 0.617E-02 0.738E-01 0.761E-02
    34.0 0.000E+00 0.000E+00 0.000E+00 0.000E+00 0.389E-01 0.141E+00 0.809E-02
    36.0 0.000E+00 0.000E+00 0.000E+00 0.000E+00 0.144E+00 0.208E+00 0.705E-02
    38.0 0.000E+00 0.000E+00 0.000E+00 0.157E-04 0.366E+00 0.244E+00 0.515E-02
    40.0 0.000E+00 0.000E+00 0.000E+00 0.669E-03 0.721E+00 0.233E+00 0.322E-02
    42.0 0.000E+00 0.000E+00 0.000E+00 0.926E-02 0.117E+01 0.187E+00 0.176E-02
    44.0 0.000E+00 0.000E+00 0.000E+00 0.575E-01 0.161E+01 0.129E+00 0.855E-03
    46.0 0.000E+00 0.000E+00 0.379E-06 0.203E+00 0.189E+01 0.778E-01 0.374E-03
    48.0 0.000E+00 0.000E+00 0.283E-04 0.476E+00 0.189E+01 0.418E-01 0.149E-03
    50.0 0.000E+00 0.000E+00 0.599E-03 0.839E+00 0.162E+01 0.204E-01 0.550E-04
    52.0 0.000E+00 0.000E+00 0.587E-02 0.121E+01 0.122E+01 0.912E-02 0.188E-04
    54.0 0.000E+00 0.000E+00 0.319E-01 0.149E+01 0.811E+00 0.382E-02 0.595E-05
    56.0 0.000E+00 0.000E+00 0.110E+00 0.161E+01 0.492E+00 0.152E-02 0.163E-05
    58.0 0.000E+00 0.160E-06 0.265E+00 0.156E+01 0.276E+00 0.578E-03 0.198E-06
    60.0 0.000E+00 0.774E-05 0.494E+00 0.135E+01 0.146E+00 0.212E-03 0.000E+00
    62.0 0.000E+00 0.138E-03 0.759E+00 0.105E+01 0.732E-01 0.757E-04 0.000E+00
    64.0 0.000E+00 0.123E-02 0.101E+01 0.756E+00 0.353E-01 0.262E-04 0.000E+00
    66.0 0.000E+00 0.633E-02 0.118E+01 0.502E+00 0.165E-01 0.875E-05 0.000E+00
    68.0 0.000E+00 0.215E-01 0.125E+01 0.312E+00 0.748E-02 0.267E-05 0.000E+00
    70.0 0.110E-05 0.532E-01 0.120E+01 0.184E+00 0.331E-02 0.599E-06 0.000E+00
    

  E*/MeV   194Po     195Po     196Po     197Po     198Po     199Po     200Po  
    20.0 0.000E+00 0.000E+00 0.000E+00 0.715E-09 0.507E-07 0.000E+00 0.195E-08
    22.0 0.000E+00 0.000E+00 0.000E+00 0.143E-06 0.177E-05 0.000E+00 0.168E-06
    24.0 0.000E+00 0.000E+00 0.000E+00 0.998E-05 0.432E-04 0.180E-09 0.711E-05
    26.0 0.000E+00 0.000E+00 0.000E+00 0.188E-03 0.390E-03 0.930E-07 0.923E-04
    28.0 0.000E+00 0.000E+00 0.492E-06 0.141E-02 0.149E-02 0.560E-05 0.517E-03
    30.0 0.000E+00 0.000E+00 0.253E-04 0.657E-02 0.360E-02 0.111E-03 0.192E-02
    32.0 0.000E+00 0.000E+00 0.400E-03 0.216E-01 0.624E-02 0.993E-03 0.525E-02
    34.0 0.000E+00 0.000E+00 0.354E-02 0.543E-01 0.839E-02 0.509E-02 0.113E-01
    36.0 0.000E+00 0.000E+00 0.200E-01 0.107E+00 0.909E-02 0.173E-01 0.194E-01
    38.0 0.000E+00 0.930E-06 0.756E-01 0.167E+00 0.836E-02 0.434E-01 0.272E-01
    40.0 0.000E+00 0.464E-04 0.204E+00 0.207E+00 0.865E-02 0.866E-01 0.320E-01
    42.0 0.000E+00 0.658E-03 0.421E+00 0.209E+00 0.191E-01 0.143E+00 0.322E-01
    44.0 0.000E+00 0.510E-02 0.709E+00 0.177E+00 0.577E-01 0.200E+00 0.282E-01
    46.0 0.000E+00 0.259E-01 0.101E+01 0.128E+00 0.150E+00 0.238E+00 0.219E-01
    48.0 0.936E-06 0.903E-01 0.123E+01 0.817E-01 0.303E+00 0.243E+00 0.152E-01
    50.0 0.302E-04 0.226E+00 0.131E+01 0.487E-01 0.488E+00 0.216E+00 0.961E-02
    52.0 0.396E-03 0.436E+00 0.121E+01 0.383E-01 0.669E+00 0.170E+00 0.554E-02
    54.0 0.303E-02 0.687E+00 0.979E+00 0.635E-01 0.810E+00 0.121E+00 0.295E-02
    56.0 0.154E-01 0.925E+00 0.709E+00 0.139E+00 0.885E+00 0.791E-01 0.147E-02
    58.0 0.551E-01 0.110E+01 0.467E+00 0.270E+00 0.885E+00 0.479E-01 0.696E-03
    60.0 0.145E+00 0.116E+01 0.285E+00 0.445E+00 0.816E+00 0.272E-01 0.314E-03
    62.0 0.299E+00 0.110E+01 0.169E+00 0.637E+00 0.698E+00 0.147E-01 0.136E-03
    64.0 0.505E+00 0.941E+00 0.111E+00 0.732E+00 0.664E+00 0.755E-02 0.571E-04
    66.0 0.729E+00 0.734E+00 0.114E+00 0.882E+00 0.514E+00 0.374E-02 0.233E-04
    68.0 0.928E+00 0.527E+00 0.181E+00 0.975E+00 0.375E+00 0.179E-02 0.930E-05
    70.0 0.106E+01 0.353E+00 0.314E+00 0.994E+00 0.258E+00 0.832E-03 0.361E-05
